       1   -0.036948
       2   -0.036948
       3   -0.035872
       4   -0.035872
       5   -0.034358
       6   -0.034358
       7   -0.032534
       8   -0.032534
       9   -0.030342
      10   -0.030342
      11   -0.029011
      12   -0.029011
      13   -0.028857
      14   -0.028857
      15   -0.029220
      16   -0.029220
      17   -0.029662
      18   -0.029662
      19   -0.029836
      20   -0.029836
      21   -0.029737
      22   -0.029737
      23   -0.029542
      24   -0.029542
      25   -0.029345
      26   -0.029345
      27   -0.029206
      28   -0.029206
      29   -0.029146
      30   -0.029146
      31   -0.029133
      32   -0.029133
      33   -0.029115
      34   -0.029115
      35   -0.029088
      36   -0.029088
      37   -0.029078
      38   -0.029078
      39   -0.029086
      40   -0.029086
      41   -0.029096
      42   -0.029096
      43   -0.029113
      44   -0.029113
      45   -0.029130
      46   -0.029130
      47   -0.029102
      48   -0.029102
      49   -0.029027
      50   -0.029027
      51   -0.028949
      52   -0.028949
      53   -0.028892
      54   -0.028892
      55   -0.028841
      56   -0.028841
      57   -0.028771
      58   -0.028771
      59   -0.028687
      60   -0.028687
      61   -0.028618
      62   -0.028618
      63   -0.028566
      64   -0.028566
      65   -0.028520
      66   -0.028520
      67   -0.028478
      68   -0.028478
      69   -0.028424
      70   -0.028424
      71   -0.028346
      72   -0.028346
      73   -0.028255
      74   -0.028255
      75   -0.028162
      76   -0.028162
      77   -0.028060
      78   -0.028060
      79   -0.027946
      80   -0.027946
      81   -0.027811
      82   -0.027811
      83   -0.027664
      84   -0.027664
      85   -0.027523
      86   -0.027523
      87   -0.027388
      88   -0.027388
      89   -0.027267
      90   -0.027267
      91   -0.027143
      92   -0.027143
      93   -0.026994
      94   -0.026994
      95   -0.026833
      96   -0.026833
      97   -0.026652
      98   -0.026652
      99   -0.026423
     100   -0.026423
     101   -0.026160
     102   -0.026160
     103   -0.025900
     104   -0.025900
     105   -0.025681
     106   -0.025681
     107   -0.025481
     108   -0.025481
     109   -0.025205
     110   -0.025205
     111   -0.024811
     112   -0.024811
     113   -0.024344
     114   -0.024344
     115   -0.023885
     116   -0.023885
     117   -0.023451
     118   -0.023451
     119   -0.023237
     120   -0.023237
     121   -0.023409
     122   -0.023409
     123   -0.023751
     124   -0.023751
     125   -0.024090
     126   -0.024090
     127   -0.024367
     128   -0.024367
     129   -0.024584
     130   -0.024584
     131   -0.024744
     132   -0.024744
     133   -0.024790
     134   -0.024790
     135   -0.024775
     136   -0.024775
     137   -0.024778
     138   -0.024778
     139   -0.024764
     140   -0.024764
     141   -0.024680
     142   -0.024680
     143   -0.024556
     144   -0.024556
     145   -0.024419
     146   -0.024419
     147   -0.024295
     148   -0.024295
     149   -0.024131
     150   -0.024131
     151   -0.023838
     152   -0.023838
     153   -0.023514
     154   -0.023514
     155   -0.023283
     156   -0.023283
     157   -0.023048
     158   -0.023048
     159   -0.022742
     160   -0.022742
     161   -0.022378
     162   -0.022378
     163   -0.021773
     164   -0.021773
     165   -0.020985
     166   -0.020985
     167   -0.020391
     168   -0.020391
     169   -0.019888
     170   -0.019888
     171   -0.019168
     172   -0.019168
     173   -0.018034
     174   -0.018034
     175   -0.016373
     176   -0.016373
     177   -0.014485
     178   -0.014485
     179   -0.012721
     180   -0.012721
     181   -0.010942
     182   -0.010942
     183   -0.008954
     184   -0.008954
     185   -0.006604
     186   -0.006604
     187   -0.003816
     188   -0.003816
     189   -0.000199
     190   -0.000199
     191    0.004316
     192    0.004316
     193    0.011475
     194    0.011475
     195    0.024069
     196    0.024069
     197    0.036563
     198    0.036563
     199   -0.105104
     200   -0.105104
     201   -0.102555
     202   -0.102555
     203   -0.099037
     204   -0.099037
     205   -0.094798
     206   -0.094798
     207   -0.089716
     208   -0.089716
     209   -0.086723
     210   -0.086723
     211   -0.086475
     212   -0.086475
     213   -0.087307
     214   -0.087307
     215   -0.088193
     216   -0.088193
     217   -0.088375
     218   -0.088375
     219   -0.087904
     220   -0.087904
     221   -0.087239
     222   -0.087239
     223   -0.086611
     224   -0.086611
     225   -0.086177
     226   -0.086177
     227   -0.085986
     228   -0.085986
     229   -0.085936
     230   -0.085936
     231   -0.085882
     232   -0.085882
     233   -0.085808
     234   -0.085808
     235   -0.085773
     236   -0.085773
     237   -0.085784
     238   -0.085784
     239   -0.085801
     240   -0.085801
     241   -0.085830
     242   -0.085830
     243   -0.085856
     244   -0.085856
     245   -0.085783
     246   -0.085783
     247   -0.085597
     248   -0.085597
     249   -0.085396
     250   -0.085396
     251   -0.085236
     252   -0.085236
     253   -0.085085
     254   -0.085085
     255   -0.084887
     256   -0.084887
     257   -0.084661
     258   -0.084661
     259   -0.084476
     260   -0.084476
     261   -0.084329
     262   -0.084329
     263   -0.084190
     264   -0.084190
     265   -0.084055
     266   -0.084055
     267   -0.083897
     268   -0.083897
     269   -0.083682
     270   -0.083682
     271   -0.083434
     272   -0.083434
     273   -0.083180
     274   -0.083180
     275   -0.082903
     276   -0.082903
     277   -0.082569
     278   -0.082569
     279   -0.082166
     280   -0.082166
     281   -0.081749
     282   -0.081749
     283   -0.081359
     284   -0.081359
     285   -0.080969
     286   -0.080969
     287   -0.080593
     288   -0.080593
     289   -0.080231
     290   -0.080231
     291   -0.079826
     292   -0.079826
     293   -0.079358
     294   -0.079358
     295   -0.078803
     296   -0.078803
     297   -0.078149
     298   -0.078149
     299   -0.077468
     300   -0.077468
     301   -0.076818
     302   -0.076818
     303   -0.076221
     304   -0.076221
     305   -0.075606
     306   -0.075606
     307   -0.074817
     308   -0.074817
     309   -0.073781
     310   -0.073781
     311   -0.072594
     312   -0.072594
     313   -0.071395
     314   -0.071395
     315   -0.070159
     316   -0.070159
     317   -0.069456
     318   -0.069456
     319   -0.069838
     320   -0.069838
     321   -0.070788
     322   -0.070788
     323   -0.071751
     324   -0.071751
     325   -0.072512
     326   -0.072512
     327   -0.073082
     328   -0.073082
     329   -0.073520
     330   -0.073520
     331   -0.073772
     332   -0.073772
     333   -0.073842
     334   -0.073842
     335   -0.073817
     336   -0.073817
     337   -0.073791
     338   -0.073791
     339   -0.073697
     340   -0.073697
     341   -0.073396
     342   -0.073396
     343   -0.072938
     344   -0.072938
     345   -0.072565
     346   -0.072565
     347   -0.072159
     348   -0.072159
     349   -0.071352
     350   -0.071352
     351   -0.070378
     352   -0.070378
     353   -0.069718
     354   -0.069718
     355   -0.069155
     356   -0.069155
     357   -0.068290
     358   -0.068290
     359   -0.067103
     360   -0.067103
     361   -0.065445
     362   -0.065445
     363   -0.063510
     364   -0.063510
     365   -0.061889
     366   -0.061889
     367   -0.060300
     368   -0.060300
     369   -0.058238
     370   -0.058238
     371   -0.055238
     372   -0.055238
     373   -0.050726
     374   -0.050726
     375   -0.045392
     376   -0.045392
     377   -0.040532
     378   -0.040532
     379   -0.036005
     380   -0.036005
     381   -0.031086
     382   -0.031086
     383   -0.025270
     384   -0.025270
     385   -0.018484
     386   -0.018484
     387   -0.009881
     388   -0.009881
     389    0.000936
     390    0.000936
     391    0.017167
     392    0.017167
     393    0.043474
     394    0.043474
     395    0.068564
     396    0.068564
     397   -0.163561
     398   -0.163561
     399   -0.160481
     400   -0.160481
     401   -0.156520
     402   -0.156520
     403   -0.152629
     404   -0.152629
     405   -0.148529
     406   -0.148529
     407   -0.146386
     408   -0.146386
     409   -0.146564
     410   -0.146564
     411   -0.147252
     412   -0.147252
     413   -0.147457
     414   -0.147457
     415   -0.146818
     416   -0.146818
     417   -0.145576
     418   -0.145576
     419   -0.144252
     420   -0.144252
     421   -0.143109
     422   -0.143109
     423   -0.142365
     424   -0.142365
     425   -0.142056
     426   -0.142056
     427   -0.141958
     428   -0.141958
     429   -0.141867
     430   -0.141867
     431   -0.141756
     432   -0.141756
     433   -0.141689
     434   -0.141689
     435   -0.141672
     436   -0.141672
     437   -0.141658
     438   -0.141658
     439   -0.141648
     440   -0.141648
     441   -0.141633
     442   -0.141633
     443   -0.141521
     444   -0.141521
     445   -0.141289
     446   -0.141289
     447   -0.141033
     448   -0.141033
     449   -0.140811
     450   -0.140811
     451   -0.140569
     452   -0.140569
     453   -0.140255
     454   -0.140255
     455   -0.139933
     456   -0.139933
     457   -0.139678
     458   -0.139678
     459   -0.139447
     460   -0.139447
     461   -0.139191
     462   -0.139191
     463   -0.138946
     464   -0.138946
     465   -0.138702
     466   -0.138702
     467   -0.138382
     468   -0.138382
     469   -0.137993
     470   -0.137993
     471   -0.137612
     472   -0.137612
     473   -0.137219
     474   -0.137219
     475   -0.136664
     476   -0.136664
     477   -0.135958
     478   -0.135958
     479   -0.135319
     480   -0.135319
     481   -0.134778
     482   -0.134778
     483   -0.134147
     484   -0.134147
     485   -0.133442
     486   -0.133442
     487   -0.132822
     488   -0.132822
     489   -0.132233
     490   -0.132233
     491   -0.131478
     492   -0.131478
     493   -0.130523
     494   -0.130523
     495   -0.129539
     496   -0.129539
     497   -0.128657
     498   -0.128657
     499   -0.127776
     500   -0.127776
     501   -0.126802
     502   -0.126802
     503   -0.125773
     504   -0.125773
     505   -0.124634
     506   -0.124634
     507   -0.123249
     508   -0.123249
     509   -0.121685
     510   -0.121685
     511   -0.120040
     512   -0.120040
     513   -0.118244
     514   -0.118244
     515   -0.116973
     516   -0.116973
     517   -0.117121
     518   -0.117121
     519   -0.118396
     520   -0.118396
     521   -0.119886
     522   -0.119886
     523   -0.120931
     524   -0.120931
     525   -0.121571
     526   -0.121571
     527   -0.122244
     528   -0.122244
     529   -0.122956
     530   -0.122956
     531   -0.123211
     532   -0.123211
     533   -0.122995
     534   -0.122995
     535   -0.123003
     536   -0.123003
     537   -0.123231
     538   -0.123231
     539   -0.122848
     540   -0.122848
     541   -0.121876
     542   -0.121876
     543   -0.121245
     544   -0.121245
     545   -0.120844
     546   -0.120844
     547   -0.119606
     548   -0.119606
     549   -0.117785
     550   -0.117785
     551   -0.116676
     552   -0.116676
     553   -0.116060
     554   -0.116060
     555   -0.114562
     556   -0.114562
     557   -0.112090
     558   -0.112090
     559   -0.109554
     560   -0.109554
     561   -0.107289
     562   -0.107289
     563   -0.104842
     564   -0.104842
     565   -0.101791
     566   -0.101791
     567   -0.098521
     568   -0.098521
     569   -0.094418
     570   -0.094418
     571   -0.087653
     572   -0.087653
     573   -0.079094
     574   -0.079094
     575   -0.071845
     576   -0.071845
     577   -0.066189
     578   -0.066189
     579   -0.060269
     580   -0.060269
     581   -0.053278
     582   -0.053278
     583   -0.045371
     584   -0.045371
     585   -0.035329
     586   -0.035329
     587   -0.020913
     588   -0.020913
     589   -0.000883
     590   -0.000883
     591    0.023772
     592    0.023772
     593    0.044517
     594    0.044517
     595   -0.217688
     596   -0.217688
     597   -0.214211
     598   -0.214211
     599   -0.210042
     600   -0.210042
     601   -0.207533
     602   -0.207533
     603   -0.206133
     604   -0.206133
     605   -0.205764
     606   -0.205764
     607   -0.206276
     608   -0.206276
     609   -0.206311
     610   -0.206311
     611   -0.205239
     612   -0.205239
     613   -0.203486
     614   -0.203486
     615   -0.201515
     616   -0.201515
     617   -0.199752
     618   -0.199752
     619   -0.198373
     620   -0.198373
     621   -0.197536
     622   -0.197536
     623   -0.197223
     624   -0.197223
     625   -0.197125
     626   -0.197125
     627   -0.197016
     628   -0.197016
     629   -0.196876
     630   -0.196876
     631   -0.196783
     632   -0.196783
     633   -0.196735
     634   -0.196735
     635   -0.196655
     636   -0.196655
     637   -0.196548
     638   -0.196548
     639   -0.196452
     640   -0.196452
     641   -0.196307
     642   -0.196307
     643   -0.196058
     644   -0.196058
     645   -0.195780
     646   -0.195780
     647   -0.195534
     648   -0.195534
     649   -0.195233
     650   -0.195233
     651   -0.194819
     652   -0.194819
     653   -0.194409
     654   -0.194409
     655   -0.194103
     656   -0.194103
     657   -0.193798
     658   -0.193798
     659   -0.193410
     660   -0.193410
     661   -0.193037
     662   -0.193037
     663   -0.192718
     664   -0.192718
     665   -0.192317
     666   -0.192317
     667   -0.191781
     668   -0.191781
     669   -0.191270
     670   -0.191270
     671   -0.190788
     672   -0.190788
     673   -0.190051
     674   -0.190051
     675   -0.189063
     676   -0.189063
     677   -0.188229
     678   -0.188229
     679   -0.187599
     680   -0.187599
     681   -0.186769
     682   -0.186769
     683   -0.185699
     684   -0.185699
     685   -0.184770
     686   -0.184770
     687   -0.183997
     688   -0.183997
     689   -0.182999
     690   -0.182999
     691   -0.181720
     692   -0.181720
     693   -0.180531
     694   -0.180531
     695   -0.179549
     696   -0.179549
     697   -0.178426
     698   -0.178426
     699   -0.177029
     700   -0.177029
     701   -0.175666
     702   -0.175666
     703   -0.174359
     704   -0.174359
     705   -0.172772
     706   -0.172772
     707   -0.170895
     708   -0.170895
     709   -0.168929
     710   -0.168929
     711   -0.166917
     712   -0.166917
     713   -0.165266
     714   -0.165266
     715   -0.164914
     716   -0.164914
     717   -0.166154
     718   -0.166154
     719   -0.167970
     720   -0.167970
     721   -0.169151
     722   -0.169151
     723   -0.169723
     724   -0.169723
     725   -0.170622
     726   -0.170622
     727   -0.171794
     728   -0.171794
     729   -0.172106
     730   -0.172106
     731   -0.171624
     732   -0.171624
     733   -0.171693
     734   -0.171693
     735   -0.172259
     736   -0.172259
     737   -0.171765
     738   -0.171765
     739   -0.170238
     740   -0.170238
     741   -0.169357
     742   -0.169357
     743   -0.169020
     744   -0.169020
     745   -0.167389
     746   -0.167389
     747   -0.164663
     748   -0.164663
     749   -0.162979
     750   -0.162979
     751   -0.162195
     752   -0.162195
     753   -0.159901
     754   -0.159901
     755   -0.155979
     756   -0.155979
     757   -0.152636
     758   -0.152636
     759   -0.150255
     760   -0.150255
     761   -0.146983
     762   -0.146983
     763   -0.142331
     764   -0.142331
     765   -0.137925
     766   -0.137925
     767   -0.133017
     768   -0.133017
     769   -0.124416
     770   -0.124416
     771   -0.113156
     772   -0.113156
     773   -0.104189
     774   -0.104189
     775   -0.098274
     776   -0.098274
     777   -0.092358
     778   -0.092358
     779   -0.085730
     780   -0.085730
     781   -0.078714
     782   -0.078714
     783   -0.069342
     784   -0.069342
     785   -0.052914
     786   -0.052914
     787   -0.030777
     788   -0.030777
     789   -0.010973
     790   -0.010973
     791    0.003056
     792    0.003056
     793   -0.273483
     794   -0.273483
     795   -0.269477
     796   -0.269477
     797   -0.264415
     798   -0.264415
     799   -0.261119
     800   -0.261119
     801   -0.259091
     802   -0.259091
     803   -0.257989
     804   -0.257989
     805   -0.257657
     806   -0.257657
     807   -0.256878
     808   -0.256878
     809   -0.255173
     810   -0.255173
     811   -0.253181
     812   -0.253181
     813   -0.251402
     814   -0.251402
     815   -0.250190
     816   -0.250190
     817   -0.249542
     818   -0.249542
     819   -0.249219
     820   -0.249219
     821   -0.249088
     822   -0.249088
     823   -0.249029
     824   -0.249029
     825   -0.248938
     826   -0.248938
     827   -0.248809
     828   -0.248809
     829   -0.248700
     830   -0.248700
     831   -0.248606
     832   -0.248606
     833   -0.248454
     834   -0.248454
     835   -0.248249
     836   -0.248249
     837   -0.248063
     838   -0.248063
     839   -0.247869
     840   -0.247869
     841   -0.247604
     842   -0.247604
     843   -0.247315
     844   -0.247315
     845   -0.247034
     846   -0.247034
     847   -0.246673
     848   -0.246673
     849   -0.246189
     850   -0.246189
     851   -0.245711
     852   -0.245711
     853   -0.245322
     854   -0.245322
     855   -0.244920
     856   -0.244920
     857   -0.244425
     858   -0.244425
     859   -0.243939
     860   -0.243939
     861   -0.243516
     862   -0.243516
     863   -0.243015
     864   -0.243015
     865   -0.242367
     866   -0.242367
     867   -0.241729
     868   -0.241729
     869   -0.241123
     870   -0.241123
     871   -0.240286
     872   -0.240286
     873   -0.239203
     874   -0.239203
     875   -0.238241
     876   -0.238241
     877   -0.237463
     878   -0.237463
     879   -0.236473
     880   -0.236473
     881   -0.235190
     882   -0.235190
     883   -0.234006
     884   -0.234006
     885   -0.232989
     886   -0.232989
     887   -0.231789
     888   -0.231789
     889   -0.230362
     890   -0.230362
     891   -0.229054
     892   -0.229054
     893   -0.227899
     894   -0.227899
     895   -0.226488
     896   -0.226488
     897   -0.224777
     898   -0.224777
     899   -0.223161
     900   -0.223161
     901   -0.221619
     902   -0.221619
     903   -0.219718
     904   -0.219718
     905   -0.217427
     906   -0.217427
     907   -0.215114
     908   -0.215114
     909   -0.212987
     910   -0.212987
     911   -0.211280
     912   -0.211280
     913   -0.210753
     914   -0.210753
     915   -0.211826
     916   -0.211826
     917   -0.213614
     918   -0.213614
     919   -0.214928
     920   -0.214928
     921   -0.215730
     922   -0.215730
     923   -0.216791
     924   -0.216791
     925   -0.217943
     926   -0.217943
     927   -0.218152
     928   -0.218152
     929   -0.217645
     930   -0.217645
     931   -0.217681
     932   -0.217681
     933   -0.218063
     934   -0.218063
     935   -0.217389
     936   -0.217389
     937   -0.215767
     938   -0.215767
     939   -0.214673
     940   -0.214673
     941   -0.213985
     942   -0.213985
     943   -0.212087
     944   -0.212087
     945   -0.209112
     946   -0.209112
     947   -0.206874
     948   -0.206874
     949   -0.205303
     950   -0.205303
     951   -0.202317
     952   -0.202317
     953   -0.197823
     954   -0.197823
     955   -0.193908
     956   -0.193908
     957   -0.190842
     958   -0.190842
     959   -0.186667
     960   -0.186667
     961   -0.180996
     962   -0.180996
     963   -0.175505
     964   -0.175505
     965   -0.169477
     966   -0.169477
     967   -0.159906
     968   -0.159906
     969   -0.147775
     970   -0.147775
     971   -0.137789
     972   -0.137789
     973   -0.130773
     974   -0.130773
     975   -0.123888
     976   -0.123888
     977   -0.117534
     978   -0.117534
     979   -0.111557
     980   -0.111557
     981   -0.102486
     982   -0.102486
     983   -0.086601
     984   -0.086601
     985   -0.065958
     986   -0.065958
     987   -0.048366
     988   -0.048366
     989   -0.035978
     990   -0.035978
     991   -0.334425
     992   -0.334425
     993   -0.330397
     994   -0.330397
     995   -0.324798
     996   -0.324798
     997   -0.319513
     998   -0.319513
     999   -0.314434
    1000   -0.314434
    1001   -0.310914
    1002   -0.310914
    1003   -0.309157
    1004   -0.309157
    1005   -0.307643
    1006   -0.307643
    1007   -0.305901
    1008   -0.305901
    1009   -0.304405
    1010   -0.304405
    1011   -0.303495
    1012   -0.303495
    1013   -0.303395
    1014   -0.303395
    1015   -0.303913
    1016   -0.303913
    1017   -0.304351
    1018   -0.304351
    1019   -0.304424
    1020   -0.304424
    1021   -0.304320
    1022   -0.304320
    1023   -0.304194
    1024   -0.304194
    1025   -0.304081
    1026   -0.304081
    1027   -0.303918
    1028   -0.303918
    1029   -0.303690
    1030   -0.303690
    1031   -0.303455
    1032   -0.303455
    1033   -0.303224
    1034   -0.303224
    1035   -0.302967
    1036   -0.302967
    1037   -0.302675
    1038   -0.302675
    1039   -0.302391
    1040   -0.302391
    1041   -0.302114
    1042   -0.302114
    1043   -0.301758
    1044   -0.301758
    1045   -0.301279
    1046   -0.301279
    1047   -0.300752
    1048   -0.300752
    1049   -0.300258
    1050   -0.300258
    1051   -0.299755
    1052   -0.299755
    1053   -0.299180
    1054   -0.299180
    1055   -0.298584
    1056   -0.298584
    1057   -0.298030
    1058   -0.298030
    1059   -0.297461
    1060   -0.297461
    1061   -0.296790
    1062   -0.296790
    1063   -0.296052
    1064   -0.296052
    1065   -0.295336
    1066   -0.295336
    1067   -0.294574
    1068   -0.294574
    1069   -0.293639
    1070   -0.293639
    1071   -0.292595
    1072   -0.292595
    1073   -0.291594
    1074   -0.291594
    1075   -0.290598
    1076   -0.290598
    1077   -0.289419
    1078   -0.289419
    1079   -0.288075
    1080   -0.288075
    1081   -0.286790
    1082   -0.286790
    1083   -0.285547
    1084   -0.285547
    1085   -0.284141
    1086   -0.284141
    1087   -0.282632
    1088   -0.282632
    1089   -0.281219
    1090   -0.281219
    1091   -0.279804
    1092   -0.279804
    1093   -0.278109
    1094   -0.278109
    1095   -0.276197
    1096   -0.276197
    1097   -0.274300
    1098   -0.274300
    1099   -0.272323
    1100   -0.272323
    1101   -0.269979
    1102   -0.269979
    1103   -0.267280
    1104   -0.267280
    1105   -0.264567
    1106   -0.264567
    1107   -0.262096
    1108   -0.262096
    1109   -0.260240
    1110   -0.260240
    1111   -0.259687
    1112   -0.259687
    1113   -0.260569
    1114   -0.260569
    1115   -0.262072
    1116   -0.262072
    1117   -0.263411
    1118   -0.263411
    1119   -0.264482
    1120   -0.264482
    1121   -0.265456
    1122   -0.265456
    1123   -0.266181
    1124   -0.266181
    1125   -0.266288
    1126   -0.266288
    1127   -0.265994
    1128   -0.265994
    1129   -0.265857
    1130   -0.265857
    1131   -0.265682
    1132   -0.265682
    1133   -0.264842
    1134   -0.264842
    1135   -0.263474
    1136   -0.263474
    1137   -0.262202
    1138   -0.262202
    1139   -0.260898
    1140   -0.260898
    1141   -0.258882
    1142   -0.258882
    1143   -0.256226
    1144   -0.256226
    1145   -0.253637
    1146   -0.253637
    1147   -0.251047
    1148   -0.251047
    1149   -0.247593
    1150   -0.247593
    1151   -0.243255
    1152   -0.243255
    1153   -0.239008
    1154   -0.239008
    1155   -0.234914
    1156   -0.234914
    1157   -0.229864
    1158   -0.229864
    1159   -0.223659
    1160   -0.223659
    1161   -0.217174
    1162   -0.217174
    1163   -0.209944
    1164   -0.209944
    1165   -0.200270
    1166   -0.200270
    1167   -0.188779
    1168   -0.188779
    1169   -0.178213
    1170   -0.178213
    1171   -0.169076
    1172   -0.169076
    1173   -0.159731
    1174   -0.159731
    1175   -0.151911
    1176   -0.151911
    1177   -0.144817
    1178   -0.144817
    1179   -0.133627
    1180   -0.133627
    1181   -0.118144
    1182   -0.118144
    1183   -0.099661
    1184   -0.099661
    1185   -0.080701
    1186   -0.080701
    1187   -0.065820
    1188   -0.065820
    1189   -0.402472
    1190   -0.402472
    1191   -0.399287
    1192   -0.399287
    1193   -0.394770
    1194   -0.394770
    1195   -0.390026
    1196   -0.390026
    1197   -0.385107
    1198   -0.385107
    1199   -0.381580
    1200   -0.381580
    1201   -0.379551
    1202   -0.379551
    1203   -0.377585
    1204   -0.377585
    1205   -0.375527
    1206   -0.375527
    1207   -0.374189
    1208   -0.374189
    1209   -0.373791
    1210   -0.373791
    1211   -0.374055
    1212   -0.374055
    1213   -0.374667
    1214   -0.374667
    1215   -0.375109
    1216   -0.375109
    1217   -0.375121
    1218   -0.375121
    1219   -0.374859
    1220   -0.374859
    1221   -0.374567
    1222   -0.374567
    1223   -0.374344
    1224   -0.374344
    1225   -0.374071
    1226   -0.374071
    1227   -0.373687
    1228   -0.373687
    1229   -0.373324
    1230   -0.373324
    1231   -0.373050
    1232   -0.373050
    1233   -0.372754
    1234   -0.372754
    1235   -0.372398
    1236   -0.372398
    1237   -0.372076
    1238   -0.372076
    1239   -0.371759
    1240   -0.371759
    1241   -0.371305
    1242   -0.371305
    1243   -0.370719
    1244   -0.370719
    1245   -0.370146
    1246   -0.370146
    1247   -0.369612
    1248   -0.369612
    1249   -0.368982
    1250   -0.368982
    1251   -0.368229
    1252   -0.368229
    1253   -0.367499
    1254   -0.367499
    1255   -0.366839
    1256   -0.366839
    1257   -0.366115
    1258   -0.366115
    1259   -0.365267
    1260   -0.365267
    1261   -0.364411
    1262   -0.364411
    1263   -0.363594
    1264   -0.363594
    1265   -0.362681
    1266   -0.362681
    1267   -0.361615
    1268   -0.361615
    1269   -0.360513
    1270   -0.360513
    1271   -0.359413
    1272   -0.359413
    1273   -0.358203
    1274   -0.358203
    1275   -0.356847
    1276   -0.356847
    1277   -0.355452
    1278   -0.355452
    1279   -0.354082
    1280   -0.354082
    1281   -0.352640
    1282   -0.352640
    1283   -0.351054
    1284   -0.351054
    1285   -0.349440
    1286   -0.349440
    1287   -0.347860
    1288   -0.347860
    1289   -0.346141
    1290   -0.346141
    1291   -0.344158
    1292   -0.344158
    1293   -0.342008
    1294   -0.342008
    1295   -0.339767
    1296   -0.339767
    1297   -0.337343
    1298   -0.337343
    1299   -0.334592
    1300   -0.334592
    1301   -0.331541
    1302   -0.331541
    1303   -0.328408
    1304   -0.328408
    1305   -0.325427
    1306   -0.325427
    1307   -0.323078
    1308   -0.323078
    1309   -0.322138
    1310   -0.322138
    1311   -0.322701
    1312   -0.322701
    1313   -0.323907
    1314   -0.323907
    1315   -0.324975
    1316   -0.324975
    1317   -0.325748
    1318   -0.325748
    1319   -0.326321
    1320   -0.326321
    1321   -0.326676
    1322   -0.326676
    1323   -0.326701
    1324   -0.326701
    1325   -0.326423
    1326   -0.326423
    1327   -0.326017
    1328   -0.326017
    1329   -0.325427
    1330   -0.325427
    1331   -0.324403
    1332   -0.324403
    1333   -0.323028
    1334   -0.323028
    1335   -0.321543
    1336   -0.321543
    1337   -0.319836
    1338   -0.319836
    1339   -0.317644
    1340   -0.317644
    1341   -0.314985
    1342   -0.314985
    1343   -0.312065
    1344   -0.312065
    1345   -0.308801
    1346   -0.308801
    1347   -0.304895
    1348   -0.304895
    1349   -0.300436
    1350   -0.300436
    1351   -0.295857
    1352   -0.295857
    1353   -0.291030
    1354   -0.291030
    1355   -0.285204
    1356   -0.285204
    1357   -0.278313
    1358   -0.278313
    1359   -0.270914
    1360   -0.270914
    1361   -0.262866
    1362   -0.262866
    1363   -0.253396
    1364   -0.253396
    1365   -0.242686
    1366   -0.242686
    1367   -0.231809
    1368   -0.231809
    1369   -0.221178
    1370   -0.221178
    1371   -0.209623
    1372   -0.209623
    1373   -0.197907
    1374   -0.197907
    1375   -0.186154
    1376   -0.186154
    1377   -0.171200
    1378   -0.171200
    1379   -0.153654
    1380   -0.153654
    1381   -0.133519
    1382   -0.133519
    1383   -0.110633
    1384   -0.110633
    1385   -0.092001
    1386   -0.092001
    1387   -0.481125
    1388   -0.481125
    1389   -0.478840
    1390   -0.478840
    1391   -0.475864
    1392   -0.475864
    1393   -0.473571
    1394   -0.473571
    1395   -0.471887
    1396   -0.471887
    1397   -0.470732
    1398   -0.470732
    1399   -0.469720
    1400   -0.469720
    1401   -0.467994
    1402   -0.467994
    1403   -0.465832
    1404   -0.465832
    1405   -0.464587
    1406   -0.464587
    1407   -0.464405
    1408   -0.464405
    1409   -0.464391
    1410   -0.464391
    1411   -0.464216
    1412   -0.464216
    1413   -0.464025
    1414   -0.464025
    1415   -0.463790
    1416   -0.463790
    1417   -0.463399
    1418   -0.463399
    1419   -0.462940
    1420   -0.462940
    1421   -0.462556
    1422   -0.462556
    1423   -0.462199
    1424   -0.462199
    1425   -0.461733
    1426   -0.461733
    1427   -0.461211
    1428   -0.461211
    1429   -0.460786
    1430   -0.460786
    1431   -0.460428
    1432   -0.460428
    1433   -0.460036
    1434   -0.460036
    1435   -0.459622
    1436   -0.459622
    1437   -0.459164
    1438   -0.459164
    1439   -0.458603
    1440   -0.458603
    1441   -0.457969
    1442   -0.457969
    1443   -0.457336
    1444   -0.457336
    1445   -0.456686
    1446   -0.456686
    1447   -0.455928
    1448   -0.455928
    1449   -0.455051
    1450   -0.455051
    1451   -0.454163
    1452   -0.454163
    1453   -0.453318
    1454   -0.453318
    1455   -0.452439
    1456   -0.452439
    1457   -0.451470
    1458   -0.451470
    1459   -0.450467
    1460   -0.450467
    1461   -0.449465
    1462   -0.449465
    1463   -0.448385
    1464   -0.448385
    1465   -0.447170
    1466   -0.447170
    1467   -0.445885
    1468   -0.445885
    1469   -0.444582
    1470   -0.444582
    1471   -0.443209
    1472   -0.443209
    1473   -0.441760
    1474   -0.441760
    1475   -0.440282
    1476   -0.440282
    1477   -0.438727
    1478   -0.438727
    1479   -0.437056
    1480   -0.437056
    1481   -0.435316
    1482   -0.435316
    1483   -0.433551
    1484   -0.433551
    1485   -0.431698
    1486   -0.431698
    1487   -0.429640
    1488   -0.429640
    1489   -0.427357
    1490   -0.427357
    1491   -0.424915
    1492   -0.424915
    1493   -0.422351
    1494   -0.422351
    1495   -0.419603
    1496   -0.419603
    1497   -0.416561
    1498   -0.416561
    1499   -0.413229
    1500   -0.413229
    1501   -0.409771
    1502   -0.409771
    1503   -0.406418
    1504   -0.406418
    1505   -0.403642
    1506   -0.403642
    1507   -0.402288
    1508   -0.402288
    1509   -0.402580
    1510   -0.402580
    1511   -0.403593
    1512   -0.403593
    1513   -0.404286
    1514   -0.404286
    1515   -0.404497
    1516   -0.404497
    1517   -0.404675
    1518   -0.404675
    1519   -0.404864
    1520   -0.404864
    1521   -0.404679
    1522   -0.404679
    1523   -0.404018
    1524   -0.404018
    1525   -0.403221
    1526   -0.403221
    1527   -0.402356
    1528   -0.402356
    1529   -0.401076
    1530   -0.401076
    1531   -0.399383
    1532   -0.399383
    1533   -0.397601
    1534   -0.397601
    1535   -0.395640
    1536   -0.395640
    1537   -0.393117
    1538   -0.393117
    1539   -0.390008
    1540   -0.390008
    1541   -0.386618
    1542   -0.386618
    1543   -0.382863
    1544   -0.382863
    1545   -0.378384
    1546   -0.378384
    1547   -0.373338
    1548   -0.373338
    1549   -0.368206
    1550   -0.368206
    1551   -0.362778
    1552   -0.362778
    1553   -0.356169
    1554   -0.356169
    1555   -0.348341
    1556   -0.348341
    1557   -0.339986
    1558   -0.339986
    1559   -0.331210
    1560   -0.331210
    1561   -0.321579
    1562   -0.321579
    1563   -0.310901
    1564   -0.310901
    1565   -0.299360
    1566   -0.299360
    1567   -0.287704
    1568   -0.287704
    1569   -0.274522
    1570   -0.274522
    1571   -0.257843
    1572   -0.257843
    1573   -0.239575
    1574   -0.239575
    1575   -0.220136
    1576   -0.220136
    1577   -0.198225
    1578   -0.198225
    1579   -0.172568
    1580   -0.172568
    1581   -0.143782
    1582   -0.143782
    1583   -0.120608
    1584   -0.120608
    1585   -0.576127
    1586   -0.576127
    1587   -0.574098
    1588   -0.574098
    1589   -0.571487
    1590   -0.571487
    1591   -0.569864
    1592   -0.569864
    1593   -0.569253
    1594   -0.569253
    1595   -0.569312
    1596   -0.569312
    1597   -0.569648
    1598   -0.569648
    1599   -0.569616
    1600   -0.569616
    1601   -0.569292
    1602   -0.569292
    1603   -0.569425
    1604   -0.569425
    1605   -0.569928
    1606   -0.569928
    1607   -0.570033
    1608   -0.570033
    1609   -0.569630
    1610   -0.569630
    1611   -0.569219
    1612   -0.569219
    1613   -0.568943
    1614   -0.568943
    1615   -0.568609
    1616   -0.568609
    1617   -0.568184
    1618   -0.568184
    1619   -0.567777
    1620   -0.567777
    1621   -0.567400
    1622   -0.567400
    1623   -0.566910
    1624   -0.566910
    1625   -0.566287
    1626   -0.566287
    1627   -0.565688
    1628   -0.565688
    1629   -0.565160
    1630   -0.565160
    1631   -0.564620
    1632   -0.564620
    1633   -0.564023
    1634   -0.564023
    1635   -0.563376
    1636   -0.563376
    1637   -0.562696
    1638   -0.562696
    1639   -0.561999
    1640   -0.561999
    1641   -0.561278
    1642   -0.561278
    1643   -0.560498
    1644   -0.560498
    1645   -0.559620
    1646   -0.559620
    1647   -0.558641
    1648   -0.558641
    1649   -0.557604
    1650   -0.557604
    1651   -0.556557
    1652   -0.556557
    1653   -0.555498
    1654   -0.555498
    1655   -0.554389
    1656   -0.554389
    1657   -0.553219
    1658   -0.553219
    1659   -0.552004
    1660   -0.552004
    1661   -0.550728
    1662   -0.550728
    1663   -0.549344
    1664   -0.549344
    1665   -0.547877
    1666   -0.547877
    1667   -0.546402
    1668   -0.546402
    1669   -0.544917
    1670   -0.544917
    1671   -0.543390
    1672   -0.543390
    1673   -0.541791
    1674   -0.541791
    1675   -0.540052
    1676   -0.540052
    1677   -0.538176
    1678   -0.538176
    1679   -0.536232
    1680   -0.536232
    1681   -0.534203
    1682   -0.534203
    1683   -0.532006
    1684   -0.532006
    1685   -0.529623
    1686   -0.529623
    1687   -0.527078
    1688   -0.527078
    1689   -0.524386
    1690   -0.524386
    1691   -0.521554
    1692   -0.521554
    1693   -0.518523
    1694   -0.518523
    1695   -0.515216
    1696   -0.515216
    1697   -0.511660
    1698   -0.511660
    1699   -0.507988
    1700   -0.507988
    1701   -0.504410
    1702   -0.504410
    1703   -0.501397
    1704   -0.501397
    1705   -0.499810
    1706   -0.499810
    1707   -0.499889
    1708   -0.499889
    1709   -0.500707
    1710   -0.500707
    1711   -0.501199
    1712   -0.501199
    1713   -0.501226
    1714   -0.501226
    1715   -0.501290
    1716   -0.501290
    1717   -0.501387
    1718   -0.501387
    1719   -0.501021
    1720   -0.501021
    1721   -0.500089
    1722   -0.500089
    1723   -0.499012
    1724   -0.499012
    1725   -0.497888
    1726   -0.497888
    1727   -0.496385
    1728   -0.496385
    1729   -0.494457
    1730   -0.494457
    1731   -0.492393
    1732   -0.492393
    1733   -0.490128
    1734   -0.490128
    1735   -0.487278
    1736   -0.487278
    1737   -0.483804
    1738   -0.483804
    1739   -0.479971
    1740   -0.479971
    1741   -0.475722
    1742   -0.475722
    1743   -0.470688
    1744   -0.470688
    1745   -0.464960
    1746   -0.464960
    1747   -0.459006
    1748   -0.459006
    1749   -0.452658
    1750   -0.452658
    1751   -0.445103
    1752   -0.445103
    1753   -0.436298
    1754   -0.436298
    1755   -0.426904
    1756   -0.426904
    1757   -0.417011
    1758   -0.417011
    1759   -0.406140
    1760   -0.406140
    1761   -0.393975
    1762   -0.393975
    1763   -0.380563
    1764   -0.380563
    1765   -0.366613
    1766   -0.366613
    1767   -0.350731
    1768   -0.350731
    1769   -0.330024
    1770   -0.330024
    1771   -0.306343
    1772   -0.306343
    1773   -0.281373
    1774   -0.281373
    1775   -0.253098
    1776   -0.253098
    1777   -0.219889
    1778   -0.219889
    1779   -0.183390
    1780   -0.183390
    1781   -0.154036
    1782   -0.154036
    1783   -0.692753
    1784   -0.692753
    1785   -0.690820
    1786   -0.690820
    1787   -0.688047
    1788   -0.688047
    1789   -0.685496
    1790   -0.685496
    1791   -0.683547
    1792   -0.683547
    1793   -0.683270
    1794   -0.683270
    1795   -0.684746
    1796   -0.684746
    1797   -0.687100
    1798   -0.687100
    1799   -0.689714
    1800   -0.689714
    1801   -0.691917
    1802   -0.691917
    1803   -0.693362
    1804   -0.693362
    1805   -0.694034
    1806   -0.694034
    1807   -0.694130
    1808   -0.694130
    1809   -0.694079
    1810   -0.694079
    1811   -0.694051
    1812   -0.694051
    1813   -0.693960
    1814   -0.693960
    1815   -0.693754
    1816   -0.693754
    1817   -0.693463
    1818   -0.693463
    1819   -0.693111
    1820   -0.693111
    1821   -0.692647
    1822   -0.692647
    1823   -0.692041
    1824   -0.692041
    1825   -0.691356
    1826   -0.691356
    1827   -0.690643
    1828   -0.690643
    1829   -0.689889
    1830   -0.689889
    1831   -0.689069
    1832   -0.689069
    1833   -0.688222
    1834   -0.688222
    1835   -0.687402
    1836   -0.687402
    1837   -0.686595
    1838   -0.686595
    1839   -0.685750
    1840   -0.685750
    1841   -0.684831
    1842   -0.684831
    1843   -0.683837
    1844   -0.683837
    1845   -0.682758
    1846   -0.682758
    1847   -0.681583
    1848   -0.681583
    1849   -0.680341
    1850   -0.680341
    1851   -0.679070
    1852   -0.679070
    1853   -0.677758
    1854   -0.677758
    1855   -0.676380
    1856   -0.676380
    1857   -0.674950
    1858   -0.674950
    1859   -0.673481
    1860   -0.673481
    1861   -0.671948
    1862   -0.671948
    1863   -0.670344
    1864   -0.670344
    1865   -0.668715
    1866   -0.668715
    1867   -0.667080
    1868   -0.667080
    1869   -0.665395
    1870   -0.665395
    1871   -0.663618
    1872   -0.663618
    1873   -0.661721
    1874   -0.661721
    1875   -0.659662
    1876   -0.659662
    1877   -0.657423
    1878   -0.657423
    1879   -0.655002
    1880   -0.655002
    1881   -0.652414
    1882   -0.652414
    1883   -0.649712
    1884   -0.649712
    1885   -0.646900
    1886   -0.646900
    1887   -0.643934
    1888   -0.643934
    1889   -0.640794
    1890   -0.640794
    1891   -0.637425
    1892   -0.637425
    1893   -0.633783
    1894   -0.633783
    1895   -0.629903
    1896   -0.629903
    1897   -0.625912
    1898   -0.625912
    1899   -0.622002
    1900   -0.622002
    1901   -0.618621
    1902   -0.618621
    1903   -0.616628
    1904   -0.616628
    1905   -0.616287
    1906   -0.616287
    1907   -0.616760
    1908   -0.616760
    1909   -0.617140
    1910   -0.617140
    1911   -0.617246
    1912   -0.617246
    1913   -0.617341
    1914   -0.617341
    1915   -0.617373
    1916   -0.617373
    1917   -0.617007
    1918   -0.617007
    1919   -0.616185
    1920   -0.616185
    1921   -0.615118
    1922   -0.615118
    1923   -0.613834
    1924   -0.613834
    1925   -0.612186
    1926   -0.612186
    1927   -0.610149
    1928   -0.610149
    1929   -0.607833
    1930   -0.607833
    1931   -0.605182
    1932   -0.605182
    1933   -0.602002
    1934   -0.602002
    1935   -0.598271
    1936   -0.598271
    1937   -0.594078
    1938   -0.594078
    1939   -0.589395
    1940   -0.589395
    1941   -0.583944
    1942   -0.583944
    1943   -0.577668
    1944   -0.577668
    1945   -0.570869
    1946   -0.570869
    1947   -0.563414
    1948   -0.563414
    1949   -0.554793
    1950   -0.554793
    1951   -0.545029
    1952   -0.545029
    1953   -0.534550
    1954   -0.534550
    1955   -0.523187
    1956   -0.523187
    1957   -0.510239
    1958   -0.510239
    1959   -0.495486
    1960   -0.495486
    1961   -0.479188
    1962   -0.479188
    1963   -0.461490
    1964   -0.461490
    1965   -0.441530
    1966   -0.441530
    1967   -0.417504
    1968   -0.417504
    1969   -0.389343
    1970   -0.389343
    1971   -0.357498
    1972   -0.357498
    1973   -0.320829
    1974   -0.320829
    1975   -0.278388
    1976   -0.278388
    1977   -0.232476
    1978   -0.232476
    1979   -0.195367
    1980   -0.195367
    1981   -0.837451
    1982   -0.837451
    1983   -0.836238
    1984   -0.836238
    1985   -0.834301
    1986   -0.834301
    1987   -0.832139
    1988   -0.832139
    1989   -0.830213
    1990   -0.830213
    1991   -0.830064
    1992   -0.830064
    1993   -0.831948
    1994   -0.831948
    1995   -0.834916
    1996   -0.834916
    1997   -0.838169
    1998   -0.838169
    1999   -0.840779
    2000   -0.840779
    2001   -0.842475
    2002   -0.842475
    2003   -0.843548
    2004   -0.843548
    2005   -0.844200
    2006   -0.844200
    2007   -0.844609
    2008   -0.844609
    2009   -0.844893
    2010   -0.844893
    2011   -0.845091
    2012   -0.845091
    2013   -0.845160
    2014   -0.845160
    2015   -0.845043
    2016   -0.845043
    2017   -0.844768
    2018   -0.844768
    2019   -0.844381
    2020   -0.844381
    2021   -0.843867
    2022   -0.843867
    2023   -0.843211
    2024   -0.843211
    2025   -0.842451
    2026   -0.842451
    2027   -0.841610
    2028   -0.841610
    2029   -0.840673
    2030   -0.840673
    2031   -0.839685
    2032   -0.839685
    2033   -0.838716
    2034   -0.838716
    2035   -0.837761
    2036   -0.837761
    2037   -0.836758
    2038   -0.836758
    2039   -0.835673
    2040   -0.835673
    2041   -0.834532
    2042   -0.834532
    2043   -0.833322
    2044   -0.833322
    2045   -0.831999
    2046   -0.831999
    2047   -0.830569
    2048   -0.830569
    2049   -0.829080
    2050   -0.829080
    2051   -0.827538
    2052   -0.827538
    2053   -0.825927
    2054   -0.825927
    2055   -0.824265
    2056   -0.824265
    2057   -0.822594
    2058   -0.822594
    2059   -0.820911
    2060   -0.820911
    2061   -0.819154
    2062   -0.819154
    2063   -0.817299
    2064   -0.817299
    2065   -0.815397
    2066   -0.815397
    2067   -0.813470
    2068   -0.813470
    2069   -0.811474
    2070   -0.811474
    2071   -0.809343
    2072   -0.809343
    2073   -0.806999
    2074   -0.806999
    2075   -0.804348
    2076   -0.804348
    2077   -0.801407
    2078   -0.801407
    2079   -0.798317
    2080   -0.798317
    2081   -0.795166
    2082   -0.795166
    2083   -0.791921
    2084   -0.791921
    2085   -0.788516
    2086   -0.788516
    2087   -0.784929
    2088   -0.784929
    2089   -0.781146
    2090   -0.781146
    2091   -0.777139
    2092   -0.777139
    2093   -0.772906
    2094   -0.772906
    2095   -0.768538
    2096   -0.768538
    2097   -0.764259
    2098   -0.764259
    2099   -0.760644
    2100   -0.760644
    2101   -0.758504
    2102   -0.758504
    2103   -0.757919
    2104   -0.757919
    2105   -0.758144
    2106   -0.758144
    2107   -0.758489
    2108   -0.758489
    2109   -0.758698
    2110   -0.758698
    2111   -0.758787
    2112   -0.758787
    2113   -0.758689
    2114   -0.758689
    2115   -0.758217
    2116   -0.758217
    2117   -0.757364
    2118   -0.757364
    2119   -0.756227
    2120   -0.756227
    2121   -0.754762
    2122   -0.754762
    2123   -0.752896
    2124   -0.752896
    2125   -0.750605
    2126   -0.750605
    2127   -0.747902
    2128   -0.747902
    2129   -0.744732
    2130   -0.744732
    2131   -0.741010
    2132   -0.741010
    2133   -0.736764
    2134   -0.736764
    2135   -0.732049
    2136   -0.732049
    2137   -0.726850
    2138   -0.726850
    2139   -0.720929
    2140   -0.720929
    2141   -0.714106
    2142   -0.714106
    2143   -0.706450
    2144   -0.706450
    2145   -0.697836
    2146   -0.697836
    2147   -0.688082
    2148   -0.688082
    2149   -0.677247
    2150   -0.677247
    2151   -0.665464
    2152   -0.665464
    2153   -0.652480
    2154   -0.652480
    2155   -0.637661
    2156   -0.637661
    2157   -0.620663
    2158   -0.620663
    2159   -0.601312
    2160   -0.601312
    2161   -0.579258
    2162   -0.579258
    2163   -0.554745
    2164   -0.554745
    2165   -0.527011
    2166   -0.527011
    2167   -0.493861
    2168   -0.493861
    2169   -0.454297
    2170   -0.454297
    2171   -0.407737
    2172   -0.407737
    2173   -0.353932
    2174   -0.353932
    2175   -0.296225
    2176   -0.296225
    2177   -0.249498
    2178   -0.249498
    2179   -1.025068
    2180   -1.025068
    2181   -1.025814
    2182   -1.025814
    2183   -1.026681
    2184   -1.026681
    2185   -1.027449
    2186   -1.027449
    2187   -1.028248
    2188   -1.028248
    2189   -1.029630
    2190   -1.029630
    2191   -1.031580
    2192   -1.031580
    2193   -1.033425
    2194   -1.033425
    2195   -1.034937
    2196   -1.034937
    2197   -1.036246
    2198   -1.036246
    2199   -1.037435
    2200   -1.037435
    2201   -1.038551
    2202   -1.038551
    2203   -1.039552
    2204   -1.039552
    2205   -1.040304
    2206   -1.040304
    2207   -1.040823
    2208   -1.040823
    2209   -1.041245
    2210   -1.041245
    2211   -1.041557
    2212   -1.041557
    2213   -1.041623
    2214   -1.041623
    2215   -1.041450
    2216   -1.041450
    2217   -1.041147
    2218   -1.041147
    2219   -1.040727
    2220   -1.040727
    2221   -1.040149
    2222   -1.040149
    2223   -1.039429
    2224   -1.039429
    2225   -1.038598
    2226   -1.038598
    2227   -1.037659
    2228   -1.037659
    2229   -1.036624
    2230   -1.036624
    2231   -1.035525
    2232   -1.035525
    2233   -1.034376
    2234   -1.034376
    2235   -1.033161
    2236   -1.033161
    2237   -1.031868
    2238   -1.031868
    2239   -1.030516
    2240   -1.030516
    2241   -1.029095
    2242   -1.029095
    2243   -1.027573
    2244   -1.027573
    2245   -1.025940
    2246   -1.025940
    2247   -1.024212
    2248   -1.024212
    2249   -1.022405
    2250   -1.022405
    2251   -1.020525
    2252   -1.020525
    2253   -1.018590
    2254   -1.018590
    2255   -1.016646
    2256   -1.016646
    2257   -1.014702
    2258   -1.014702
    2259   -1.012679
    2260   -1.012679
    2261   -1.010503
    2262   -1.010503
    2263   -1.008230
    2264   -1.008230
    2265   -1.005967
    2266   -1.005967
    2267   -1.003659
    2268   -1.003659
    2269   -1.001144
    2270   -1.001144
    2271   -0.998348
    2272   -0.998348
    2273   -0.995172
    2274   -0.995172
    2275   -0.991634
    2276   -0.991634
    2277   -0.987931
    2278   -0.987931
    2279   -0.984155
    2280   -0.984155
    2281   -0.980293
    2282   -0.980293
    2283   -0.976294
    2284   -0.976294
    2285   -0.972108
    2286   -0.972108
    2287   -0.967752
    2288   -0.967752
    2289   -0.963268
    2290   -0.963268
    2291   -0.958676
    2292   -0.958676
    2293   -0.953982
    2294   -0.953982
    2295   -0.949440
    2296   -0.949440
    2297   -0.945947
    2298   -0.945947
    2299   -0.944251
    2300   -0.944251
    2301   -0.943946
    2302   -0.943946
    2303   -0.944285
    2304   -0.944285
    2305   -0.944849
    2306   -0.944849
    2307   -0.945307
    2308   -0.945307
    2309   -0.945434
    2310   -0.945434
    2311   -0.945167
    2312   -0.945167
    2313   -0.944426
    2314   -0.944426
    2315   -0.943259
    2316   -0.943259
    2317   -0.941823
    2318   -0.941823
    2319   -0.940087
    2320   -0.940087
    2321   -0.937867
    2322   -0.937867
    2323   -0.935058
    2324   -0.935058
    2325   -0.931724
    2326   -0.931724
    2327   -0.927865
    2328   -0.927865
    2329   -0.923360
    2330   -0.923360
    2331   -0.918240
    2332   -0.918240
    2333   -0.912628
    2334   -0.912628
    2335   -0.906489
    2336   -0.906489
    2337   -0.899652
    2338   -0.899652
    2339   -0.891862
    2340   -0.891862
    2341   -0.882944
    2342   -0.882944
    2343   -0.872815
    2344   -0.872815
    2345   -0.861514
    2346   -0.861514
    2347   -0.849043
    2348   -0.849043
    2349   -0.835325
    2350   -0.835325
    2351   -0.820296
    2352   -0.820296
    2353   -0.803646
    2354   -0.803646
    2355   -0.784687
    2356   -0.784687
    2357   -0.762397
    2358   -0.762397
    2359   -0.735692
    2360   -0.735692
    2361   -0.705408
    2362   -0.705408
    2363   -0.672056
    2364   -0.672056
    2365   -0.632655
    2366   -0.632655
    2367   -0.584697
    2368   -0.584697
    2369   -0.526825
    2370   -0.526825
    2371   -0.458901
    2372   -0.458901
    2373   -0.385586
    2374   -0.385586
    2375   -0.325834
    2376   -0.325834
    2377   -1.282554
    2378   -1.282554
    2379   -1.286882
    2380   -1.286882
    2381   -1.292903
    2382   -1.292903
    2383   -1.299260
    2384   -1.299260
    2385   -1.305540
    2386   -1.305540
    2387   -1.310337
    2388   -1.310337
    2389   -1.313260
    2390   -1.313260
    2391   -1.314588
    2392   -1.314588
    2393   -1.314970
    2394   -1.314970
    2395   -1.315419
    2396   -1.315419
    2397   -1.316275
    2398   -1.316275
    2399   -1.317359
    2400   -1.317359
    2401   -1.318499
    2402   -1.318499
    2403   -1.319455
    2404   -1.319455
    2405   -1.320167
    2406   -1.320167
    2407   -1.320752
    2408   -1.320752
    2409   -1.321207
    2410   -1.321207
    2411   -1.321404
    2412   -1.321404
    2413   -1.321329
    2414   -1.321329
    2415   -1.321083
    2416   -1.321083
    2417   -1.320693
    2418   -1.320693
    2419   -1.320127
    2420   -1.320127
    2421   -1.319388
    2422   -1.319388
    2423   -1.318488
    2424   -1.318488
    2425   -1.317454
    2426   -1.317454
    2427   -1.316319
    2428   -1.316319
    2429   -1.315068
    2430   -1.315068
    2431   -1.313683
    2432   -1.313683
    2433   -1.312188
    2434   -1.312188
    2435   -1.310611
    2436   -1.310611
    2437   -1.308958
    2438   -1.308958
    2439   -1.307221
    2440   -1.307221
    2441   -1.305387
    2442   -1.305387
    2443   -1.303442
    2444   -1.303442
    2445   -1.301371
    2446   -1.301371
    2447   -1.299176
    2448   -1.299176
    2449   -1.296885
    2450   -1.296885
    2451   -1.294539
    2452   -1.294539
    2453   -1.292165
    2454   -1.292165
    2455   -1.289771
    2456   -1.289771
    2457   -1.287302
    2458   -1.287302
    2459   -1.284675
    2460   -1.284675
    2461   -1.281901
    2462   -1.281901
    2463   -1.279084
    2464   -1.279084
    2465   -1.276176
    2466   -1.276176
    2467   -1.273030
    2468   -1.273030
    2469   -1.269610
    2470   -1.269610
    2471   -1.265865
    2472   -1.265865
    2473   -1.261800
    2474   -1.261800
    2475   -1.257525
    2476   -1.257525
    2477   -1.253080
    2478   -1.253080
    2479   -1.248484
    2480   -1.248484
    2481   -1.243729
    2482   -1.243729
    2483   -1.238754
    2484   -1.238754
    2485   -1.233554
    2486   -1.233554
    2487   -1.228213
    2488   -1.228213
    2489   -1.222824
    2490   -1.222824
    2491   -1.217410
    2492   -1.217410
    2493   -1.212227
    2494   -1.212227
    2495   -1.208335
    2496   -1.208335
    2497   -1.206629
    2498   -1.206629
    2499   -1.206483
    2500   -1.206483
    2501   -1.206956
    2502   -1.206956
    2503   -1.207686
    2504   -1.207686
    2505   -1.208288
    2506   -1.208288
    2507   -1.208408
    2508   -1.208408
    2509   -1.207961
    2510   -1.207961
    2511   -1.206943
    2512   -1.206943
    2513   -1.205390
    2514   -1.205390
    2515   -1.203494
    2516   -1.203494
    2517   -1.201283
    2518   -1.201283
    2519   -1.198412
    2520   -1.198412
    2521   -1.194721
    2522   -1.194721
    2523   -1.190408
    2524   -1.190408
    2525   -1.185545
    2526   -1.185545
    2527   -1.180003
    2528   -1.180003
    2529   -1.173736
    2530   -1.173736
    2531   -1.166770
    2532   -1.166770
    2533   -1.159032
    2534   -1.159032
    2535   -1.150464
    2536   -1.150464
    2537   -1.140830
    2538   -1.140830
    2539   -1.129897
    2540   -1.129897
    2541   -1.117655
    2542   -1.117655
    2543   -1.104128
    2544   -1.104128
    2545   -1.089200
    2546   -1.089200
    2547   -1.072695
    2548   -1.072695
    2549   -1.054599
    2550   -1.054599
    2551   -1.034773
    2552   -1.034773
    2553   -1.012417
    2554   -1.012417
    2555   -0.986180
    2556   -0.986180
    2557   -0.954271
    2558   -0.954271
    2559   -0.916660
    2560   -0.916660
    2561   -0.874483
    2562   -0.874483
    2563   -0.826008
    2564   -0.826008
    2565   -0.767701
    2566   -0.767701
    2567   -0.695824
    2568   -0.695824
    2569   -0.609706
    2570   -0.609706
    2571   -0.515351
    2572   -0.515351
    2573   -0.437436
    2574   -0.437436
    2575   -1.645869
    2576   -1.645869
    2577   -1.655835
    2578   -1.655835
    2579   -1.669744
    2580   -1.669744
    2581   -1.683823
    2582   -1.683823
    2583   -1.697226
    2584   -1.697226
    2585   -1.706756
    2586   -1.706756
    2587   -1.711945
    2588   -1.711945
    2589   -1.714535
    2590   -1.714535
    2591   -1.715920
    2592   -1.715920
    2593   -1.717235
    2594   -1.717235
    2595   -1.718801
    2596   -1.718801
    2597   -1.720388
    2598   -1.720388
    2599   -1.721874
    2600   -1.721874
    2601   -1.723168
    2602   -1.723168
    2603   -1.724235
    2604   -1.724235
    2605   -1.725081
    2606   -1.725081
    2607   -1.725683
    2608   -1.725683
    2609   -1.725986
    2610   -1.725986
    2611   -1.725999
    2612   -1.725999
    2613   -1.725786
    2614   -1.725786
    2615   -1.725371
    2616   -1.725371
    2617   -1.724737
    2618   -1.724737
    2619   -1.723881
    2620   -1.723881
    2621   -1.722794
    2622   -1.722794
    2623   -1.721508
    2624   -1.721508
    2625   -1.720100
    2626   -1.720100
    2627   -1.718571
    2628   -1.718571
    2629   -1.716869
    2630   -1.716869
    2631   -1.714995
    2632   -1.714995
    2633   -1.712993
    2634   -1.712993
    2635   -1.710891
    2636   -1.710891
    2637   -1.708680
    2638   -1.708680
    2639   -1.706345
    2640   -1.706345
    2641   -1.703878
    2642   -1.703878
    2643   -1.701267
    2644   -1.701267
    2645   -1.698489
    2646   -1.698489
    2647   -1.695558
    2648   -1.695558
    2649   -1.692548
    2650   -1.692548
    2651   -1.689478
    2652   -1.689478
    2653   -1.686345
    2654   -1.686345
    2655   -1.683135
    2656   -1.683135
    2657   -1.679776
    2658   -1.679776
    2659   -1.676228
    2660   -1.676228
    2661   -1.672497
    2662   -1.672497
    2663   -1.668568
    2664   -1.668568
    2665   -1.664438
    2666   -1.664438
    2667   -1.660126
    2668   -1.660126
    2669   -1.655618
    2670   -1.655618
    2671   -1.650903
    2672   -1.650903
    2673   -1.645970
    2674   -1.645970
    2675   -1.640751
    2676   -1.640751
    2677   -1.635198
    2678   -1.635198
    2679   -1.629348
    2680   -1.629348
    2681   -1.623217
    2682   -1.623217
    2683   -1.616771
    2684   -1.616771
    2685   -1.610022
    2686   -1.610022
    2687   -1.603068
    2688   -1.603068
    2689   -1.596037
    2690   -1.596037
    2691   -1.589217
    2692   -1.589217
    2693   -1.583659
    2694   -1.583659
    2695   -1.580681
    2696   -1.580681
    2697   -1.579937
    2698   -1.579937
    2699   -1.580052
    2700   -1.580052
    2701   -1.580312
    2702   -1.580312
    2703   -1.580329
    2704   -1.580329
    2705   -1.579787
    2706   -1.579787
    2707   -1.578610
    2708   -1.578610
    2709   -1.576966
    2710   -1.576966
    2711   -1.574808
    2712   -1.574808
    2713   -1.572005
    2714   -1.572005
    2715   -1.568606
    2716   -1.568606
    2717   -1.564399
    2718   -1.564399
    2719   -1.559305
    2720   -1.559305
    2721   -1.553503
    2722   -1.553503
    2723   -1.547043
    2724   -1.547043
    2725   -1.539904
    2726   -1.539904
    2727   -1.531929
    2728   -1.531929
    2729   -1.522878
    2730   -1.522878
    2731   -1.512623
    2732   -1.512623
    2733   -1.501180
    2734   -1.501180
    2735   -1.488449
    2736   -1.488449
    2737   -1.474350
    2738   -1.474350
    2739   -1.458926
    2740   -1.458926
    2741   -1.442072
    2742   -1.442072
    2743   -1.423509
    2744   -1.423509
    2745   -1.402884
    2746   -1.402884
    2747   -1.379968
    2748   -1.379968
    2749   -1.354644
    2750   -1.354644
    2751   -1.326261
    2752   -1.326261
    2753   -1.293535
    2754   -1.293535
    2755   -1.254827
    2756   -1.254827
    2757   -1.209197
    2758   -1.209197
    2759   -1.155858
    2760   -1.155858
    2761   -1.093719
    2762   -1.093719
    2763   -1.020258
    2764   -1.020258
    2765   -0.929735
    2766   -0.929735
    2767   -0.820285
    2768   -0.820285
    2769   -0.698876
    2770   -0.698876
    2771   -0.597294
    2772   -0.597294
    2773   -2.164462
    2774   -2.164462
    2775   -2.182255
    2776   -2.182255
    2777   -2.205990
    2778   -2.205990
    2779   -2.226805
    2780   -2.226805
    2781   -2.244695
    2782   -2.244695
    2783   -2.257823
    2784   -2.257823
    2785   -2.266310
    2786   -2.266310
    2787   -2.272467
    2788   -2.272467
    2789   -2.277682
    2790   -2.277682
    2791   -2.282245
    2792   -2.282245
    2793   -2.286191
    2794   -2.286191
    2795   -2.289564
    2796   -2.289564
    2797   -2.292413
    2798   -2.292413
    2799   -2.294758
    2800   -2.294758
    2801   -2.296632
    2802   -2.296632
    2803   -2.298071
    2804   -2.298071
    2805   -2.299070
    2806   -2.299070
    2807   -2.299612
    2808   -2.299612
    2809   -2.299751
    2810   -2.299751
    2811   -2.299604
    2812   -2.299604
    2813   -2.299206
    2814   -2.299206
    2815   -2.298482
    2816   -2.298482
    2817   -2.297420
    2818   -2.297420
    2819   -2.296074
    2820   -2.296074
    2821   -2.294474
    2822   -2.294474
    2823   -2.292647
    2824   -2.292647
    2825   -2.290614
    2826   -2.290614
    2827   -2.288365
    2828   -2.288365
    2829   -2.285885
    2830   -2.285885
    2831   -2.283211
    2832   -2.283211
    2833   -2.280391
    2834   -2.280391
    2835   -2.277436
    2836   -2.277436
    2837   -2.274324
    2838   -2.274324
    2839   -2.271038
    2840   -2.271038
    2841   -2.267578
    2842   -2.267578
    2843   -2.263933
    2844   -2.263933
    2845   -2.260095
    2846   -2.260095
    2847   -2.256085
    2848   -2.256085
    2849   -2.251905
    2850   -2.251905
    2851   -2.247558
    2852   -2.247558
    2853   -2.243068
    2854   -2.243068
    2855   -2.238418
    2856   -2.238418
    2857   -2.233554
    2858   -2.233554
    2859   -2.228422
    2860   -2.228422
    2861   -2.223023
    2862   -2.223023
    2863   -2.217415
    2864   -2.217415
    2865   -2.211637
    2866   -2.211637
    2867   -2.205710
    2868   -2.205710
    2869   -2.199633
    2870   -2.199633
    2871   -2.193367
    2872   -2.193367
    2873   -2.186776
    2874   -2.186776
    2875   -2.179699
    2876   -2.179699
    2877   -2.172161
    2878   -2.172161
    2879   -2.164205
    2880   -2.164205
    2881   -2.155799
    2882   -2.155799
    2883   -2.146933
    2884   -2.146933
    2885   -2.137634
    2886   -2.137634
    2887   -2.128016
    2888   -2.128016
    2889   -2.118566
    2890   -2.118566
    2891   -2.110576
    2892   -2.110576
    2893   -2.105737
    2894   -2.105737
    2895   -2.103895
    2896   -2.103895
    2897   -2.103149
    2898   -2.103149
    2899   -2.102363
    2900   -2.102363
    2901   -2.101174
    2902   -2.101174
    2903   -2.099242
    2904   -2.099242
    2905   -2.096564
    2906   -2.096564
    2907   -2.093625
    2908   -2.093625
    2909   -2.090346
    2910   -2.090346
    2911   -2.086044
    2912   -2.086044
    2913   -2.080619
    2914   -2.080619
    2915   -2.074357
    2916   -2.074357
    2917   -2.067314
    2918   -2.067314
    2919   -2.059275
    2920   -2.059275
    2921   -2.050224
    2922   -2.050224
    2923   -2.040355
    2924   -2.040355
    2925   -2.029432
    2926   -2.029432
    2927   -2.016971
    2928   -2.016971
    2929   -2.002804
    2930   -2.002804
    2931   -1.987081
    2932   -1.987081
    2933   -1.969880
    2934   -1.969880
    2935   -1.951012
    2936   -1.951012
    2937   -1.930402
    2938   -1.930402
    2939   -1.908071
    2940   -1.908071
    2941   -1.883637
    2942   -1.883637
    2943   -1.856359
    2944   -1.856359
    2945   -1.825790
    2946   -1.825790
    2947   -1.791962
    2948   -1.791962
    2949   -1.754329
    2950   -1.754329
    2951   -1.711528
    2952   -1.711528
    2953   -1.662226
    2954   -1.662226
    2955   -1.605412
    2956   -1.605412
    2957   -1.537968
    2958   -1.537968
    2959   -1.456974
    2960   -1.456974
    2961   -1.360785
    2962   -1.360785
    2963   -1.244512
    2964   -1.244512
    2965   -1.105453
    2966   -1.105453
    2967   -0.949911
    2968   -0.949911
    2969   -0.818547
    2970   -0.818547
    2971   -2.943111
    2972   -2.943111
    2973   -2.970978
    2974   -2.970978
    2975   -3.005816
    2976   -3.005816
    2977   -3.032049
    2978   -3.032049
    2979   -3.052348
    2980   -3.052348
    2981   -3.068640
    2982   -3.068640
    2983   -3.081943
    2984   -3.081943
    2985   -3.094253
    2986   -3.094253
    2987   -3.106221
    2988   -3.106221
    2989   -3.116489
    2990   -3.116489
    2991   -3.124652
    2992   -3.124652
    2993   -3.131368
    2994   -3.131368
    2995   -3.136951
    2996   -3.136951
    2997   -3.141383
    2998   -3.141383
    2999   -3.144754
    3000   -3.144754
    3001   -3.147274
    3002   -3.147274
    3003   -3.149045
    3004   -3.149045
    3005   -3.150084
    3006   -3.150084
    3007   -3.150478
    3008   -3.150478
    3009   -3.150420
    3010   -3.150420
    3011   -3.149990
    3012   -3.149990
    3013   -3.149076
    3014   -3.149076
    3015   -3.147658
    3016   -3.147658
    3017   -3.145863
    3018   -3.145863
    3019   -3.143749
    3020   -3.143749
    3021   -3.141263
    3022   -3.141263
    3023   -3.138387
    3024   -3.138387
    3025   -3.135167
    3026   -3.135167
    3027   -3.131630
    3028   -3.131630
    3029   -3.127828
    3030   -3.127828
    3031   -3.123806
    3032   -3.123806
    3033   -3.119586
    3034   -3.119586
    3035   -3.115164
    3036   -3.115164
    3037   -3.110506
    3038   -3.110506
    3039   -3.105617
    3040   -3.105617
    3041   -3.100537
    3042   -3.100537
    3043   -3.095231
    3044   -3.095231
    3045   -3.089604
    3046   -3.089604
    3047   -3.083617
    3048   -3.083617
    3049   -3.077289
    3050   -3.077289
    3051   -3.070661
    3052   -3.070661
    3053   -3.063790
    3054   -3.063790
    3055   -3.056672
    3056   -3.056672
    3057   -3.049241
    3058   -3.049241
    3059   -3.041489
    3060   -3.041489
    3061   -3.033443
    3062   -3.033443
    3063   -3.025142
    3064   -3.025142
    3065   -3.016650
    3066   -3.016650
    3067   -3.007967
    3068   -3.007967
    3069   -2.999057
    3070   -2.999057
    3071   -2.989789
    3072   -2.989789
    3073   -2.979973
    3074   -2.979973
    3075   -2.969556
    3076   -2.969556
    3077   -2.958536
    3078   -2.958536
    3079   -2.946898
    3080   -2.946898
    3081   -2.934681
    3082   -2.934681
    3083   -2.921842
    3084   -2.921842
    3085   -2.908353
    3086   -2.908353
    3087   -2.894998
    3088   -2.894998
    3089   -2.883786
    3090   -2.883786
    3091   -2.876802
    3092   -2.876802
    3093   -2.873632
    3094   -2.873632
    3095   -2.871723
    3096   -2.871723
    3097   -2.869642
    3098   -2.869642
    3099   -2.867050
    3100   -2.867050
    3101   -2.863466
    3102   -2.863466
    3103   -2.858845
    3104   -2.858845
    3105   -2.853655
    3106   -2.853655
    3107   -2.847940
    3108   -2.847940
    3109   -2.841025
    3110   -2.841025
    3111   -2.832554
    3112   -2.832554
    3113   -2.823089
    3114   -2.823089
    3115   -2.812762
    3116   -2.812762
    3117   -2.800959
    3118   -2.800959
    3119   -2.787564
    3120   -2.787564
    3121   -2.772832
    3122   -2.772832
    3123   -2.756592
    3124   -2.756592
    3125   -2.738450
    3126   -2.738450
    3127   -2.718206
    3128   -2.718206
    3129   -2.696000
    3130   -2.696000
    3131   -2.671991
    3132   -2.671991
    3133   -2.645691
    3134   -2.645691
    3135   -2.616725
    3136   -2.616725
    3137   -2.585233
    3138   -2.585233
    3139   -2.550838
    3140   -2.550838
    3141   -2.512562
    3142   -2.512562
    3143   -2.469773
    3144   -2.469773
    3145   -2.422367
    3146   -2.422367
    3147   -2.369761
    3148   -2.369761
    3149   -2.310663
    3150   -2.310663
    3151   -2.243449
    3152   -2.243449
    3153   -2.166526
    3154   -2.166526
    3155   -2.076093
    3156   -2.076093
    3157   -1.967337
    3158   -1.967337
    3159   -1.836966
    3160   -1.836966
    3161   -1.682132
    3162   -1.682132
    3163   -1.500273
    3164   -1.500273
    3165   -1.296472
    3166   -1.296472
    3167   -1.124206
    3168   -1.124206
    3169   -4.244951
    3170   -4.244951
    3171   -4.289843
    3172   -4.289843
    3173   -4.344130
    3174   -4.344130
    3175   -4.383110
    3176   -4.383110
    3177   -4.412896
    3178   -4.412896
    3179   -4.437897
    3180   -4.437897
    3181   -4.459972
    3182   -4.459972
    3183   -4.481428
    3184   -4.481428
    3185   -4.502388
    3186   -4.502388
    3187   -4.520376
    3188   -4.520376
    3189   -4.534691
    3190   -4.534691
    3191   -4.546454
    3192   -4.546454
    3193   -4.556239
    3194   -4.556239
    3195   -4.563990
    3196   -4.563990
    3197   -4.569814
    3198   -4.569814
    3199   -4.574072
    3200   -4.574072
    3201   -4.577042
    3202   -4.577042
    3203   -4.578887
    3204   -4.578887
    3205   -4.579701
    3206   -4.579701
    3207   -4.579618
    3208   -4.579618
    3209   -4.578816
    3210   -4.578816
    3211   -4.577367
    3212   -4.577367
    3213   -4.575253
    3214   -4.575253
    3215   -4.572500
    3216   -4.572500
    3217   -4.569212
    3218   -4.569212
    3219   -4.565444
    3220   -4.565444
    3221   -4.561124
    3222   -4.561124
    3223   -4.556171
    3224   -4.556171
    3225   -4.550661
    3226   -4.550661
    3227   -4.544796
    3228   -4.544796
    3229   -4.538621
    3230   -4.538621
    3231   -4.532031
    3232   -4.532031
    3233   -4.525065
    3234   -4.525065
    3235   -4.517860
    3236   -4.517860
    3237   -4.510419
    3238   -4.510419
    3239   -4.502627
    3240   -4.502627
    3241   -4.494429
    3242   -4.494429
    3243   -4.485807
    3244   -4.485807
    3245   -4.476691
    3246   -4.476691
    3247   -4.466935
    3248   -4.466935
    3249   -4.456571
    3250   -4.456571
    3251   -4.445843
    3252   -4.445843
    3253   -4.434759
    3254   -4.434759
    3255   -4.423054
    3256   -4.423054
    3257   -4.410770
    3258   -4.410770
    3259   -4.398223
    3260   -4.398223
    3261   -4.385500
    3262   -4.385500
    3263   -4.372488
    3264   -4.372488
    3265   -4.359122
    3266   -4.359122
    3267   -4.345413
    3268   -4.345413
    3269   -4.331209
    3270   -4.331209
    3271   -4.316172
    3272   -4.316172
    3273   -4.300221
    3274   -4.300221
    3275   -4.283570
    3276   -4.283570
    3277   -4.266203
    3278   -4.266203
    3279   -4.247873
    3280   -4.247873
    3281   -4.228529
    3282   -4.228529
    3283   -4.208404
    3284   -4.208404
    3285   -4.188263
    3286   -4.188263
    3287   -4.170650
    3288   -4.170650
    3289   -4.159175
    3290   -4.159175
    3291   -4.153710
    3292   -4.153710
    3293   -4.150280
    3294   -4.150280
    3295   -4.146321
    3296   -4.146321
    3297   -4.141424
    3298   -4.141424
    3299   -4.135387
    3300   -4.135387
    3301   -4.127945
    3302   -4.127945
    3303   -4.118834
    3304   -4.118834
    3305   -4.108234
    3306   -4.108234
    3307   -4.096393
    3308   -4.096393
    3309   -4.082865
    3310   -4.082865
    3311   -4.067488
    3312   -4.067488
    3313   -4.050436
    3314   -4.050436
    3315   -4.031759
    3316   -4.031759
    3317   -4.011082
    3318   -4.011082
    3319   -3.987586
    3320   -3.987586
    3321   -3.961303
    3322   -3.961303
    3323   -3.933085
    3324   -3.933085
    3325   -3.902714
    3326   -3.902714
    3327   -3.869125
    3328   -3.869125
    3329   -3.832328
    3330   -3.832328
    3331   -3.792694
    3332   -3.792694
    3333   -3.749530
    3334   -3.749530
    3335   -3.701591
    3336   -3.701591
    3337   -3.648567
    3338   -3.648567
    3339   -3.590811
    3340   -3.590811
    3341   -3.527289
    3342   -3.527289
    3343   -3.455759
    3344   -3.455759
    3345   -3.375468
    3346   -3.375468
    3347   -3.286879
    3348   -3.286879
    3349   -3.187693
    3350   -3.187693
    3351   -3.073124
    3352   -3.073124
    3353   -2.938668
    3354   -2.938668
    3355   -2.780031
    3356   -2.780031
    3357   -2.591709
    3358   -2.591709
    3359   -2.369681
    3360   -2.369681
    3361   -2.110739
    3362   -2.110739
    3363   -1.823799
    3364   -1.823799
    3365   -1.584384
    3366   -1.584384
    3367   -6.665943
    3368   -6.665943
    3369   -6.745301
    3370   -6.745301
    3371   -6.840526
    3372   -6.840526
    3373   -6.909781
    3374   -6.909781
    3375   -6.964303
    3376   -6.964303
    3377   -7.009568
    3378   -7.009568
    3379   -7.048926
    3380   -7.048926
    3381   -7.086145
    3382   -7.086145
    3383   -7.121355
    3384   -7.121355
    3385   -7.151604
    3386   -7.151604
    3387   -7.176039
    3388   -7.176039
    3389   -7.196272
    3390   -7.196272
    3391   -7.213218
    3392   -7.213218
    3393   -7.226717
    3394   -7.226717
    3395   -7.236813
    3396   -7.236813
    3397   -7.244024
    3398   -7.244024
    3399   -7.248963
    3400   -7.248963
    3401   -7.252149
    3402   -7.252149
    3403   -7.253672
    3404   -7.253672
    3405   -7.253397
    3406   -7.253397
    3407   -7.251664
    3408   -7.251664
    3409   -7.249037
    3410   -7.249037
    3411   -7.245495
    3412   -7.245495
    3413   -7.240714
    3414   -7.240714
    3415   -7.234874
    3416   -7.234874
    3417   -7.228491
    3418   -7.228491
    3419   -7.221465
    3420   -7.221465
    3421   -7.213190
    3422   -7.213190
    3423   -7.203757
    3424   -7.203757
    3425   -7.193889
    3426   -7.193889
    3427   -7.183633
    3428   -7.183633
    3429   -7.172395
    3430   -7.172395
    3431   -7.160297
    3432   -7.160297
    3433   -7.148125
    3434   -7.148125
    3435   -7.135861
    3436   -7.135861
    3437   -7.122740
    3438   -7.122740
    3439   -7.108684
    3440   -7.108684
    3441   -7.094244
    3442   -7.094244
    3443   -7.079262
    3444   -7.079262
    3445   -7.062988
    3446   -7.062988
    3447   -7.045481
    3448   -7.045481
    3449   -7.027524
    3450   -7.027524
    3451   -7.009004
    3452   -7.009004
    3453   -6.988929
    3454   -6.988929
    3455   -6.967529
    3456   -6.967529
    3457   -6.946221
    3458   -6.946221
    3459   -6.925245
    3460   -6.925245
    3461   -6.903729
    3462   -6.903729
    3463   -6.881433
    3464   -6.881433
    3465   -6.858683
    3466   -6.858683
    3467   -6.835157
    3468   -6.835157
    3469   -6.809827
    3470   -6.809827
    3471   -6.782684
    3472   -6.782684
    3473   -6.754926
    3474   -6.754926
    3475   -6.726516
    3476   -6.726516
    3477   -6.696048
    3478   -6.696048
    3479   -6.663536
    3480   -6.663536
    3481   -6.630633
    3482   -6.630633
    3483   -6.597741
    3484   -6.597741
    3485   -6.566943
    3486   -6.566943
    3487   -6.545323
    3488   -6.545323
    3489   -6.535135
    3490   -6.535135
    3491   -6.529757
    3492   -6.529757
    3493   -6.522906
    3494   -6.522906
    3495   -6.513372
    3496   -6.513372
    3497   -6.502562
    3498   -6.502562
    3499   -6.490233
    3500   -6.490233
    3501   -6.474276
    3502   -6.474276
    3503   -6.454839
    3504   -6.454839
    3505   -6.434156
    3506   -6.434156
    3507   -6.411836
    3508   -6.411836
    3509   -6.385403
    3510   -6.385403
    3511   -6.355121
    3512   -6.355121
    3513   -6.323664
    3514   -6.323664
    3515   -6.290171
    3516   -6.290171
    3517   -6.250467
    3518   -6.250467
    3519   -6.204783
    3520   -6.204783
    3521   -6.157516
    3522   -6.157516
    3523   -6.108439
    3524   -6.108439
    3525   -6.052714
    3526   -6.052714
    3527   -5.990000
    3528   -5.990000
    3529   -5.924252
    3530   -5.924252
    3531   -5.854447
    3532   -5.854447
    3533   -5.774758
    3534   -5.774758
    3535   -5.684881
    3536   -5.684881
    3537   -5.589768
    3538   -5.589768
    3539   -5.487568
    3540   -5.487568
    3541   -5.369696
    3542   -5.369696
    3543   -5.234963
    3544   -5.234963
    3545   -5.089213
    3546   -5.089213
    3547   -4.929091
    3548   -4.929091
    3549   -4.741701
    3550   -4.741701
    3551   -4.520146
    3552   -4.520146
    3553   -4.263638
    3554   -4.263638
    3555   -3.964606
    3556   -3.964606
    3557   -3.611286
    3558   -3.611286
    3559   -3.197612
    3560   -3.197612
    3561   -2.746777
    3562   -2.746777
    3563   -2.376680
    3564   -2.376680
    3565  -11.296473
    3566  -11.296473
    3567  -11.446877
    3568  -11.446877
    3569  -11.625575
    3570  -11.625575
    3571  -11.751949
    3572  -11.751949
    3573  -11.851627
    3574  -11.851627
    3575  -11.933897
    3576  -11.933897
    3577  -12.005719
    3578  -12.005719
    3579  -12.072976
    3580  -12.072976
    3581  -12.135779
    3582  -12.135779
    3583  -12.189390
    3584  -12.189390
    3585  -12.232558
    3586  -12.232558
    3587  -12.268573
    3588  -12.268573
    3589  -12.299079
    3590  -12.299079
    3591  -12.323359
    3592  -12.323359
    3593  -12.341331
    3594  -12.341331
    3595  -12.353927
    3596  -12.353927
    3597  -12.362391
    3598  -12.362391
    3599  -12.368011
    3600  -12.368011
    3601  -12.370864
    3602  -12.370864
    3603  -12.370243
    3604  -12.370243
    3605  -12.366772
    3606  -12.366772
    3607  -12.361903
    3608  -12.361903
    3609  -12.355570
    3610  -12.355570
    3611  -12.346788
    3612  -12.346788
    3613  -12.335903
    3614  -12.335903
    3615  -12.324468
    3616  -12.324468
    3617  -12.312358
    3618  -12.312358
    3619  -12.297687
    3620  -12.297687
    3621  -12.280566
    3622  -12.280566
    3623  -12.263021
    3624  -12.263021
    3625  -12.245112
    3626  -12.245112
    3627  -12.224988
    3628  -12.224988
    3629  -12.202904
    3630  -12.202904
    3631  -12.181212
    3632  -12.181212
    3633  -12.159880
    3634  -12.159880
    3635  -12.136615
    3636  -12.136615
    3637  -12.111310
    3638  -12.111310
    3639  -12.085823
    3640  -12.085823
    3641  -12.059764
    3642  -12.059764
    3643  -12.030973
    3644  -12.030973
    3645  -11.999666
    3646  -11.999666
    3647  -11.967952
    3648  -11.967952
    3649  -11.935467
    3650  -11.935467
    3651  -11.899427
    3652  -11.899427
    3653  -11.860361
    3654  -11.860361
    3655  -11.822287
    3656  -11.822287
    3657  -11.785765
    3658  -11.785765
    3659  -11.748033
    3660  -11.748033
    3661  -11.708540
    3662  -11.708540
    3663  -11.668580
    3664  -11.668580
    3665  -11.627437
    3666  -11.627437
    3667  -11.582217
    3668  -11.582217
    3669  -11.533065
    3670  -11.533065
    3671  -11.483702
    3672  -11.483702
    3673  -11.434094
    3674  -11.434094
    3675  -11.380093
    3676  -11.380093
    3677  -11.321786
    3678  -11.321786
    3679  -11.263917
    3680  -11.263917
    3681  -11.206493
    3682  -11.206493
    3683  -11.150562
    3684  -11.150562
    3685  -11.109483
    3686  -11.109483
    3687  -11.090472
    3688  -11.090472
    3689  -11.082802
    3690  -11.082802
    3691  -11.071998
    3692  -11.071998
    3693  -11.053648
    3694  -11.053648
    3695  -11.033626
    3696  -11.033626
    3697  -11.012755
    3698  -11.012755
    3699  -10.984450
    3700  -10.984450
    3701  -10.948621
    3702  -10.948621
    3703  -10.911900
    3704  -10.911900
    3705  -10.873824
    3706  -10.873824
    3707  -10.826904
    3708  -10.826904
    3709  -10.771757
    3710  -10.771757
    3711  -10.716661
    3712  -10.716661
    3713  -10.659828
    3714  -10.659828
    3715  -10.589781
    3716  -10.589781
    3717  -10.506995
    3718  -10.506995
    3719  -10.423744
    3720  -10.423744
    3721  -10.339711
    3722  -10.339711
    3723  -10.241367
    3724  -10.241367
    3725  -10.127869
    3726  -10.127869
    3727  -10.011692
    3728  -10.011692
    3729   -9.891416
    3730   -9.891416
    3731   -9.750990
    3732   -9.750990
    3733   -9.589735
    3734   -9.589735
    3735   -9.423135
    3736   -9.423135
    3737   -9.247962
    3738   -9.247962
    3739   -9.041395
    3740   -9.041395
    3741   -8.801366
    3742   -8.801366
    3743   -8.546209
    3744   -8.546209
    3745   -8.270664
    3746   -8.270664
    3747   -7.944281
    3748   -7.944281
    3749   -7.555049
    3750   -7.555049
    3751   -7.110029
    3752   -7.110029
    3753   -6.597731
    3754   -6.597731
    3755   -5.988412
    3756   -5.988412
    3757   -5.267175
    3758   -5.267175
    3759   -4.480672
    3760   -4.480672
    3761   -3.835155
    3762   -3.835155
    3763  -18.325238
    3764  -18.325238
    3765  -18.592422
    3766  -18.592422
    3767  -18.906883
    3768  -18.906883
    3769  -19.116109
    3770  -19.116109
    3771  -19.278411
    3772  -19.278411
    3773  -19.412796
    3774  -19.412796
    3775  -19.532272
    3776  -19.532272
    3777  -19.644801
    3778  -19.644801
    3779  -19.750063
    3780  -19.750063
    3781  -19.839296
    3782  -19.839296
    3783  -19.910365
    3784  -19.910365
    3785  -19.969966
    3786  -19.969966
    3787  -20.020939
    3788  -20.020939
    3789  -20.061339
    3790  -20.061339
    3791  -20.090941
    3792  -20.090941
    3793  -20.111451
    3794  -20.111451
    3795  -20.125054
    3796  -20.125054
    3797  -20.134284
    3798  -20.134284
    3799  -20.139168
    3800  -20.139168
    3801  -20.138006
    3802  -20.138006
    3803  -20.131924
    3804  -20.131924
    3805  -20.123772
    3806  -20.123772
    3807  -20.113290
    3808  -20.113290
    3809  -20.098449
    3810  -20.098449
    3811  -20.079887
    3812  -20.079887
    3813  -20.060910
    3814  -20.060910
    3815  -20.041358
    3816  -20.041358
    3817  -20.017068
    3818  -20.017068
    3819  -19.988210
    3820  -19.988210
    3821  -19.959155
    3822  -19.959155
    3823  -19.929980
    3824  -19.929980
    3825  -19.896554
    3826  -19.896554
    3827  -19.859317
    3828  -19.859317
    3829  -19.823383
    3830  -19.823383
    3831  -19.788682
    3832  -19.788682
    3833  -19.750293
    3834  -19.750293
    3835  -19.708081
    3836  -19.708081
    3837  -19.666135
    3838  -19.666135
    3839  -19.623649
    3840  -19.623649
    3841  -19.576028
    3842  -19.576028
    3843  -19.523807
    3844  -19.523807
    3845  -19.471504
    3846  -19.471504
    3847  -19.418421
    3848  -19.418421
    3849  -19.358535
    3850  -19.358535
    3851  -19.292710
    3852  -19.292710
    3853  -19.229492
    3854  -19.229492
    3855  -19.169920
    3856  -19.169920
    3857  -19.107872
    3858  -19.107872
    3859  -19.042393
    3860  -19.042393
    3861  -18.976677
    3862  -18.976677
    3863  -18.909408
    3864  -18.909408
    3865  -18.834266
    3866  -18.834266
    3867  -18.751591
    3868  -18.751591
    3869  -18.669639
    3870  -18.669639
    3871  -18.588424
    3872  -18.588424
    3873  -18.499000
    3874  -18.499000
    3875  -18.401453
    3876  -18.401453
    3877  -18.305423
    3878  -18.305423
    3879  -18.210168
    3880  -18.210168
    3881  -18.115795
    3882  -18.115795
    3883  -18.045933
    3884  -18.045933
    3885  -18.014677
    3886  -18.014677
    3887  -18.005175
    3888  -18.005175
    3889  -17.989853
    3890  -17.989853
    3891  -17.958112
    3892  -17.958112
    3893  -17.924237
    3894  -17.924237
    3895  -17.891506
    3896  -17.891506
    3897  -17.845029
    3898  -17.845029
    3899  -17.784308
    3900  -17.784308
    3901  -17.723923
    3902  -17.723923
    3903  -17.663140
    3904  -17.663140
    3905  -17.585803
    3906  -17.585803
    3907  -17.493273
    3908  -17.493273
    3909  -17.403357
    3910  -17.403357
    3911  -17.312761
    3912  -17.312761
    3913  -17.197459
    3914  -17.197459
    3915  -17.058311
    3916  -17.058311
    3917  -16.921415
    3918  -16.921415
    3919  -16.786290
    3920  -16.786290
    3921  -16.624057
    3922  -16.624057
    3923  -16.433169
    3924  -16.433169
    3925  -16.241224
    3926  -16.241224
    3927  -16.046368
    3928  -16.046368
    3929  -15.814845
    3930  -15.814845
    3931  -15.545076
    3932  -15.545076
    3933  -15.271283
    3934  -15.271283
    3935  -14.988361
    3936  -14.988361
    3937  -14.648577
    3938  -14.648577
    3939  -14.248609
    3940  -14.248609
    3941  -13.829492
    3942  -13.829492
    3943  -13.383165
    3944  -13.383165
    3945  -12.848730
    3946  -12.848730
    3947  -12.206118
    3948  -12.206118
    3949  -11.476849
    3950  -11.476849
    3951  -10.643287
    3952  -10.643287
    3953   -9.645590
    3954   -9.645590
    3955   -8.447966
    3956   -8.447966
    3957   -7.119579
    3958   -7.119579
    3959   -6.015790
    3960   -6.015790
