       1   -0.008721
       2   -0.008721
       3   -0.008323
       4   -0.008323
       5   -0.007819
       6   -0.007819
       7   -0.007365
       8   -0.007365
       9   -0.006904
      10   -0.006904
      11   -0.006603
      12   -0.006603
      13   -0.006489
      14   -0.006489
      15   -0.006465
      16   -0.006465
      17   -0.006471
      18   -0.006471
      19   -0.006443
      20   -0.006443
      21   -0.006373
      22   -0.006373
      23   -0.006290
      24   -0.006290
      25   -0.006207
      26   -0.006207
      27   -0.006140
      28   -0.006140
      29   -0.006102
      30   -0.006102
      31   -0.006078
      32   -0.006078
      33   -0.006046
      34   -0.006046
      35   -0.006013
      36   -0.006013
      37   -0.006002
      38   -0.006002
      39   -0.006008
      40   -0.006008
      41   -0.006014
      42   -0.006014
      43   -0.006016
      44   -0.006016
      45   -0.006011
      46   -0.006011
      47   -0.005989
      48   -0.005989
      49   -0.005954
      50   -0.005954
      51   -0.005927
      52   -0.005927
      53   -0.005917
      54   -0.005917
      55   -0.005918
      56   -0.005918
      57   -0.005918
      58   -0.005918
      59   -0.005910
      60   -0.005910
      61   -0.005892
      62   -0.005892
      63   -0.005870
      64   -0.005870
      65   -0.005848
      66   -0.005848
      67   -0.005831
      68   -0.005831
      69   -0.005816
      70   -0.005816
      71   -0.005796
      72   -0.005796
      73   -0.005772
      74   -0.005772
      75   -0.005743
      76   -0.005743
      77   -0.005703
      78   -0.005703
      79   -0.005663
      80   -0.005663
      81   -0.005628
      82   -0.005628
      83   -0.005589
      84   -0.005589
      85   -0.005535
      86   -0.005535
      87   -0.005487
      88   -0.005487
      89   -0.005463
      90   -0.005463
      91   -0.005447
      92   -0.005447
      93   -0.005426
      94   -0.005426
      95   -0.005401
      96   -0.005401
      97   -0.005360
      98   -0.005360
      99   -0.005295
     100   -0.005295
     101   -0.005222
     102   -0.005222
     103   -0.005150
     104   -0.005150
     105   -0.005089
     106   -0.005089
     107   -0.005041
     108   -0.005041
     109   -0.004975
     110   -0.004975
     111   -0.004873
     112   -0.004873
     113   -0.004753
     114   -0.004753
     115   -0.004643
     116   -0.004643
     117   -0.004545
     118   -0.004545
     119   -0.004489
     120   -0.004489
     121   -0.004504
     122   -0.004504
     123   -0.004551
     124   -0.004551
     125   -0.004598
     126   -0.004598
     127   -0.004631
     128   -0.004631
     129   -0.004649
     130   -0.004649
     131   -0.004661
     132   -0.004661
     133   -0.004657
     134   -0.004657
     135   -0.004641
     136   -0.004641
     137   -0.004619
     138   -0.004619
     139   -0.004587
     140   -0.004587
     141   -0.004548
     142   -0.004548
     143   -0.004507
     144   -0.004507
     145   -0.004457
     146   -0.004457
     147   -0.004406
     148   -0.004406
     149   -0.004354
     150   -0.004354
     151   -0.004283
     152   -0.004283
     153   -0.004210
     154   -0.004210
     155   -0.004163
     156   -0.004163
     157   -0.004116
     158   -0.004116
     159   -0.004051
     160   -0.004051
     161   -0.003983
     162   -0.003983
     163   -0.003910
     164   -0.003910
     165   -0.003815
     166   -0.003815
     167   -0.003699
     168   -0.003699
     169   -0.003576
     170   -0.003576
     171   -0.003449
     172   -0.003449
     173   -0.003300
     174   -0.003300
     175   -0.003118
     176   -0.003118
     177   -0.002920
     178   -0.002920
     179   -0.002725
     180   -0.002725
     181   -0.002544
     182   -0.002544
     183   -0.002388
     184   -0.002388
     185   -0.002245
     186   -0.002245
     187   -0.002098
     188   -0.002098
     189   -0.001976
     190   -0.001976
     191   -0.001956
     192   -0.001956
     193   -0.001915
     194   -0.001915
     195   -0.001491
     196   -0.001491
     197   -0.000870
     198   -0.000870
     199   -0.024819
     200   -0.024819
     201   -0.023818
     202   -0.023818
     203   -0.022555
     204   -0.022555
     205   -0.021419
     206   -0.021419
     207   -0.020272
     208   -0.020272
     209   -0.019519
     210   -0.019519
     211   -0.019211
     212   -0.019211
     213   -0.019098
     214   -0.019098
     215   -0.019044
     216   -0.019044
     217   -0.018907
     218   -0.018907
     219   -0.018673
     220   -0.018673
     221   -0.018413
     222   -0.018413
     223   -0.018160
     224   -0.018160
     225   -0.017966
     226   -0.017966
     227   -0.017861
     228   -0.017861
     229   -0.017793
     230   -0.017793
     231   -0.017701
     232   -0.017701
     233   -0.017616
     234   -0.017616
     235   -0.017588
     236   -0.017588
     237   -0.017605
     238   -0.017605
     239   -0.017618
     240   -0.017618
     241   -0.017617
     242   -0.017617
     243   -0.017596
     244   -0.017596
     245   -0.017532
     246   -0.017532
     247   -0.017437
     248   -0.017437
     249   -0.017367
     250   -0.017367
     251   -0.017339
     252   -0.017339
     253   -0.017335
     254   -0.017335
     255   -0.017331
     256   -0.017331
     257   -0.017307
     258   -0.017307
     259   -0.017262
     260   -0.017262
     261   -0.017206
     262   -0.017206
     263   -0.017149
     264   -0.017149
     265   -0.017100
     266   -0.017100
     267   -0.017055
     268   -0.017055
     269   -0.016999
     270   -0.016999
     271   -0.016935
     272   -0.016935
     273   -0.016855
     274   -0.016855
     275   -0.016745
     276   -0.016745
     277   -0.016629
     278   -0.016629
     279   -0.016517
     280   -0.016517
     281   -0.016392
     282   -0.016392
     283   -0.016247
     284   -0.016247
     285   -0.016125
     286   -0.016125
     287   -0.016055
     288   -0.016055
     289   -0.015999
     290   -0.015999
     291   -0.015937
     292   -0.015937
     293   -0.015854
     294   -0.015854
     295   -0.015721
     296   -0.015721
     297   -0.015544
     298   -0.015544
     299   -0.015360
     300   -0.015360
     301   -0.015183
     302   -0.015183
     303   -0.015020
     304   -0.015020
     305   -0.014873
     306   -0.014873
     307   -0.014683
     308   -0.014683
     309   -0.014411
     310   -0.014411
     311   -0.014107
     312   -0.014107
     313   -0.013822
     314   -0.013822
     315   -0.013544
     316   -0.013544
     317   -0.013366
     318   -0.013366
     319   -0.013384
     320   -0.013384
     321   -0.013512
     322   -0.013512
     323   -0.013646
     324   -0.013646
     325   -0.013730
     326   -0.013730
     327   -0.013771
     328   -0.013771
     329   -0.013799
     330   -0.013799
     331   -0.013810
     332   -0.013810
     333   -0.013783
     334   -0.013783
     335   -0.013710
     336   -0.013710
     337   -0.013622
     338   -0.013622
     339   -0.013537
     340   -0.013537
     341   -0.013422
     342   -0.013422
     343   -0.013259
     344   -0.013259
     345   -0.013108
     346   -0.013108
     347   -0.012969
     348   -0.012969
     349   -0.012760
     350   -0.012760
     351   -0.012528
     352   -0.012528
     353   -0.012376
     354   -0.012376
     355   -0.012246
     356   -0.012246
     357   -0.012057
     358   -0.012057
     359   -0.011832
     360   -0.011832
     361   -0.011604
     362   -0.011604
     363   -0.011350
     364   -0.011350
     365   -0.011031
     366   -0.011031
     367   -0.010667
     368   -0.010667
     369   -0.010295
     370   -0.010295
     371   -0.009882
     372   -0.009882
     373   -0.009372
     374   -0.009372
     375   -0.008799
     376   -0.008799
     377   -0.008249
     378   -0.008249
     379   -0.007752
     380   -0.007752
     381   -0.007314
     382   -0.007314
     383   -0.006909
     384   -0.006909
     385   -0.006496
     386   -0.006496
     387   -0.006118
     388   -0.006118
     389   -0.005905
     390   -0.005905
     391   -0.005625
     392   -0.005625
     393   -0.004662
     394   -0.004662
     395   -0.003418
     396   -0.003418
     397   -0.038642
     398   -0.038642
     399   -0.037305
     400   -0.037305
     401   -0.035659
     402   -0.035659
     403   -0.034338
     404   -0.034338
     405   -0.033143
     406   -0.033143
     407   -0.032343
     408   -0.032343
     409   -0.031927
     410   -0.031927
     411   -0.031624
     412   -0.031624
     413   -0.031315
     414   -0.031315
     415   -0.030934
     416   -0.030934
     417   -0.030487
     418   -0.030487
     419   -0.030014
     420   -0.030014
     421   -0.029568
     422   -0.029568
     423   -0.029260
     424   -0.029260
     425   -0.029116
     426   -0.029116
     427   -0.029014
     428   -0.029014
     429   -0.028880
     430   -0.028880
     431   -0.028775
     432   -0.028775
     433   -0.028755
     434   -0.028755
     435   -0.028777
     436   -0.028777
     437   -0.028775
     438   -0.028775
     439   -0.028750
     440   -0.028750
     441   -0.028697
     442   -0.028697
     443   -0.028591
     444   -0.028591
     445   -0.028460
     446   -0.028460
     447   -0.028370
     448   -0.028370
     449   -0.028331
     450   -0.028331
     451   -0.028311
     452   -0.028311
     453   -0.028280
     454   -0.028280
     455   -0.028231
     456   -0.028231
     457   -0.028171
     458   -0.028171
     459   -0.028105
     460   -0.028105
     461   -0.028036
     462   -0.028036
     463   -0.027968
     464   -0.027968
     465   -0.027898
     466   -0.027898
     467   -0.027814
     468   -0.027814
     469   -0.027716
     470   -0.027716
     471   -0.027595
     472   -0.027595
     473   -0.027441
     474   -0.027441
     475   -0.027252
     476   -0.027252
     477   -0.027032
     478   -0.027032
     479   -0.026818
     480   -0.026818
     481   -0.026626
     482   -0.026626
     483   -0.026460
     484   -0.026460
     485   -0.026328
     486   -0.026328
     487   -0.026223
     488   -0.026223
     489   -0.026119
     490   -0.026119
     491   -0.025962
     492   -0.025962
     493   -0.025731
     494   -0.025731
     495   -0.025481
     496   -0.025481
     497   -0.025258
     498   -0.025258
     499   -0.025030
     500   -0.025030
     501   -0.024782
     502   -0.024782
     503   -0.024536
     504   -0.024536
     505   -0.024258
     506   -0.024258
     507   -0.023897
     508   -0.023897
     509   -0.023495
     510   -0.023495
     511   -0.023106
     512   -0.023106
     513   -0.022707
     514   -0.022707
     515   -0.022392
     516   -0.022392
     517   -0.022323
     518   -0.022323
     519   -0.022478
     520   -0.022478
     521   -0.022688
     522   -0.022688
     523   -0.022792
     524   -0.022792
     525   -0.022800
     526   -0.022800
     527   -0.022839
     528   -0.022839
     529   -0.022922
     530   -0.022922
     531   -0.022901
     532   -0.022901
     533   -0.022742
     534   -0.022742
     535   -0.022619
     536   -0.022619
     537   -0.022561
     538   -0.022561
     539   -0.022382
     540   -0.022382
     541   -0.022067
     542   -0.022067
     543   -0.021826
     544   -0.021826
     545   -0.021657
     546   -0.021657
     547   -0.021329
     548   -0.021329
     549   -0.020889
     550   -0.020889
     551   -0.020614
     552   -0.020614
     553   -0.020452
     554   -0.020452
     555   -0.020133
     556   -0.020133
     557   -0.019660
     558   -0.019660
     559   -0.019248
     560   -0.019248
     561   -0.018906
     562   -0.018906
     563   -0.018434
     564   -0.018434
     565   -0.017813
     566   -0.017813
     567   -0.017226
     568   -0.017226
     569   -0.016648
     570   -0.016648
     571   -0.015871
     572   -0.015871
     573   -0.014933
     574   -0.014933
     575   -0.014081
     576   -0.014081
     577   -0.013376
     578   -0.013376
     579   -0.012730
     580   -0.012730
     581   -0.012095
     582   -0.012095
     583   -0.011435
     584   -0.011435
     585   -0.010724
     586   -0.010724
     587   -0.009887
     588   -0.009887
     589   -0.008824
     590   -0.008824
     591   -0.007492
     592   -0.007492
     593   -0.006281
     594   -0.006281
     595   -0.051231
     596   -0.051231
     597   -0.049649
     598   -0.049649
     599   -0.047738
     600   -0.047738
     601   -0.046445
     602   -0.046445
     603   -0.045512
     604   -0.045512
     605   -0.044841
     606   -0.044841
     607   -0.044331
     608   -0.044331
     609   -0.043780
     610   -0.043780
     611   -0.043129
     612   -0.043129
     613   -0.042468
     614   -0.042468
     615   -0.041830
     616   -0.041830
     617   -0.041194
     618   -0.041194
     619   -0.040613
     620   -0.040613
     621   -0.040245
     622   -0.040245
     623   -0.040092
     624   -0.040092
     625   -0.039981
     626   -0.039981
     627   -0.039840
     628   -0.039840
     629   -0.039751
     630   -0.039751
     631   -0.039753
     632   -0.039753
     633   -0.039764
     634   -0.039764
     635   -0.039714
     636   -0.039714
     637   -0.039624
     638   -0.039624
     639   -0.039516
     640   -0.039516
     641   -0.039373
     642   -0.039373
     643   -0.039218
     644   -0.039218
     645   -0.039108
     646   -0.039108
     647   -0.039054
     648   -0.039054
     649   -0.039005
     650   -0.039005
     651   -0.038922
     652   -0.038922
     653   -0.038825
     654   -0.038825
     655   -0.038748
     656   -0.038748
     657   -0.038684
     658   -0.038684
     659   -0.038610
     660   -0.038610
     661   -0.038522
     662   -0.038522
     663   -0.038426
     664   -0.038426
     665   -0.038314
     666   -0.038314
     667   -0.038177
     668   -0.038177
     669   -0.038024
     670   -0.038024
     671   -0.037847
     672   -0.037847
     673   -0.037594
     674   -0.037594
     675   -0.037277
     676   -0.037277
     677   -0.037003
     678   -0.037003
     679   -0.036806
     680   -0.036806
     681   -0.036612
     682   -0.036612
     683   -0.036409
     684   -0.036409
     685   -0.036238
     686   -0.036238
     687   -0.036077
     688   -0.036077
     689   -0.035849
     690   -0.035849
     691   -0.035551
     692   -0.035551
     693   -0.035277
     694   -0.035277
     695   -0.035052
     696   -0.035052
     697   -0.034788
     698   -0.034788
     699   -0.034454
     700   -0.034454
     701   -0.034128
     702   -0.034128
     703   -0.033811
     704   -0.033811
     705   -0.033408
     706   -0.033408
     707   -0.032933
     708   -0.032933
     709   -0.032467
     710   -0.032467
     711   -0.032017
     712   -0.032017
     713   -0.031598
     714   -0.031598
     715   -0.031390
     716   -0.031390
     717   -0.031513
     718   -0.031513
     719   -0.031775
     720   -0.031775
     721   -0.031883
     722   -0.031883
     723   -0.031840
     724   -0.031840
     725   -0.031900
     726   -0.031900
     727   -0.032066
     728   -0.032066
     729   -0.032033
     730   -0.032033
     731   -0.031787
     732   -0.031787
     733   -0.031657
     734   -0.031657
     735   -0.031652
     736   -0.031652
     737   -0.031422
     738   -0.031422
     739   -0.030970
     740   -0.030970
     741   -0.030665
     742   -0.030665
     743   -0.030497
     744   -0.030497
     745   -0.030076
     746   -0.030076
     747   -0.029441
     748   -0.029441
     749   -0.029037
     750   -0.029037
     751   -0.028840
     752   -0.028840
     753   -0.028380
     754   -0.028380
     755   -0.027636
     756   -0.027636
     757   -0.027035
     758   -0.027035
     759   -0.026627
     760   -0.026627
     761   -0.026022
     762   -0.026022
     763   -0.025164
     764   -0.025164
     765   -0.024407
     766   -0.024407
     767   -0.023720
     768   -0.023720
     769   -0.022714
     770   -0.022714
     771   -0.021441
     772   -0.021441
     773   -0.020333
     774   -0.020333
     775   -0.019476
     776   -0.019476
     777   -0.018645
     778   -0.018645
     779   -0.017773
     780   -0.017773
     781   -0.016827
     782   -0.016827
     783   -0.015671
     784   -0.015671
     785   -0.013950
     786   -0.013950
     787   -0.011734
     788   -0.011734
     789   -0.009761
     790   -0.009761
     791   -0.008406
     792   -0.008406
     793   -0.063639
     794   -0.063639
     795   -0.061886
     796   -0.061886
     797   -0.059682
     798   -0.059682
     799   -0.058110
     800   -0.058110
     801   -0.056953
     802   -0.056953
     803   -0.056054
     804   -0.056054
     805   -0.055311
     806   -0.055311
     807   -0.054556
     808   -0.054556
     809   -0.053742
     810   -0.053742
     811   -0.052983
     812   -0.052983
     813   -0.052322
     814   -0.052322
     815   -0.051740
     816   -0.051740
     817   -0.051267
     818   -0.051267
     819   -0.050974
     820   -0.050974
     821   -0.050837
     822   -0.050837
     823   -0.050735
     824   -0.050735
     825   -0.050623
     826   -0.050623
     827   -0.050552
     828   -0.050552
     829   -0.050531
     830   -0.050531
     831   -0.050486
     832   -0.050486
     833   -0.050366
     834   -0.050366
     835   -0.050198
     836   -0.050198
     837   -0.050026
     838   -0.050026
     839   -0.049845
     840   -0.049845
     841   -0.049655
     842   -0.049655
     843   -0.049498
     844   -0.049498
     845   -0.049395
     846   -0.049395
     847   -0.049296
     848   -0.049296
     849   -0.049159
     850   -0.049159
     851   -0.049014
     852   -0.049014
     853   -0.048904
     854   -0.048904
     855   -0.048810
     856   -0.048810
     857   -0.048694
     858   -0.048694
     859   -0.048557
     860   -0.048557
     861   -0.048417
     862   -0.048417
     863   -0.048266
     864   -0.048266
     865   -0.048091
     866   -0.048091
     867   -0.047910
     868   -0.047910
     869   -0.047711
     870   -0.047711
     871   -0.047446
     872   -0.047446
     873   -0.047134
     874   -0.047134
     875   -0.046867
     876   -0.046867
     877   -0.046669
     878   -0.046669
     879   -0.046453
     880   -0.046453
     881   -0.046195
     882   -0.046195
     883   -0.045954
     884   -0.045954
     885   -0.045720
     886   -0.045720
     887   -0.045435
     888   -0.045435
     889   -0.045117
     890   -0.045117
     891   -0.044838
     892   -0.044838
     893   -0.044597
     894   -0.044597
     895   -0.044293
     896   -0.044293
     897   -0.043906
     898   -0.043906
     899   -0.043528
     900   -0.043528
     901   -0.043162
     902   -0.043162
     903   -0.042695
     904   -0.042695
     905   -0.042127
     906   -0.042127
     907   -0.041576
     908   -0.041576
     909   -0.041076
     910   -0.041076
     911   -0.040619
     912   -0.040619
     913   -0.040361
     914   -0.040361
     915   -0.040446
     916   -0.040446
     917   -0.040696
     918   -0.040696
     919   -0.040822
     920   -0.040822
     921   -0.040812
     922   -0.040812
     923   -0.040892
     924   -0.040892
     925   -0.041038
     926   -0.041038
     927   -0.040973
     928   -0.040973
     929   -0.040727
     930   -0.040727
     931   -0.040600
     932   -0.040600
     933   -0.040562
     934   -0.040562
     935   -0.040301
     936   -0.040301
     937   -0.039839
     938   -0.039839
     939   -0.039494
     940   -0.039494
     941   -0.039248
     942   -0.039248
     943   -0.038763
     944   -0.038763
     945   -0.038067
     946   -0.038067
     947   -0.037541
     948   -0.037541
     949   -0.037180
     950   -0.037180
     951   -0.036583
     952   -0.036583
     953   -0.035720
     954   -0.035720
     955   -0.034981
     956   -0.034981
     957   -0.034414
     958   -0.034414
     959   -0.033656
     960   -0.033656
     961   -0.032656
     962   -0.032656
     963   -0.031743
     964   -0.031743
     965   -0.030870
     966   -0.030870
     967   -0.029652
     968   -0.029652
     969   -0.028155
     970   -0.028155
     971   -0.026819
     972   -0.026819
     973   -0.025716
     974   -0.025716
     975   -0.024585
     976   -0.024585
     977   -0.023424
     978   -0.023424
     979   -0.022179
     980   -0.022179
     981   -0.020572
     982   -0.020572
     983   -0.018279
     984   -0.018279
     985   -0.015408
     986   -0.015408
     987   -0.012794
     988   -0.012794
     989   -0.010980
     990   -0.010980
     991   -0.076645
     992   -0.076645
     993   -0.074881
     994   -0.074881
     995   -0.072525
     996   -0.072525
     997   -0.070534
     998   -0.070534
     999   -0.068808
    1000   -0.068808
    1001   -0.067447
    1002   -0.067447
    1003   -0.066425
    1004   -0.066425
    1005   -0.065533
    1006   -0.065533
    1007   -0.064713
    1008   -0.064713
    1009   -0.064023
    1010   -0.064023
    1011   -0.063491
    1012   -0.063491
    1013   -0.063119
    1014   -0.063119
    1015   -0.062897
    1016   -0.062897
    1017   -0.062755
    1018   -0.062755
    1019   -0.062638
    1020   -0.062638
    1021   -0.062527
    1022   -0.062527
    1023   -0.062421
    1024   -0.062421
    1025   -0.062323
    1026   -0.062323
    1027   -0.062211
    1028   -0.062211
    1029   -0.062059
    1030   -0.062059
    1031   -0.061872
    1032   -0.061872
    1033   -0.061670
    1034   -0.061670
    1035   -0.061464
    1036   -0.061464
    1037   -0.061246
    1038   -0.061246
    1039   -0.061023
    1040   -0.061023
    1041   -0.060822
    1042   -0.060822
    1043   -0.060642
    1044   -0.060642
    1045   -0.060461
    1046   -0.060461
    1047   -0.060278
    1048   -0.060278
    1049   -0.060109
    1050   -0.060109
    1051   -0.059953
    1052   -0.059953
    1053   -0.059785
    1054   -0.059785
    1055   -0.059591
    1056   -0.059591
    1057   -0.059386
    1058   -0.059386
    1059   -0.059189
    1060   -0.059189
    1061   -0.058995
    1062   -0.058995
    1063   -0.058792
    1064   -0.058792
    1065   -0.058589
    1066   -0.058589
    1067   -0.058371
    1068   -0.058371
    1069   -0.058130
    1070   -0.058130
    1071   -0.057890
    1072   -0.057890
    1073   -0.057670
    1074   -0.057670
    1075   -0.057456
    1076   -0.057456
    1077   -0.057204
    1078   -0.057204
    1079   -0.056910
    1080   -0.056910
    1081   -0.056620
    1082   -0.056620
    1083   -0.056327
    1084   -0.056327
    1085   -0.055999
    1086   -0.055999
    1087   -0.055667
    1088   -0.055667
    1089   -0.055371
    1090   -0.055371
    1091   -0.055082
    1092   -0.055082
    1093   -0.054732
    1094   -0.054732
    1095   -0.054318
    1096   -0.054318
    1097   -0.053885
    1098   -0.053885
    1099   -0.053418
    1100   -0.053418
    1101   -0.052852
    1102   -0.052852
    1103   -0.052194
    1104   -0.052194
    1105   -0.051536
    1106   -0.051536
    1107   -0.050929
    1108   -0.050929
    1109   -0.050426
    1110   -0.050426
    1111   -0.050170
    1112   -0.050170
    1113   -0.050209
    1114   -0.050209
    1115   -0.050375
    1116   -0.050375
    1117   -0.050481
    1118   -0.050481
    1119   -0.050511
    1120   -0.050511
    1121   -0.050546
    1122   -0.050546
    1123   -0.050560
    1124   -0.050560
    1125   -0.050451
    1126   -0.050451
    1127   -0.050256
    1128   -0.050256
    1129   -0.050094
    1130   -0.050094
    1131   -0.049929
    1132   -0.049929
    1133   -0.049633
    1134   -0.049633
    1135   -0.049224
    1136   -0.049224
    1137   -0.048827
    1138   -0.048827
    1139   -0.048422
    1140   -0.048422
    1141   -0.047873
    1142   -0.047873
    1143   -0.047197
    1144   -0.047197
    1145   -0.046552
    1146   -0.046552
    1147   -0.045938
    1148   -0.045938
    1149   -0.045194
    1150   -0.045194
    1151   -0.044304
    1152   -0.044304
    1153   -0.043443
    1154   -0.043443
    1155   -0.042632
    1156   -0.042632
    1157   -0.041686
    1158   -0.041686
    1159   -0.040582
    1160   -0.040582
    1161   -0.039484
    1162   -0.039484
    1163   -0.038347
    1164   -0.038347
    1165   -0.036942
    1166   -0.036942
    1167   -0.035322
    1168   -0.035322
    1169   -0.033779
    1170   -0.033779
    1171   -0.032338
    1172   -0.032338
    1173   -0.030795
    1174   -0.030795
    1175   -0.029266
    1176   -0.029266
    1177   -0.027697
    1178   -0.027697
    1179   -0.025691
    1180   -0.025691
    1181   -0.023168
    1182   -0.023168
    1183   -0.020153
    1184   -0.020153
    1185   -0.017006
    1186   -0.017006
    1187   -0.014572
    1188   -0.014572
    1189   -0.090851
    1190   -0.090851
    1191   -0.089242
    1192   -0.089242
    1193   -0.087064
    1194   -0.087064
    1195   -0.085120
    1196   -0.085120
    1197   -0.083348
    1198   -0.083348
    1199   -0.081936
    1200   -0.081936
    1201   -0.080866
    1202   -0.080866
    1203   -0.079899
    1204   -0.079899
    1205   -0.079013
    1206   -0.079013
    1207   -0.078350
    1208   -0.078350
    1209   -0.077931
    1210   -0.077931
    1211   -0.077680
    1212   -0.077680
    1213   -0.077535
    1214   -0.077535
    1215   -0.077415
    1216   -0.077415
    1217   -0.077270
    1218   -0.077270
    1219   -0.077104
    1220   -0.077104
    1221   -0.076934
    1222   -0.076934
    1223   -0.076757
    1224   -0.076757
    1225   -0.076546
    1226   -0.076546
    1227   -0.076310
    1228   -0.076310
    1229   -0.076082
    1230   -0.076082
    1231   -0.075875
    1232   -0.075875
    1233   -0.075665
    1234   -0.075665
    1235   -0.075438
    1236   -0.075438
    1237   -0.075212
    1238   -0.075212
    1239   -0.074996
    1240   -0.074996
    1241   -0.074760
    1242   -0.074760
    1243   -0.074501
    1244   -0.074501
    1245   -0.074263
    1246   -0.074263
    1247   -0.074059
    1248   -0.074059
    1249   -0.073849
    1250   -0.073849
    1251   -0.073612
    1252   -0.073612
    1253   -0.073361
    1254   -0.073361
    1255   -0.073119
    1256   -0.073119
    1257   -0.072884
    1258   -0.072884
    1259   -0.072650
    1260   -0.072650
    1261   -0.072422
    1262   -0.072422
    1263   -0.072197
    1264   -0.072197
    1265   -0.071964
    1266   -0.071964
    1267   -0.071723
    1268   -0.071723
    1269   -0.071498
    1270   -0.071498
    1271   -0.071278
    1272   -0.071278
    1273   -0.071030
    1274   -0.071030
    1275   -0.070739
    1276   -0.070739
    1277   -0.070423
    1278   -0.070423
    1279   -0.070106
    1280   -0.070106
    1281   -0.069777
    1282   -0.069777
    1283   -0.069419
    1284   -0.069419
    1285   -0.069060
    1286   -0.069060
    1287   -0.068720
    1288   -0.068720
    1289   -0.068360
    1290   -0.068360
    1291   -0.067948
    1292   -0.067948
    1293   -0.067487
    1294   -0.067487
    1295   -0.066975
    1296   -0.066975
    1297   -0.066394
    1298   -0.066394
    1299   -0.065725
    1300   -0.065725
    1301   -0.064981
    1302   -0.064981
    1303   -0.064213
    1304   -0.064213
    1305   -0.063476
    1306   -0.063476
    1307   -0.062870
    1308   -0.062870
    1309   -0.062535
    1310   -0.062535
    1311   -0.062469
    1312   -0.062469
    1313   -0.062503
    1314   -0.062503
    1315   -0.062497
    1316   -0.062497
    1317   -0.062431
    1318   -0.062431
    1319   -0.062321
    1320   -0.062321
    1321   -0.062167
    1322   -0.062167
    1323   -0.061971
    1324   -0.061971
    1325   -0.061743
    1326   -0.061743
    1327   -0.061481
    1328   -0.061481
    1329   -0.061169
    1330   -0.061169
    1331   -0.060778
    1332   -0.060778
    1333   -0.060317
    1334   -0.060317
    1335   -0.059814
    1336   -0.059814
    1337   -0.059252
    1338   -0.059252
    1339   -0.058597
    1340   -0.058597
    1341   -0.057858
    1342   -0.057858
    1343   -0.057074
    1344   -0.057074
    1345   -0.056243
    1346   -0.056243
    1347   -0.055335
    1348   -0.055335
    1349   -0.054354
    1350   -0.054354
    1351   -0.053346
    1352   -0.053346
    1353   -0.052307
    1354   -0.052307
    1355   -0.051164
    1356   -0.051164
    1357   -0.049914
    1358   -0.049914
    1359   -0.048611
    1360   -0.048611
    1361   -0.047237
    1362   -0.047237
    1363   -0.045697
    1364   -0.045697
    1365   -0.044021
    1366   -0.044021
    1367   -0.042344
    1368   -0.042344
    1369   -0.040658
    1370   -0.040658
    1371   -0.038782
    1372   -0.038782
    1373   -0.036773
    1374   -0.036773
    1375   -0.034686
    1376   -0.034686
    1377   -0.032234
    1378   -0.032234
    1379   -0.029338
    1380   -0.029338
    1381   -0.025893
    1382   -0.025893
    1383   -0.021996
    1384   -0.021996
    1385   -0.018813
    1386   -0.018813
    1387   -0.106992
    1388   -0.106992
    1389   -0.105596
    1390   -0.105596
    1391   -0.103765
    1392   -0.103765
    1393   -0.102270
    1394   -0.102270
    1395   -0.101020
    1396   -0.101020
    1397   -0.100020
    1398   -0.100020
    1399   -0.099182
    1400   -0.099182
    1401   -0.098289
    1402   -0.098289
    1403   -0.097374
    1404   -0.097374
    1405   -0.096715
    1406   -0.096715
    1407   -0.096352
    1408   -0.096352
    1409   -0.096086
    1410   -0.096086
    1411   -0.095823
    1412   -0.095823
    1413   -0.095573
    1414   -0.095573
    1415   -0.095332
    1416   -0.095332
    1417   -0.095081
    1418   -0.095081
    1419   -0.094826
    1420   -0.094826
    1421   -0.094569
    1422   -0.094569
    1423   -0.094304
    1424   -0.094304
    1425   -0.094033
    1426   -0.094033
    1427   -0.093773
    1428   -0.093773
    1429   -0.093539
    1430   -0.093539
    1431   -0.093317
    1432   -0.093317
    1433   -0.093091
    1434   -0.093091
    1435   -0.092868
    1436   -0.092868
    1437   -0.092642
    1438   -0.092642
    1439   -0.092387
    1440   -0.092387
    1441   -0.092103
    1442   -0.092103
    1443   -0.091826
    1444   -0.091826
    1445   -0.091576
    1446   -0.091576
    1447   -0.091329
    1448   -0.091329
    1449   -0.091067
    1450   -0.091067
    1451   -0.090807
    1452   -0.090807
    1453   -0.090568
    1454   -0.090568
    1455   -0.090334
    1456   -0.090334
    1457   -0.090085
    1458   -0.090085
    1459   -0.089824
    1460   -0.089824
    1461   -0.089558
    1462   -0.089558
    1463   -0.089283
    1464   -0.089283
    1465   -0.089000
    1466   -0.089000
    1467   -0.088720
    1468   -0.088720
    1469   -0.088442
    1470   -0.088442
    1471   -0.088149
    1472   -0.088149
    1473   -0.087838
    1474   -0.087838
    1475   -0.087511
    1476   -0.087511
    1477   -0.087161
    1478   -0.087161
    1479   -0.086787
    1480   -0.086787
    1481   -0.086396
    1482   -0.086396
    1483   -0.085992
    1484   -0.085992
    1485   -0.085574
    1486   -0.085574
    1487   -0.085123
    1488   -0.085123
    1489   -0.084628
    1490   -0.084628
    1491   -0.084088
    1492   -0.084088
    1493   -0.083486
    1494   -0.083486
    1495   -0.082808
    1496   -0.082808
    1497   -0.082053
    1498   -0.082053
    1499   -0.081235
    1500   -0.081235
    1501   -0.080388
    1502   -0.080388
    1503   -0.079564
    1504   -0.079564
    1505   -0.078861
    1506   -0.078861
    1507   -0.078417
    1508   -0.078417
    1509   -0.078230
    1510   -0.078230
    1511   -0.078126
    1512   -0.078126
    1513   -0.077969
    1514   -0.077969
    1515   -0.077737
    1516   -0.077737
    1517   -0.077457
    1518   -0.077457
    1519   -0.077138
    1520   -0.077138
    1521   -0.076783
    1522   -0.076783
    1523   -0.076386
    1524   -0.076386
    1525   -0.075953
    1526   -0.075953
    1527   -0.075478
    1528   -0.075478
    1529   -0.074921
    1530   -0.074921
    1531   -0.074286
    1532   -0.074286
    1533   -0.073614
    1534   -0.073614
    1535   -0.072892
    1536   -0.072892
    1537   -0.072083
    1538   -0.072083
    1539   -0.071192
    1540   -0.071192
    1541   -0.070246
    1542   -0.070246
    1543   -0.069237
    1544   -0.069237
    1545   -0.068154
    1546   -0.068154
    1547   -0.067014
    1548   -0.067014
    1549   -0.065835
    1550   -0.065835
    1551   -0.064601
    1552   -0.064601
    1553   -0.063270
    1554   -0.063270
    1555   -0.061841
    1556   -0.061841
    1557   -0.060334
    1558   -0.060334
    1559   -0.058753
    1560   -0.058753
    1561   -0.057093
    1562   -0.057093
    1563   -0.055352
    1564   -0.055352
    1565   -0.053539
    1566   -0.053539
    1567   -0.051667
    1568   -0.051667
    1569   -0.049559
    1570   -0.049559
    1571   -0.047030
    1572   -0.047030
    1573   -0.044247
    1574   -0.044247
    1575   -0.041185
    1576   -0.041185
    1577   -0.037561
    1578   -0.037561
    1579   -0.033157
    1580   -0.033157
    1581   -0.028150
    1582   -0.028150
    1583   -0.024023
    1584   -0.024023
    1585   -0.126315
    1586   -0.126315
    1587   -0.125148
    1588   -0.125148
    1589   -0.123620
    1590   -0.123620
    1591   -0.122436
    1592   -0.122436
    1593   -0.121544
    1594   -0.121544
    1595   -0.120902
    1596   -0.120902
    1597   -0.120416
    1598   -0.120416
    1599   -0.119902
    1600   -0.119902
    1601   -0.119340
    1602   -0.119340
    1603   -0.118910
    1604   -0.118910
    1605   -0.118626
    1606   -0.118626
    1607   -0.118324
    1608   -0.118324
    1609   -0.117955
    1610   -0.117955
    1611   -0.117592
    1612   -0.117592
    1613   -0.117260
    1614   -0.117260
    1615   -0.116933
    1616   -0.116933
    1617   -0.116606
    1618   -0.116606
    1619   -0.116292
    1620   -0.116292
    1621   -0.115991
    1622   -0.115991
    1623   -0.115683
    1624   -0.115683
    1625   -0.115368
    1626   -0.115368
    1627   -0.115070
    1628   -0.115070
    1629   -0.114798
    1630   -0.114798
    1631   -0.114540
    1632   -0.114540
    1633   -0.114290
    1634   -0.114290
    1635   -0.114039
    1636   -0.114039
    1637   -0.113782
    1638   -0.113782
    1639   -0.113526
    1640   -0.113526
    1641   -0.113276
    1642   -0.113276
    1643   -0.113036
    1644   -0.113036
    1645   -0.112801
    1646   -0.112801
    1647   -0.112561
    1648   -0.112561
    1649   -0.112326
    1650   -0.112326
    1651   -0.112105
    1652   -0.112105
    1653   -0.111884
    1654   -0.111884
    1655   -0.111632
    1656   -0.111632
    1657   -0.111340
    1658   -0.111340
    1659   -0.111021
    1660   -0.111021
    1661   -0.110687
    1662   -0.110687
    1663   -0.110346
    1664   -0.110346
    1665   -0.110002
    1666   -0.110002
    1667   -0.109660
    1668   -0.109660
    1669   -0.109325
    1670   -0.109325
    1671   -0.108990
    1672   -0.108990
    1673   -0.108636
    1674   -0.108636
    1675   -0.108240
    1676   -0.108240
    1677   -0.107809
    1678   -0.107809
    1679   -0.107354
    1680   -0.107354
    1681   -0.106868
    1682   -0.106868
    1683   -0.106346
    1684   -0.106346
    1685   -0.105788
    1686   -0.105788
    1687   -0.105192
    1688   -0.105192
    1689   -0.104551
    1690   -0.104551
    1691   -0.103854
    1692   -0.103854
    1693   -0.103090
    1694   -0.103090
    1695   -0.102270
    1696   -0.102270
    1697   -0.101410
    1698   -0.101410
    1699   -0.100520
    1700   -0.100520
    1701   -0.099636
    1702   -0.099636
    1703   -0.098853
    1704   -0.098853
    1705   -0.098315
    1706   -0.098315
    1707   -0.098021
    1708   -0.098021
    1709   -0.097797
    1710   -0.097797
    1711   -0.097521
    1712   -0.097521
    1713   -0.097176
    1714   -0.097176
    1715   -0.096775
    1716   -0.096775
    1717   -0.096313
    1718   -0.096313
    1719   -0.095776
    1720   -0.095776
    1721   -0.095168
    1722   -0.095168
    1723   -0.094532
    1724   -0.094532
    1725   -0.093863
    1726   -0.093863
    1727   -0.093106
    1728   -0.093106
    1729   -0.092261
    1730   -0.092261
    1731   -0.091383
    1732   -0.091383
    1733   -0.090471
    1734   -0.090471
    1735   -0.089484
    1736   -0.089484
    1737   -0.088418
    1738   -0.088418
    1739   -0.087283
    1740   -0.087283
    1741   -0.086073
    1742   -0.086073
    1743   -0.084777
    1744   -0.084777
    1745   -0.083410
    1746   -0.083410
    1747   -0.081996
    1748   -0.081996
    1749   -0.080522
    1750   -0.080522
    1751   -0.078944
    1752   -0.078944
    1753   -0.077264
    1754   -0.077264
    1755   -0.075505
    1756   -0.075505
    1757   -0.073675
    1758   -0.073675
    1759   -0.071778
    1760   -0.071778
    1761   -0.069785
    1762   -0.069785
    1763   -0.067662
    1764   -0.067662
    1765   -0.065434
    1766   -0.065434
    1767   -0.062964
    1768   -0.062964
    1769   -0.059956
    1770   -0.059956
    1771   -0.056502
    1772   -0.056502
    1773   -0.052640
    1774   -0.052640
    1775   -0.048009
    1776   -0.048009
    1777   -0.042369
    1778   -0.042369
    1779   -0.035993
    1780   -0.035993
    1781   -0.030693
    1782   -0.030693
    1783   -0.150423
    1784   -0.150423
    1785   -0.149548
    1786   -0.149548
    1787   -0.148337
    1788   -0.148337
    1789   -0.147268
    1790   -0.147268
    1791   -0.146388
    1792   -0.146388
    1793   -0.145833
    1794   -0.145833
    1795   -0.145606
    1796   -0.145606
    1797   -0.145557
    1798   -0.145557
    1799   -0.145556
    1800   -0.145556
    1801   -0.145486
    1802   -0.145486
    1803   -0.145301
    1804   -0.145301
    1805   -0.144996
    1806   -0.144996
    1807   -0.144608
    1808   -0.144608
    1809   -0.144218
    1810   -0.144218
    1811   -0.143853
    1812   -0.143853
    1813   -0.143482
    1814   -0.143482
    1815   -0.143101
    1816   -0.143101
    1817   -0.142737
    1818   -0.142737
    1819   -0.142393
    1820   -0.142393
    1821   -0.142039
    1822   -0.142039
    1823   -0.141666
    1824   -0.141666
    1825   -0.141304
    1826   -0.141304
    1827   -0.140972
    1828   -0.140972
    1829   -0.140670
    1830   -0.140670
    1831   -0.140383
    1832   -0.140383
    1833   -0.140103
    1834   -0.140103
    1835   -0.139846
    1836   -0.139846
    1837   -0.139627
    1838   -0.139627
    1839   -0.139430
    1840   -0.139430
    1841   -0.139228
    1842   -0.139228
    1843   -0.139018
    1844   -0.139018
    1845   -0.138807
    1846   -0.138807
    1847   -0.138593
    1848   -0.138593
    1849   -0.138369
    1850   -0.138369
    1851   -0.138126
    1852   -0.138126
    1853   -0.137848
    1854   -0.137848
    1855   -0.137527
    1856   -0.137527
    1857   -0.137175
    1858   -0.137175
    1859   -0.136809
    1860   -0.136809
    1861   -0.136433
    1862   -0.136433
    1863   -0.136045
    1864   -0.136045
    1865   -0.135657
    1866   -0.135657
    1867   -0.135278
    1868   -0.135278
    1869   -0.134893
    1870   -0.134893
    1871   -0.134481
    1872   -0.134481
    1873   -0.134035
    1874   -0.134035
    1875   -0.133551
    1876   -0.133551
    1877   -0.133017
    1878   -0.133017
    1879   -0.132429
    1880   -0.132429
    1881   -0.131801
    1882   -0.131801
    1883   -0.131145
    1884   -0.131145
    1885   -0.130448
    1886   -0.130448
    1887   -0.129699
    1888   -0.129699
    1889   -0.128904
    1890   -0.128904
    1891   -0.128068
    1892   -0.128068
    1893   -0.127204
    1894   -0.127204
    1895   -0.126313
    1896   -0.126313
    1897   -0.125379
    1898   -0.125379
    1899   -0.124426
    1900   -0.124426
    1901   -0.123548
    1902   -0.123548
    1903   -0.122895
    1904   -0.122895
    1905   -0.122485
    1906   -0.122485
    1907   -0.122156
    1908   -0.122156
    1909   -0.121797
    1910   -0.121797
    1911   -0.121379
    1912   -0.121379
    1913   -0.120889
    1914   -0.120889
    1915   -0.120310
    1916   -0.120310
    1917   -0.119627
    1918   -0.119627
    1919   -0.118851
    1920   -0.118851
    1921   -0.118025
    1922   -0.118025
    1923   -0.117150
    1924   -0.117150
    1925   -0.116193
    1926   -0.116193
    1927   -0.115150
    1928   -0.115150
    1929   -0.114053
    1930   -0.114053
    1931   -0.112912
    1932   -0.112912
    1933   -0.111706
    1934   -0.111706
    1935   -0.110417
    1936   -0.110417
    1937   -0.109040
    1938   -0.109040
    1939   -0.107577
    1940   -0.107577
    1941   -0.106007
    1942   -0.106007
    1943   -0.104335
    1944   -0.104335
    1945   -0.102599
    1946   -0.102599
    1947   -0.100787
    1948   -0.100787
    1949   -0.098859
    1950   -0.098859
    1951   -0.096828
    1952   -0.096828
    1953   -0.094729
    1954   -0.094729
    1955   -0.092552
    1956   -0.092552
    1957   -0.090253
    1958   -0.090253
    1959   -0.087798
    1960   -0.087798
    1961   -0.085174
    1962   -0.085174
    1963   -0.082386
    1964   -0.082386
    1965   -0.079361
    1966   -0.079361
    1967   -0.075880
    1968   -0.075880
    1969   -0.071819
    1970   -0.071819
    1971   -0.067066
    1972   -0.067066
    1973   -0.061309
    1974   -0.061309
    1975   -0.054317
    1976   -0.054317
    1977   -0.046379
    1978   -0.046379
    1979   -0.039682
    1980   -0.039682
    1981   -0.181457
    1982   -0.181457
    1983   -0.180897
    1984   -0.180897
    1985   -0.180049
    1986   -0.180049
    1987   -0.179139
    1988   -0.179139
    1989   -0.178239
    1990   -0.178239
    1991   -0.177589
    1992   -0.177589
    1993   -0.177294
    1994   -0.177294
    1995   -0.177278
    1996   -0.177278
    1997   -0.177390
    1998   -0.177390
    1999   -0.177388
    2000   -0.177388
    2001   -0.177200
    2002   -0.177200
    2003   -0.176902
    2004   -0.176902
    2005   -0.176549
    2006   -0.176549
    2007   -0.176183
    2008   -0.176183
    2009   -0.175822
    2010   -0.175822
    2011   -0.175458
    2012   -0.175458
    2013   -0.175082
    2014   -0.175082
    2015   -0.174703
    2016   -0.174703
    2017   -0.174328
    2018   -0.174328
    2019   -0.173954
    2020   -0.173954
    2021   -0.173579
    2022   -0.173579
    2023   -0.173211
    2024   -0.173211
    2025   -0.172865
    2026   -0.172865
    2027   -0.172544
    2028   -0.172544
    2029   -0.172235
    2030   -0.172235
    2031   -0.171934
    2032   -0.171934
    2033   -0.171660
    2034   -0.171660
    2035   -0.171425
    2036   -0.171425
    2037   -0.171207
    2038   -0.171207
    2039   -0.170976
    2040   -0.170976
    2041   -0.170733
    2042   -0.170733
    2043   -0.170486
    2044   -0.170486
    2045   -0.170226
    2046   -0.170226
    2047   -0.169948
    2048   -0.169948
    2049   -0.169649
    2050   -0.169649
    2051   -0.169326
    2052   -0.169326
    2053   -0.168977
    2054   -0.168977
    2055   -0.168613
    2056   -0.168613
    2057   -0.168246
    2058   -0.168246
    2059   -0.167870
    2060   -0.167870
    2061   -0.167471
    2062   -0.167471
    2063   -0.167055
    2064   -0.167055
    2065   -0.166630
    2066   -0.166630
    2067   -0.166189
    2068   -0.166189
    2069   -0.165724
    2070   -0.165724
    2071   -0.165228
    2072   -0.165228
    2073   -0.164690
    2074   -0.164690
    2075   -0.164089
    2076   -0.164089
    2077   -0.163426
    2078   -0.163426
    2079   -0.162722
    2080   -0.162722
    2081   -0.161988
    2082   -0.161988
    2083   -0.161212
    2084   -0.161212
    2085   -0.160386
    2086   -0.160386
    2087   -0.159526
    2088   -0.159526
    2089   -0.158645
    2090   -0.158645
    2091   -0.157740
    2092   -0.157740
    2093   -0.156796
    2094   -0.156796
    2095   -0.155798
    2096   -0.155798
    2097   -0.154773
    2098   -0.154773
    2099   -0.153825
    2100   -0.153825
    2101   -0.153101
    2102   -0.153101
    2103   -0.152602
    2104   -0.152602
    2105   -0.152186
    2106   -0.152186
    2107   -0.151746
    2108   -0.151746
    2109   -0.151230
    2110   -0.151230
    2111   -0.150617
    2112   -0.150617
    2113   -0.149900
    2114   -0.149900
    2115   -0.149061
    2116   -0.149061
    2117   -0.148107
    2118   -0.148107
    2119   -0.147065
    2120   -0.147065
    2121   -0.145946
    2122   -0.145946
    2123   -0.144754
    2124   -0.144754
    2125   -0.143484
    2126   -0.143484
    2127   -0.142127
    2128   -0.142127
    2129   -0.140692
    2130   -0.140692
    2131   -0.139177
    2132   -0.139177
    2133   -0.137574
    2134   -0.137574
    2135   -0.135877
    2136   -0.135877
    2137   -0.134086
    2138   -0.134086
    2139   -0.132182
    2140   -0.132182
    2141   -0.130162
    2142   -0.130162
    2143   -0.128043
    2144   -0.128043
    2145   -0.125812
    2146   -0.125812
    2147   -0.123472
    2148   -0.123472
    2149   -0.121041
    2150   -0.121041
    2151   -0.118525
    2152   -0.118525
    2153   -0.115906
    2154   -0.115906
    2155   -0.113134
    2156   -0.113134
    2157   -0.110163
    2158   -0.110163
    2159   -0.106964
    2160   -0.106964
    2161   -0.103536
    2162   -0.103536
    2163   -0.099897
    2164   -0.099897
    2165   -0.095891
    2166   -0.095891
    2167   -0.091220
    2168   -0.091220
    2169   -0.085637
    2170   -0.085637
    2171   -0.078819
    2172   -0.078819
    2173   -0.070437
    2174   -0.070437
    2175   -0.060724
    2176   -0.060724
    2177   -0.052366
    2178   -0.052366
    2179   -0.222933
    2180   -0.222933
    2181   -0.222747
    2182   -0.222747
    2183   -0.222425
    2184   -0.222425
    2185   -0.221910
    2186   -0.221910
    2187   -0.221191
    2188   -0.221191
    2189   -0.220460
    2190   -0.220460
    2191   -0.219861
    2192   -0.219861
    2193   -0.219435
    2194   -0.219435
    2195   -0.219135
    2196   -0.219135
    2197   -0.218820
    2198   -0.218820
    2199   -0.218454
    2200   -0.218454
    2201   -0.218100
    2202   -0.218100
    2203   -0.217767
    2204   -0.217767
    2205   -0.217417
    2206   -0.217417
    2207   -0.217049
    2208   -0.217049
    2209   -0.216703
    2210   -0.216703
    2211   -0.216377
    2212   -0.216377
    2213   -0.216025
    2214   -0.216025
    2215   -0.215648
    2216   -0.215648
    2217   -0.215283
    2218   -0.215283
    2219   -0.214937
    2220   -0.214937
    2221   -0.214591
    2222   -0.214591
    2223   -0.214247
    2224   -0.214247
    2225   -0.213917
    2226   -0.213917
    2227   -0.213596
    2228   -0.213596
    2229   -0.213277
    2230   -0.213277
    2231   -0.212962
    2232   -0.212962
    2233   -0.212648
    2234   -0.212648
    2235   -0.212330
    2236   -0.212330
    2237   -0.212007
    2238   -0.212007
    2239   -0.211678
    2240   -0.211678
    2241   -0.211331
    2242   -0.211331
    2243   -0.210965
    2244   -0.210965
    2245   -0.210600
    2246   -0.210600
    2247   -0.210241
    2248   -0.210241
    2249   -0.209877
    2250   -0.209877
    2251   -0.209505
    2252   -0.209505
    2253   -0.209128
    2254   -0.209128
    2255   -0.208753
    2256   -0.208753
    2257   -0.208375
    2258   -0.208375
    2259   -0.207980
    2260   -0.207980
    2261   -0.207553
    2262   -0.207553
    2263   -0.207094
    2264   -0.207094
    2265   -0.206615
    2266   -0.206615
    2267   -0.206113
    2268   -0.206113
    2269   -0.205567
    2270   -0.205567
    2271   -0.204967
    2272   -0.204967
    2273   -0.204313
    2274   -0.204313
    2275   -0.203604
    2276   -0.203604
    2277   -0.202848
    2278   -0.202848
    2279   -0.202049
    2280   -0.202049
    2281   -0.201215
    2282   -0.201215
    2283   -0.200352
    2284   -0.200352
    2285   -0.199459
    2286   -0.199459
    2287   -0.198531
    2288   -0.198531
    2289   -0.197548
    2290   -0.197548
    2291   -0.196495
    2292   -0.196495
    2293   -0.195377
    2294   -0.195377
    2295   -0.194223
    2296   -0.194223
    2297   -0.193170
    2298   -0.193170
    2299   -0.192365
    2300   -0.192365
    2301   -0.191756
    2302   -0.191756
    2303   -0.191199
    2304   -0.191199
    2305   -0.190601
    2306   -0.190601
    2307   -0.189892
    2308   -0.189892
    2309   -0.189051
    2310   -0.189051
    2311   -0.188084
    2312   -0.188084
    2313   -0.186990
    2314   -0.186990
    2315   -0.185761
    2316   -0.185761
    2317   -0.184396
    2318   -0.184396
    2319   -0.182919
    2320   -0.182919
    2321   -0.181368
    2322   -0.181368
    2323   -0.179737
    2324   -0.179737
    2325   -0.177997
    2326   -0.177997
    2327   -0.176146
    2328   -0.176146
    2329   -0.174195
    2330   -0.174195
    2331   -0.172150
    2332   -0.172150
    2333   -0.170000
    2334   -0.170000
    2335   -0.167735
    2336   -0.167735
    2337   -0.165364
    2338   -0.165364
    2339   -0.162887
    2340   -0.162887
    2341   -0.160275
    2342   -0.160275
    2343   -0.157505
    2344   -0.157505
    2345   -0.154616
    2346   -0.154616
    2347   -0.151628
    2348   -0.151628
    2349   -0.148528
    2350   -0.148528
    2351   -0.145325
    2352   -0.145325
    2353   -0.141988
    2354   -0.141988
    2355   -0.138458
    2356   -0.138458
    2357   -0.134677
    2358   -0.134677
    2359   -0.130594
    2360   -0.130594
    2361   -0.126255
    2362   -0.126255
    2363   -0.121554
    2364   -0.121554
    2365   -0.116113
    2366   -0.116113
    2367   -0.109691
    2368   -0.109691
    2369   -0.101927
    2370   -0.101927
    2371   -0.092232
    2372   -0.092232
    2373   -0.080647
    2374   -0.080647
    2375   -0.070413
    2376   -0.070413
    2377   -0.278932
    2378   -0.278932
    2379   -0.279104
    2380   -0.279104
    2381   -0.279353
    2382   -0.279353
    2383   -0.279462
    2384   -0.279462
    2385   -0.279318
    2386   -0.279318
    2387   -0.278769
    2388   -0.278769
    2389   -0.277894
    2390   -0.277894
    2391   -0.276958
    2392   -0.276958
    2393   -0.276083
    2394   -0.276083
    2395   -0.275295
    2396   -0.275295
    2397   -0.274619
    2398   -0.274619
    2399   -0.274071
    2400   -0.274071
    2401   -0.273615
    2402   -0.273615
    2403   -0.273174
    2404   -0.273174
    2405   -0.272734
    2406   -0.272734
    2407   -0.272341
    2408   -0.272341
    2409   -0.271995
    2410   -0.271995
    2411   -0.271636
    2412   -0.271636
    2413   -0.271252
    2414   -0.271252
    2415   -0.270880
    2416   -0.270880
    2417   -0.270529
    2418   -0.270529
    2419   -0.270165
    2420   -0.270165
    2421   -0.269785
    2422   -0.269785
    2423   -0.269412
    2424   -0.269412
    2425   -0.269052
    2426   -0.269052
    2427   -0.268706
    2428   -0.268706
    2429   -0.268357
    2430   -0.268357
    2431   -0.267977
    2432   -0.267977
    2433   -0.267573
    2434   -0.267573
    2435   -0.267168
    2436   -0.267168
    2437   -0.266757
    2438   -0.266757
    2439   -0.266320
    2440   -0.266320
    2441   -0.265870
    2442   -0.265870
    2443   -0.265436
    2444   -0.265436
    2445   -0.265023
    2446   -0.265023
    2447   -0.264618
    2448   -0.264618
    2449   -0.264215
    2450   -0.264215
    2451   -0.263811
    2452   -0.263811
    2453   -0.263401
    2454   -0.263401
    2455   -0.262985
    2456   -0.262985
    2457   -0.262561
    2458   -0.262561
    2459   -0.262109
    2460   -0.262109
    2461   -0.261617
    2462   -0.261617
    2463   -0.261095
    2464   -0.261095
    2465   -0.260538
    2466   -0.260538
    2467   -0.259925
    2468   -0.259925
    2469   -0.259256
    2470   -0.259256
    2471   -0.258542
    2472   -0.258542
    2473   -0.257787
    2474   -0.257787
    2475   -0.256982
    2476   -0.256982
    2477   -0.256122
    2478   -0.256122
    2479   -0.255221
    2480   -0.255221
    2481   -0.254290
    2482   -0.254290
    2483   -0.253318
    2484   -0.253318
    2485   -0.252285
    2486   -0.252285
    2487   -0.251159
    2488   -0.251159
    2489   -0.249930
    2490   -0.249930
    2491   -0.248611
    2492   -0.248611
    2493   -0.247220
    2494   -0.247220
    2495   -0.245902
    2496   -0.245902
    2497   -0.244842
    2498   -0.244842
    2499   -0.243973
    2500   -0.243973
    2501   -0.243124
    2502   -0.243124
    2503   -0.242194
    2504   -0.242194
    2505   -0.241120
    2506   -0.241120
    2507   -0.239886
    2508   -0.239886
    2509   -0.238506
    2510   -0.238506
    2511   -0.236996
    2512   -0.236996
    2513   -0.235336
    2514   -0.235336
    2515   -0.233497
    2516   -0.233497
    2517   -0.231514
    2518   -0.231514
    2519   -0.229426
    2520   -0.229426
    2521   -0.227230
    2522   -0.227230
    2523   -0.224909
    2524   -0.224909
    2525   -0.222459
    2526   -0.222459
    2527   -0.219893
    2528   -0.219893
    2529   -0.217216
    2530   -0.217216
    2531   -0.214406
    2532   -0.214406
    2533   -0.211453
    2534   -0.211453
    2535   -0.208384
    2536   -0.208384
    2537   -0.205198
    2538   -0.205198
    2539   -0.201851
    2540   -0.201851
    2541   -0.198329
    2542   -0.198329
    2543   -0.194648
    2544   -0.194648
    2545   -0.190822
    2546   -0.190822
    2547   -0.186872
    2548   -0.186872
    2549   -0.182819
    2550   -0.182819
    2551   -0.178640
    2552   -0.178640
    2553   -0.174295
    2554   -0.174295
    2555   -0.169734
    2556   -0.169734
    2557   -0.164835
    2558   -0.164835
    2559   -0.159587
    2560   -0.159587
    2561   -0.153917
    2562   -0.153917
    2563   -0.147459
    2564   -0.147459
    2565   -0.140096
    2566   -0.140096
    2567   -0.131483
    2568   -0.131483
    2569   -0.120750
    2570   -0.120750
    2571   -0.107545
    2572   -0.107545
    2573   -0.095522
    2574   -0.095522
    2575   -0.347204
    2576   -0.347204
    2577   -0.347277
    2578   -0.347277
    2579   -0.347418
    2580   -0.347418
    2581   -0.347662
    2582   -0.347662
    2583   -0.347936
    2584   -0.347936
    2585   -0.347554
    2586   -0.347554
    2587   -0.346400
    2588   -0.346400
    2589   -0.344984
    2590   -0.344984
    2591   -0.343585
    2592   -0.343585
    2593   -0.342349
    2594   -0.342349
    2595   -0.341320
    2596   -0.341320
    2597   -0.340459
    2598   -0.340459
    2599   -0.339725
    2600   -0.339725
    2601   -0.339073
    2602   -0.339073
    2603   -0.338484
    2604   -0.338484
    2605   -0.337964
    2606   -0.337964
    2607   -0.337495
    2608   -0.337495
    2609   -0.337043
    2610   -0.337043
    2611   -0.336594
    2612   -0.336594
    2613   -0.336168
    2614   -0.336168
    2615   -0.335768
    2616   -0.335768
    2617   -0.335362
    2618   -0.335362
    2619   -0.334938
    2620   -0.334938
    2621   -0.334502
    2622   -0.334502
    2623   -0.334075
    2624   -0.334075
    2625   -0.333684
    2626   -0.333684
    2627   -0.333311
    2628   -0.333311
    2629   -0.332909
    2630   -0.332909
    2631   -0.332471
    2632   -0.332471
    2633   -0.332019
    2634   -0.332019
    2635   -0.331551
    2636   -0.331551
    2637   -0.331065
    2638   -0.331065
    2639   -0.330576
    2640   -0.330576
    2641   -0.330099
    2642   -0.330099
    2643   -0.329633
    2644   -0.329633
    2645   -0.329173
    2646   -0.329173
    2647   -0.328719
    2648   -0.328719
    2649   -0.328267
    2650   -0.328267
    2651   -0.327798
    2652   -0.327798
    2653   -0.327305
    2654   -0.327305
    2655   -0.326798
    2656   -0.326798
    2657   -0.326272
    2658   -0.326272
    2659   -0.325710
    2660   -0.325710
    2661   -0.325102
    2662   -0.325102
    2663   -0.324441
    2664   -0.324441
    2665   -0.323724
    2666   -0.323724
    2667   -0.322957
    2668   -0.322957
    2669   -0.322154
    2670   -0.322154
    2671   -0.321316
    2672   -0.321316
    2673   -0.320429
    2674   -0.320429
    2675   -0.319479
    2676   -0.319479
    2677   -0.318460
    2678   -0.318460
    2679   -0.317376
    2680   -0.317376
    2681   -0.316233
    2682   -0.316233
    2683   -0.315015
    2684   -0.315015
    2685   -0.313685
    2686   -0.313685
    2687   -0.312224
    2688   -0.312224
    2689   -0.310639
    2690   -0.310639
    2691   -0.308930
    2692   -0.308930
    2693   -0.307222
    2694   -0.307222
    2695   -0.305722
    2696   -0.305722
    2697   -0.304389
    2698   -0.304389
    2699   -0.303027
    2700   -0.303027
    2701   -0.301529
    2702   -0.301529
    2703   -0.299859
    2704   -0.299859
    2705   -0.298016
    2706   -0.298016
    2707   -0.296013
    2708   -0.296013
    2709   -0.293882
    2710   -0.293882
    2711   -0.291595
    2712   -0.291595
    2713   -0.289107
    2714   -0.289107
    2715   -0.286449
    2716   -0.286449
    2717   -0.283632
    2718   -0.283632
    2719   -0.280650
    2720   -0.280650
    2721   -0.277507
    2722   -0.277507
    2723   -0.274209
    2724   -0.274209
    2725   -0.270779
    2726   -0.270779
    2727   -0.267206
    2728   -0.267206
    2729   -0.263457
    2730   -0.263457
    2731   -0.259532
    2732   -0.259532
    2733   -0.255465
    2734   -0.255465
    2735   -0.251243
    2736   -0.251243
    2737   -0.246824
    2738   -0.246824
    2739   -0.242224
    2740   -0.242224
    2741   -0.237457
    2742   -0.237457
    2743   -0.232519
    2744   -0.232519
    2745   -0.227406
    2746   -0.227406
    2747   -0.222107
    2748   -0.222107
    2749   -0.216648
    2750   -0.216648
    2751   -0.211032
    2752   -0.211032
    2753   -0.205191
    2754   -0.205191
    2755   -0.199019
    2756   -0.199019
    2757   -0.192474
    2758   -0.192474
    2759   -0.185523
    2760   -0.185523
    2761   -0.178024
    2762   -0.178024
    2763   -0.169830
    2764   -0.169830
    2765   -0.160519
    2766   -0.160519
    2767   -0.149315
    2768   -0.149315
    2769   -0.135504
    2770   -0.135504
    2771   -0.122660
    2772   -0.122660
    2773   -0.408184
    2774   -0.408184
    2775   -0.407458
    2776   -0.407458
    2777   -0.406389
    2778   -0.406389
    2779   -0.405372
    2780   -0.405372
    2781   -0.404622
    2782   -0.404622
    2783   -0.403588
    2784   -0.403588
    2785   -0.402010
    2786   -0.402010
    2787   -0.400290
    2788   -0.400290
    2789   -0.398665
    2790   -0.398665
    2791   -0.397192
    2792   -0.397192
    2793   -0.395876
    2794   -0.395876
    2795   -0.394720
    2796   -0.394720
    2797   -0.393717
    2798   -0.393717
    2799   -0.392828
    2800   -0.392828
    2801   -0.392036
    2802   -0.392036
    2803   -0.391332
    2804   -0.391332
    2805   -0.390691
    2806   -0.390691
    2807   -0.390092
    2808   -0.390092
    2809   -0.389529
    2810   -0.389529
    2811   -0.389017
    2812   -0.389017
    2813   -0.388554
    2814   -0.388554
    2815   -0.388105
    2816   -0.388105
    2817   -0.387645
    2818   -0.387645
    2819   -0.387168
    2820   -0.387168
    2821   -0.386698
    2822   -0.386698
    2823   -0.386259
    2824   -0.386259
    2825   -0.385835
    2826   -0.385835
    2827   -0.385394
    2828   -0.385394
    2829   -0.384927
    2830   -0.384927
    2831   -0.384441
    2832   -0.384441
    2833   -0.383935
    2834   -0.383935
    2835   -0.383409
    2836   -0.383409
    2837   -0.382878
    2838   -0.382878
    2839   -0.382347
    2840   -0.382347
    2841   -0.381811
    2842   -0.381811
    2843   -0.381274
    2844   -0.381274
    2845   -0.380745
    2846   -0.380745
    2847   -0.380211
    2848   -0.380211
    2849   -0.379649
    2850   -0.379649
    2851   -0.379045
    2852   -0.379045
    2853   -0.378404
    2854   -0.378404
    2855   -0.377735
    2856   -0.377735
    2857   -0.377030
    2858   -0.377030
    2859   -0.376268
    2860   -0.376268
    2861   -0.375443
    2862   -0.375443
    2863   -0.374564
    2864   -0.374564
    2865   -0.373638
    2866   -0.373638
    2867   -0.372673
    2868   -0.372673
    2869   -0.371667
    2870   -0.371667
    2871   -0.370603
    2872   -0.370603
    2873   -0.369468
    2874   -0.369468
    2875   -0.368242
    2876   -0.368242
    2877   -0.366925
    2878   -0.366925
    2879   -0.365527
    2880   -0.365527
    2881   -0.364038
    2882   -0.364038
    2883   -0.362422
    2884   -0.362422
    2885   -0.360647
    2886   -0.360647
    2887   -0.358708
    2888   -0.358708
    2889   -0.356616
    2890   -0.356616
    2891   -0.354456
    2892   -0.354456
    2893   -0.352374
    2894   -0.352374
    2895   -0.350323
    2896   -0.350323
    2897   -0.348142
    2898   -0.348142
    2899   -0.345780
    2900   -0.345780
    2901   -0.343234
    2902   -0.343234
    2903   -0.340484
    2904   -0.340484
    2905   -0.337540
    2906   -0.337540
    2907   -0.334469
    2908   -0.334469
    2909   -0.331258
    2910   -0.331258
    2911   -0.327820
    2912   -0.327820
    2913   -0.324151
    2914   -0.324151
    2915   -0.320277
    2916   -0.320277
    2917   -0.316192
    2918   -0.316192
    2919   -0.311863
    2920   -0.311863
    2921   -0.307312
    2922   -0.307312
    2923   -0.302612
    2924   -0.302612
    2925   -0.297738
    2926   -0.297738
    2927   -0.292609
    2928   -0.292609
    2929   -0.287235
    2930   -0.287235
    2931   -0.281699
    2932   -0.281699
    2933   -0.275988
    2934   -0.275988
    2935   -0.270003
    2936   -0.270003
    2937   -0.263767
    2938   -0.263767
    2939   -0.257380
    2940   -0.257380
    2941   -0.250822
    2942   -0.250822
    2943   -0.243973
    2944   -0.243973
    2945   -0.236802
    2946   -0.236802
    2947   -0.229434
    2948   -0.229434
    2949   -0.221900
    2950   -0.221900
    2951   -0.214084
    2952   -0.214084
    2953   -0.205928
    2954   -0.205928
    2955   -0.197448
    2956   -0.197448
    2957   -0.188755
    2958   -0.188755
    2959   -0.179997
    2960   -0.179997
    2961   -0.170858
    2962   -0.170858
    2963   -0.160955
    2964   -0.160955
    2965   -0.150210
    2966   -0.150210
    2967   -0.137899
    2968   -0.137899
    2969   -0.126614
    2970   -0.126614
    2971   -0.424868
    2972   -0.424868
    2973   -0.422310
    2974   -0.422310
    2975   -0.418607
    2976   -0.418607
    2977   -0.414885
    2978   -0.414885
    2979   -0.411658
    2980   -0.411658
    2981   -0.409014
    2982   -0.409014
    2983   -0.406717
    2984   -0.406717
    2985   -0.404753
    2986   -0.404753
    2987   -0.403080
    2988   -0.403080
    2989   -0.401472
    2990   -0.401472
    2991   -0.399879
    2992   -0.399879
    2993   -0.398442
    2994   -0.398442
    2995   -0.397183
    2996   -0.397183
    2997   -0.396035
    2998   -0.396035
    2999   -0.394979
    3000   -0.394979
    3001   -0.394026
    3002   -0.394026
    3003   -0.393163
    3004   -0.393163
    3005   -0.392377
    3006   -0.392377
    3007   -0.391667
    3008   -0.391667
    3009   -0.391033
    3010   -0.391033
    3011   -0.390463
    3012   -0.390463
    3013   -0.389928
    3014   -0.389928
    3015   -0.389401
    3016   -0.389401
    3017   -0.388885
    3018   -0.388885
    3019   -0.388389
    3020   -0.388389
    3021   -0.387889
    3022   -0.387889
    3023   -0.387367
    3024   -0.387367
    3025   -0.386836
    3026   -0.386836
    3027   -0.386308
    3028   -0.386308
    3029   -0.385773
    3030   -0.385773
    3031   -0.385217
    3032   -0.385217
    3033   -0.384633
    3034   -0.384633
    3035   -0.384029
    3036   -0.384029
    3037   -0.383403
    3038   -0.383403
    3039   -0.382751
    3040   -0.382751
    3041   -0.382091
    3042   -0.382091
    3043   -0.381431
    3044   -0.381431
    3045   -0.380745
    3046   -0.380745
    3047   -0.380019
    3048   -0.380019
    3049   -0.379244
    3050   -0.379244
    3051   -0.378402
    3052   -0.378402
    3053   -0.377501
    3054   -0.377501
    3055   -0.376544
    3056   -0.376544
    3057   -0.375520
    3058   -0.375520
    3059   -0.374432
    3060   -0.374432
    3061   -0.373291
    3062   -0.373291
    3063   -0.372098
    3064   -0.372098
    3065   -0.370846
    3066   -0.370846
    3067   -0.369525
    3068   -0.369525
    3069   -0.368130
    3070   -0.368130
    3071   -0.366651
    3072   -0.366651
    3073   -0.365071
    3074   -0.365071
    3075   -0.363384
    3076   -0.363384
    3077   -0.361591
    3078   -0.361591
    3079   -0.359679
    3080   -0.359679
    3081   -0.357614
    3082   -0.357614
    3083   -0.355364
    3084   -0.355364
    3085   -0.352916
    3086   -0.352916
    3087   -0.350300
    3088   -0.350300
    3089   -0.347549
    3090   -0.347549
    3091   -0.344668
    3092   -0.344668
    3093   -0.341578
    3094   -0.341578
    3095   -0.338187
    3096   -0.338187
    3097   -0.334542
    3098   -0.334542
    3099   -0.330682
    3100   -0.330682
    3101   -0.326555
    3102   -0.326555
    3103   -0.322148
    3104   -0.322148
    3105   -0.317537
    3106   -0.317537
    3107   -0.312753
    3108   -0.312753
    3109   -0.307705
    3110   -0.307705
    3111   -0.302327
    3112   -0.302327
    3113   -0.296699
    3114   -0.296699
    3115   -0.290832
    3116   -0.290832
    3117   -0.284615
    3118   -0.284615
    3119   -0.278071
    3120   -0.278071
    3121   -0.271328
    3122   -0.271328
    3123   -0.264362
    3124   -0.264362
    3125   -0.257050
    3126   -0.257050
    3127   -0.249399
    3128   -0.249399
    3129   -0.241529
    3130   -0.241529
    3131   -0.233442
    3132   -0.233442
    3133   -0.224982
    3134   -0.224982
    3135   -0.216152
    3136   -0.216152
    3137   -0.207116
    3138   -0.207116
    3139   -0.197857
    3140   -0.197857
    3141   -0.188186
    3142   -0.188186
    3143   -0.178078
    3144   -0.178078
    3145   -0.167714
    3146   -0.167714
    3147   -0.157127
    3148   -0.157127
    3149   -0.146197
    3150   -0.146197
    3151   -0.134910
    3152   -0.134910
    3153   -0.123411
    3154   -0.123411
    3155   -0.111933
    3156   -0.111933
    3157   -0.100663
    3158   -0.100663
    3159   -0.089534
    3160   -0.089534
    3161   -0.078887
    3162   -0.078887
    3163   -0.069631
    3164   -0.069631
    3165   -0.061657
    3166   -0.061657
    3167   -0.055553
    3168   -0.055553
    3169   -0.356892
    3170   -0.356892
    3171   -0.350983
    3172   -0.350983
    3173   -0.342898
    3174   -0.342898
    3175   -0.335565
    3176   -0.335565
    3177   -0.329359
    3178   -0.329359
    3179   -0.324531
    3180   -0.324531
    3181   -0.320908
    3182   -0.320908
    3183   -0.318094
    3184   -0.318094
    3185   -0.315753
    3186   -0.315753
    3187   -0.313546
    3188   -0.313546
    3189   -0.311398
    3190   -0.311398
    3191   -0.309438
    3192   -0.309438
    3193   -0.307676
    3194   -0.307676
    3195   -0.306061
    3196   -0.306061
    3197   -0.304575
    3198   -0.304575
    3199   -0.303217
    3200   -0.303217
    3201   -0.301985
    3202   -0.301985
    3203   -0.300890
    3204   -0.300890
    3205   -0.299929
    3206   -0.299929
    3207   -0.299052
    3208   -0.299052
    3209   -0.298240
    3210   -0.298240
    3211   -0.297510
    3212   -0.297510
    3213   -0.296844
    3214   -0.296844
    3215   -0.296217
    3216   -0.296217
    3217   -0.295604
    3218   -0.295604
    3219   -0.294964
    3220   -0.294964
    3221   -0.294288
    3222   -0.294288
    3223   -0.293607
    3224   -0.293607
    3225   -0.292940
    3226   -0.292940
    3227   -0.292287
    3228   -0.292287
    3229   -0.291627
    3230   -0.291627
    3231   -0.290932
    3232   -0.290932
    3233   -0.290192
    3234   -0.290192
    3235   -0.289399
    3236   -0.289399
    3237   -0.288551
    3238   -0.288551
    3239   -0.287660
    3240   -0.287660
    3241   -0.286730
    3242   -0.286730
    3243   -0.285753
    3244   -0.285753
    3245   -0.284729
    3246   -0.284729
    3247   -0.283636
    3248   -0.283636
    3249   -0.282441
    3250   -0.282441
    3251   -0.281149
    3252   -0.281149
    3253   -0.279770
    3254   -0.279770
    3255   -0.278289
    3256   -0.278289
    3257   -0.276725
    3258   -0.276725
    3259   -0.275116
    3260   -0.275116
    3261   -0.273454
    3262   -0.273454
    3263   -0.271692
    3264   -0.271692
    3265   -0.269812
    3266   -0.269812
    3267   -0.267837
    3268   -0.267837
    3269   -0.265754
    3270   -0.265754
    3271   -0.263517
    3272   -0.263517
    3273   -0.261122
    3274   -0.261122
    3275   -0.258598
    3276   -0.258598
    3277   -0.255926
    3278   -0.255926
    3279   -0.253042
    3280   -0.253042
    3281   -0.249930
    3282   -0.249930
    3283   -0.246607
    3284   -0.246607
    3285   -0.243042
    3286   -0.243042
    3287   -0.239132
    3288   -0.239132
    3289   -0.234829
    3290   -0.234829
    3291   -0.230087
    3292   -0.230087
    3293   -0.224801
    3294   -0.224801
    3295   -0.219032
    3296   -0.219032
    3297   -0.212919
    3298   -0.212919
    3299   -0.206475
    3300   -0.206475
    3301   -0.199647
    3302   -0.199647
    3303   -0.192398
    3304   -0.192398
    3305   -0.184793
    3306   -0.184793
    3307   -0.176882
    3308   -0.176882
    3309   -0.168580
    3310   -0.168580
    3311   -0.159872
    3312   -0.159872
    3313   -0.150783
    3314   -0.150783
    3315   -0.141306
    3316   -0.141306
    3317   -0.131430
    3318   -0.131430
    3319   -0.121133
    3320   -0.121133
    3321   -0.110422
    3322   -0.110422
    3323   -0.099340
    3324   -0.099340
    3325   -0.087878
    3326   -0.087878
    3327   -0.075968
    3328   -0.075968
    3329   -0.063614
    3330   -0.063614
    3331   -0.050855
    3332   -0.050855
    3333   -0.037674
    3334   -0.037674
    3335   -0.024031
    3336   -0.024031
    3337   -0.009925
    3338   -0.009925
    3339    0.004622
    3340    0.004622
    3341    0.019628
    3342    0.019628
    3343    0.035137
    3344    0.035137
    3345    0.051132
    3346    0.051132
    3347    0.067501
    3348    0.067501
    3349    0.084178
    3350    0.084178
    3351    0.101054
    3352    0.101054
    3353    0.117804
    3354    0.117804
    3355    0.134002
    3356    0.134002
    3357    0.148943
    3358    0.148943
    3359    0.161182
    3360    0.161182
    3361    0.168657
    3362    0.168657
    3363    0.169807
    3364    0.169807
    3365    0.166817
    3366    0.166817
    3367   -0.166039
    3368   -0.166039
    3369   -0.154484
    3370   -0.154484
    3371   -0.139468
    3372   -0.139468
    3373   -0.127009
    3374   -0.127009
    3375   -0.116718
    3376   -0.116718
    3377   -0.108662
    3378   -0.108662
    3379   -0.102675
    3380   -0.102675
    3381   -0.097829
    3382   -0.097829
    3383   -0.093562
    3384   -0.093562
    3385   -0.089796
    3386   -0.089796
    3387   -0.086462
    3388   -0.086462
    3389   -0.083403
    3390   -0.083403
    3391   -0.080568
    3392   -0.080568
    3393   -0.078011
    3394   -0.078011
    3395   -0.075709
    3396   -0.075709
    3397   -0.073568
    3398   -0.073568
    3399   -0.071601
    3400   -0.071601
    3401   -0.069903
    3402   -0.069903
    3403   -0.068453
    3404   -0.068453
    3405   -0.067096
    3406   -0.067096
    3407   -0.065796
    3408   -0.065796
    3409   -0.064664
    3410   -0.064664
    3411   -0.063697
    3412   -0.063697
    3413   -0.062775
    3414   -0.062775
    3415   -0.061835
    3416   -0.061835
    3417   -0.060885
    3418   -0.060885
    3419   -0.059935
    3420   -0.059935
    3421   -0.058970
    3422   -0.058970
    3423   -0.057999
    3424   -0.057999
    3425   -0.057070
    3426   -0.057070
    3427   -0.056176
    3428   -0.056176
    3429   -0.055238
    3430   -0.055238
    3431   -0.054206
    3432   -0.054206
    3433   -0.053093
    3434   -0.053093
    3435   -0.051883
    3436   -0.051883
    3437   -0.050525
    3438   -0.050525
    3439   -0.049039
    3440   -0.049039
    3441   -0.047503
    3442   -0.047503
    3443   -0.045915
    3444   -0.045915
    3445   -0.044188
    3446   -0.044188
    3447   -0.042295
    3448   -0.042295
    3449   -0.040288
    3450   -0.040288
    3451   -0.038157
    3452   -0.038157
    3453   -0.035822
    3454   -0.035822
    3455   -0.033332
    3456   -0.033332
    3457   -0.030824
    3458   -0.030824
    3459   -0.028277
    3460   -0.028277
    3461   -0.025540
    3462   -0.025540
    3463   -0.022594
    3464   -0.022594
    3465   -0.019533
    3466   -0.019533
    3467   -0.016323
    3468   -0.016323
    3469   -0.012811
    3470   -0.012811
    3471   -0.008997
    3472   -0.008997
    3473   -0.005034
    3474   -0.005034
    3475   -0.000893
    3476   -0.000893
    3477    0.003612
    3478    0.003612
    3479    0.008469
    3480    0.008469
    3481    0.013544
    3482    0.013544
    3483    0.019044
    3484    0.019044
    3485    0.025471
    3486    0.025471
    3487    0.032783
    3488    0.032783
    3489    0.040698
    3490    0.040698
    3491    0.049376
    3492    0.049376
    3493    0.058974
    3494    0.058974
    3495    0.069295
    3496    0.069295
    3497    0.080020
    3498    0.080020
    3499    0.091202
    3500    0.091202
    3501    0.103200
    3502    0.103200
    3503    0.115954
    3504    0.115954
    3505    0.129058
    3506    0.129058
    3507    0.142573
    3508    0.142573
    3509    0.156909
    3510    0.156909
    3511    0.172029
    3512    0.172029
    3513    0.187495
    3514    0.187495
    3515    0.203367
    3516    0.203367
    3517    0.220197
    3518    0.220197
    3519    0.237945
    3520    0.237945
    3521    0.256018
    3522    0.256018
    3523    0.274437
    3524    0.274437
    3525    0.293853
    3526    0.293853
    3527    0.314275
    3528    0.314275
    3529    0.335043
    3530    0.335043
    3531    0.356178
    3532    0.356178
    3533    0.378382
    3534    0.378382
    3535    0.401644
    3536    0.401644
    3537    0.425242
    3538    0.425242
    3539    0.449191
    3540    0.449191
    3541    0.474264
    3542    0.474264
    3543    0.500493
    3544    0.500493
    3545    0.527097
    3546    0.527097
    3547    0.553874
    3548    0.553874
    3549    0.581109
    3550    0.581109
    3551    0.608235
    3552    0.608235
    3553    0.633745
    3554    0.633745
    3555    0.655899
    3556    0.655899
    3557    0.672171
    3558    0.672171
    3559    0.678733
    3560    0.678733
    3561    0.671082
    3562    0.671082
    3563    0.654950
    3564    0.654950
    3565    0.197361
    3566    0.197361
    3567    0.219625
    3568    0.219625
    3569    0.247749
    3570    0.247749
    3571    0.269585
    3572    0.269585
    3573    0.287413
    3574    0.287413
    3575    0.301213
    3576    0.301213
    3577    0.311270
    3578    0.311270
    3579    0.319802
    3580    0.319802
    3581    0.327714
    3582    0.327714
    3583    0.334457
    3584    0.334457
    3585    0.340077
    3586    0.340077
    3587    0.345279
    3588    0.345279
    3589    0.350227
    3590    0.350227
    3591    0.354617
    3592    0.354617
    3593    0.358475
    3594    0.358475
    3595    0.362134
    3596    0.362134
    3597    0.365560
    3598    0.365560
    3599    0.368434
    3600    0.368434
    3601    0.370819
    3602    0.370819
    3603    0.373096
    3604    0.373096
    3605    0.375332
    3606    0.375332
    3607    0.377268
    3608    0.377268
    3609    0.378874
    3610    0.378874
    3611    0.380427
    3612    0.380427
    3613    0.382050
    3614    0.382050
    3615    0.383626
    3616    0.383626
    3617    0.385123
    3618    0.385123
    3619    0.386663
    3620    0.386663
    3621    0.388258
    3622    0.388258
    3623    0.389767
    3624    0.389767
    3625    0.391156
    3626    0.391156
    3627    0.392607
    3628    0.392607
    3629    0.394257
    3630    0.394257
    3631    0.396028
    3632    0.396028
    3633    0.397953
    3634    0.397953
    3635    0.400244
    3636    0.400244
    3637    0.402843
    3638    0.402843
    3639    0.405470
    3640    0.405470
    3641    0.408148
    3642    0.408148
    3643    0.411136
    3644    0.411136
    3645    0.414428
    3646    0.414428
    3647    0.417816
    3648    0.417816
    3649    0.421362
    3650    0.421362
    3651    0.425359
    3652    0.425359
    3653    0.429707
    3654    0.429707
    3655    0.433982
    3656    0.433982
    3657    0.438237
    3658    0.438237
    3659    0.442897
    3660    0.442897
    3661    0.447976
    3662    0.447976
    3663    0.453166
    3664    0.453166
    3665    0.458550
    3666    0.458550
    3667    0.464559
    3668    0.464559
    3669    0.471178
    3670    0.471178
    3671    0.477965
    3672    0.477965
    3673    0.484964
    3674    0.484964
    3675    0.492672
    3676    0.492672
    3677    0.501047
    3678    0.501047
    3679    0.509628
    3680    0.509628
    3681    0.518922
    3682    0.518922
    3683    0.530340
    3684    0.530340
    3685    0.543787
    3686    0.543787
    3687    0.558116
    3688    0.558116
    3689    0.573215
    3690    0.573215
    3691    0.589865
    3692    0.589865
    3693    0.608209
    3694    0.608209
    3695    0.627132
    3696    0.627132
    3697    0.646498
    3698    0.646498
    3699    0.667465
    3700    0.667465
    3701    0.690008
    3702    0.690008
    3703    0.712911
    3704    0.712911
    3705    0.736222
    3706    0.736222
    3707    0.761237
    3708    0.761237
    3709    0.787886
    3710    0.787886
    3711    0.814751
    3712    0.814751
    3713    0.841976
    3714    0.841976
    3715    0.871252
    3716    0.871252
    3717    0.902513
    3718    0.902513
    3719    0.933950
    3720    0.933950
    3721    0.965595
    3722    0.965595
    3723    0.999381
    3724    0.999381
    3725    1.035343
    3726    1.035343
    3727    1.071487
    3728    1.071487
    3729    1.107800
    3730    1.107800
    3731    1.146413
    3732    1.146413
    3733    1.187369
    3734    1.187369
    3735    1.228377
    3736    1.228377
    3737    1.269409
    3738    1.269409
    3739    1.312872
    3740    1.312872
    3741    1.358914
    3742    1.358914
    3743    1.405278
    3744    1.405278
    3745    1.451539
    3746    1.451539
    3747    1.498976
    3748    1.498976
    3749    1.546573
    3750    1.546573
    3751    1.590570
    3752    1.590570
    3753    1.627672
    3754    1.627672
    3755    1.653967
    3756    1.653967
    3757    1.661880
    3758    1.661880
    3759    1.640615
    3760    1.640615
    3761    1.602184
    3762    1.602184
    3763    0.717441
    3764    0.717441
    3765    0.756967
    3766    0.756967
    3767    0.806328
    3768    0.806328
    3769    0.842666
    3770    0.842666
    3771    0.872282
    3772    0.872282
    3773    0.894788
    3774    0.894788
    3775    0.910636
    3776    0.910636
    3777    0.924486
    3778    0.924486
    3779    0.937829
    3780    0.937829
    3781    0.949016
    3782    0.949016
    3783    0.958056
    3784    0.958056
    3785    0.966532
    3786    0.966532
    3787    0.974766
    3788    0.974766
    3789    0.981997
    3790    0.981997
    3791    0.988208
    3792    0.988208
    3793    0.994188
    3794    0.994188
    3795    0.999892
    3796    0.999892
    3797    1.004578
    3798    1.004578
    3799    1.008370
    3800    1.008370
    3801    1.012065
    3802    1.012065
    3803    1.015771
    3804    1.015771
    3805    1.018957
    3806    1.018957
    3807    1.021548
    3808    1.021548
    3809    1.024086
    3810    1.024086
    3811    1.026778
    3812    1.026778
    3813    1.029341
    3814    1.029341
    3815    1.031707
    3816    1.031707
    3817    1.034155
    3818    1.034155
    3819    1.036739
    3820    1.036739
    3821    1.039166
    3822    1.039166
    3823    1.041331
    3824    1.041331
    3825    1.043598
    3826    1.043598
    3827    1.046248
    3828    1.046248
    3829    1.049071
    3830    1.049071
    3831    1.052107
    3832    1.052107
    3833    1.055860
    3834    1.055860
    3835    1.060218
    3836    1.060218
    3837    1.064536
    3838    1.064536
    3839    1.068882
    3840    1.068882
    3841    1.073839
    3842    1.073839
    3843    1.079339
    3844    1.079339
    3845    1.084861
    3846    1.084861
    3847    1.090561
    3848    1.090561
    3849    1.097154
    3850    1.097154
    3851    1.104453
    3852    1.104453
    3853    1.111481
    3854    1.111481
    3855    1.118346
    3856    1.118346
    3857    1.126006
    3858    1.126006
    3859    1.134452
    3860    1.134452
    3861    1.142955
    3862    1.142955
    3863    1.151680
    3864    1.151680
    3865    1.161565
    3866    1.161565
    3867    1.172580
    3868    1.172580
    3869    1.183745
    3870    1.183745
    3871    1.195136
    3872    1.195136
    3873    1.207833
    3874    1.207833
    3875    1.221737
    3876    1.221737
    3877    1.235750
    3878    1.235750
    3879    1.250791
    3880    1.250791
    3881    1.269869
    3882    1.269869
    3883    1.292946
    3884    1.292946
    3885    1.317382
    3886    1.317382
    3887    1.342287
    3888    1.342287
    3889    1.369564
    3890    1.369564
    3891    1.400314
    3892    1.400314
    3893    1.431893
    3894    1.431893
    3895    1.463699
    3896    1.463699
    3897    1.498450
    3898    1.498450
    3899    1.536171
    3900    1.536171
    3901    1.574130
    3902    1.574130
    3903    1.612383
    3904    1.612383
    3905    1.653833
    3906    1.653833
    3907    1.698341
    3908    1.698341
    3909    1.742742
    3910    1.742742
    3911    1.787309
    3912    1.787309
    3913    1.835772
    3914    1.835772
    3915    1.888017
    3916    1.888017
    3917    1.940042
    3918    1.940042
    3919    1.991894
    3920    1.991894
    3921    2.047829
    3922    2.047829
    3923    2.107932
    3924    2.107932
    3925    2.167824
    3926    2.167824
    3927    2.227403
    3928    2.227403
    3929    2.291344
    3930    2.291344
    3931    2.359855
    3932    2.359855
    3933    2.427799
    3934    2.427799
    3935    2.495031
    3936    2.495031
    3937    2.566929
    3938    2.566929
    3939    2.643832
    3940    2.643832
    3941    2.720793
    3942    2.720793
    3943    2.797080
    3944    2.797080
    3945    2.875960
    3946    2.875960
    3947    2.955826
    3948    2.955826
    3949    3.029302
    3950    3.029302
    3951    3.090914
    3952    3.090914
    3953    3.135263
    3954    3.135263
    3955    3.148048
    3956    3.148048
    3957    3.105351
    3958    3.105351
    3959    3.029749
    3960    3.029749
