       1   -0.041647
       2   -0.041647
       3   -0.040380
       4   -0.040380
       5   -0.038631
       6   -0.038631
       7   -0.036579
       8   -0.036579
       9   -0.034110
      10   -0.034110
      11   -0.032624
      12   -0.032624
      13   -0.032499
      14   -0.032499
      15   -0.032974
      16   -0.032974
      17   -0.033535
      18   -0.033535
      19   -0.033773
      20   -0.033773
      21   -0.033685
      22   -0.033685
      23   -0.033483
      24   -0.033483
      25   -0.033277
      26   -0.033277
      27   -0.033137
      28   -0.033137
      29   -0.033082
      30   -0.033082
      31   -0.033079
      32   -0.033079
      33   -0.033071
      34   -0.033071
      35   -0.033052
      36   -0.033052
      37   -0.033048
      38   -0.033048
      39   -0.033059
      40   -0.033059
      41   -0.033071
      42   -0.033071
      43   -0.033091
      44   -0.033091
      45   -0.033111
      46   -0.033111
      47   -0.033081
      48   -0.033081
      49   -0.032999
      50   -0.032999
      51   -0.032915
      52   -0.032915
      53   -0.032852
      54   -0.032852
      55   -0.032794
      56   -0.032794
      57   -0.032716
      58   -0.032716
      59   -0.032621
      60   -0.032621
      61   -0.032544
      62   -0.032544
      63   -0.032488
      64   -0.032488
      65   -0.032438
      66   -0.032438
      67   -0.032391
      68   -0.032391
      69   -0.032330
      70   -0.032330
      71   -0.032241
      72   -0.032241
      73   -0.032139
      74   -0.032139
      75   -0.032035
      76   -0.032035
      77   -0.031922
      78   -0.031922
      79   -0.031795
      80   -0.031795
      81   -0.031643
      82   -0.031643
      83   -0.031477
      84   -0.031477
      85   -0.031320
      86   -0.031320
      87   -0.031169
      88   -0.031169
      89   -0.031029
      90   -0.031029
      91   -0.030887
      92   -0.030887
      93   -0.030717
      94   -0.030717
      95   -0.030534
      96   -0.030534
      97   -0.030331
      98   -0.030331
      99   -0.030077
     100   -0.030077
     101   -0.029784
     102   -0.029784
     103   -0.029495
     104   -0.029495
     105   -0.029253
     106   -0.029253
     107   -0.029030
     108   -0.029030
     109   -0.028720
     110   -0.028720
     111   -0.028281
     112   -0.028281
     113   -0.027759
     114   -0.027759
     115   -0.027246
     116   -0.027246
     117   -0.026760
     118   -0.026760
     119   -0.026529
     120   -0.026529
     121   -0.026743
     122   -0.026743
     123   -0.027149
     124   -0.027149
     125   -0.027547
     126   -0.027547
     127   -0.027873
     128   -0.027873
     129   -0.028136
     130   -0.028136
     131   -0.028338
     132   -0.028338
     133   -0.028418
     134   -0.028418
     135   -0.028456
     136   -0.028456
     137   -0.028577
     138   -0.028577
     139   -0.028789
     140   -0.028789
     141   -0.028846
     142   -0.028846
     143   -0.028514
     144   -0.028514
     145   -0.028031
     146   -0.028031
     147   -0.027709
     148   -0.027709
     149   -0.027454
     150   -0.027454
     151   -0.027084
     152   -0.027084
     153   -0.026694
     154   -0.026694
     155   -0.026424
     156   -0.026424
     157   -0.026159
     158   -0.026159
     159   -0.025831
     160   -0.025831
     161   -0.025526
     162   -0.025526
     163   -0.025189
     164   -0.025189
     165   -0.024616
     166   -0.024616
     167   -0.023794
     168   -0.023794
     169   -0.022911
     170   -0.022911
     171   -0.021930
     172   -0.021930
     173   -0.020514
     174   -0.020514
     175   -0.018501
     176   -0.018501
     177   -0.016269
     178   -0.016269
     179   -0.014201
     180   -0.014201
     181   -0.012104
     182   -0.012104
     183   -0.009784
     184   -0.009784
     185   -0.007111
     186   -0.007111
     187   -0.003963
     188   -0.003963
     189    0.000159
     190    0.000159
     191    0.005349
     192    0.005349
     193    0.013876
     194    0.013876
     195    0.029665
     196    0.029665
     197    0.045966
     198    0.045966
     199   -0.118509
     200   -0.118509
     201   -0.115528
     202   -0.115528
     203   -0.111486
     204   -0.111486
     205   -0.106727
     206   -0.106727
     207   -0.101018
     208   -0.101018
     209   -0.097701
     210   -0.097701
     211   -0.097556
     212   -0.097556
     213   -0.098662
     214   -0.098662
     215   -0.099811
     216   -0.099811
     217   -0.100115
     218   -0.100115
     219   -0.099640
     220   -0.099640
     221   -0.098931
     222   -0.098931
     223   -0.098264
     224   -0.098264
     225   -0.097815
     226   -0.097815
     227   -0.097633
     228   -0.097633
     229   -0.097608
     230   -0.097608
     231   -0.097580
     232   -0.097580
     233   -0.097524
     234   -0.097524
     235   -0.097500
     236   -0.097500
     237   -0.097518
     238   -0.097518
     239   -0.097541
     240   -0.097541
     241   -0.097577
     242   -0.097577
     243   -0.097609
     244   -0.097609
     245   -0.097535
     246   -0.097535
     247   -0.097335
     248   -0.097335
     249   -0.097116
     250   -0.097116
     251   -0.096940
     252   -0.096940
     253   -0.096772
     254   -0.096772
     255   -0.096549
     256   -0.096549
     257   -0.096296
     258   -0.096296
     259   -0.096090
     260   -0.096090
     261   -0.095930
     262   -0.095930
     263   -0.095777
     264   -0.095777
     265   -0.095627
     266   -0.095627
     267   -0.095447
     268   -0.095447
     269   -0.095205
     270   -0.095205
     271   -0.094926
     272   -0.094926
     273   -0.094643
     274   -0.094643
     275   -0.094336
     276   -0.094336
     277   -0.093964
     278   -0.093964
     279   -0.093512
     280   -0.093512
     281   -0.093046
     282   -0.093046
     283   -0.092612
     284   -0.092612
     285   -0.092171
     286   -0.092171
     287   -0.091741
     288   -0.091741
     289   -0.091327
     290   -0.091327
     291   -0.090866
     292   -0.090866
     293   -0.090336
     294   -0.090336
     295   -0.089717
     296   -0.089717
     297   -0.088992
     298   -0.088992
     299   -0.088233
     300   -0.088233
     301   -0.087511
     302   -0.087511
     303   -0.086850
     304   -0.086850
     305   -0.086165
     306   -0.086165
     307   -0.085283
     308   -0.085283
     309   -0.084127
     310   -0.084127
     311   -0.082805
     312   -0.082805
     313   -0.081467
     314   -0.081467
     315   -0.080085
     316   -0.080085
     317   -0.079323
     318   -0.079323
     319   -0.079808
     320   -0.079808
     321   -0.080934
     322   -0.080934
     323   -0.082064
     324   -0.082064
     325   -0.082962
     326   -0.082962
     327   -0.083654
     328   -0.083654
     329   -0.084207
     330   -0.084207
     331   -0.084569
     332   -0.084569
     333   -0.084791
     334   -0.084791
     335   -0.085039
     336   -0.085039
     337   -0.085477
     338   -0.085477
     339   -0.085636
     340   -0.085636
     341   -0.084876
     342   -0.084876
     343   -0.083685
     344   -0.083685
     345   -0.082873
     346   -0.082873
     347   -0.082248
     348   -0.082248
     349   -0.081246
     350   -0.081246
     351   -0.080088
     352   -0.080088
     353   -0.079322
     354   -0.079322
     355   -0.078696
     356   -0.078696
     357   -0.077780
     358   -0.077780
     359   -0.076704
     360   -0.076704
     361   -0.075620
     362   -0.075620
     363   -0.074165
     364   -0.074165
     365   -0.072042
     366   -0.072042
     367   -0.069532
     368   -0.069532
     369   -0.066776
     370   -0.066776
     371   -0.063058
     372   -0.063058
     373   -0.057650
     374   -0.057650
     375   -0.051391
     376   -0.051391
     377   -0.045729
     378   -0.045729
     379   -0.040454
     380   -0.040454
     381   -0.034813
     382   -0.034813
     383   -0.028319
     384   -0.028319
     385   -0.020831
     386   -0.020831
     387   -0.011337
     388   -0.011337
     389    0.000613
     390    0.000613
     391    0.019348
     392    0.019348
     393    0.052149
     394    0.052149
     395    0.085393
     396    0.085393
     397   -0.184492
     398   -0.184492
     399   -0.180936
     400   -0.180936
     401   -0.176429
     402   -0.176429
     403   -0.172116
     404   -0.172116
     405   -0.167596
     406   -0.167596
     407   -0.165319
     408   -0.165319
     409   -0.165722
     410   -0.165722
     411   -0.166711
     412   -0.166711
     413   -0.167115
     414   -0.167115
     415   -0.166499
     416   -0.166499
     417   -0.165154
     418   -0.165154
     419   -0.163707
     420   -0.163707
     421   -0.162474
     422   -0.162474
     423   -0.161688
     424   -0.161688
     425   -0.161383
     426   -0.161383
     427   -0.161315
     428   -0.161315
     429   -0.161257
     430   -0.161257
     431   -0.161167
     432   -0.161167
     433   -0.161108
     434   -0.161108
     435   -0.161095
     436   -0.161095
     437   -0.161087
     438   -0.161087
     439   -0.161085
     440   -0.161085
     441   -0.161077
     442   -0.161077
     443   -0.160966
     444   -0.160966
     445   -0.160721
     446   -0.160721
     447   -0.160443
     448   -0.160443
     449   -0.160199
     450   -0.160199
     451   -0.159929
     452   -0.159929
     453   -0.159577
     454   -0.159577
     455   -0.159215
     456   -0.159215
     457   -0.158930
     458   -0.158930
     459   -0.158672
     460   -0.158672
     461   -0.158386
     462   -0.158386
     463   -0.158112
     464   -0.158112
     465   -0.157837
     466   -0.157837
     467   -0.157477
     468   -0.157477
     469   -0.157040
     470   -0.157040
     471   -0.156618
     472   -0.156618
     473   -0.156185
     474   -0.156185
     475   -0.155570
     476   -0.155570
     477   -0.154785
     478   -0.154785
     479   -0.154076
     480   -0.154076
     481   -0.153474
     482   -0.153474
     483   -0.152760
     484   -0.152760
     485   -0.151957
     486   -0.151957
     487   -0.151255
     488   -0.151255
     489   -0.150589
     490   -0.150589
     491   -0.149740
     492   -0.149740
     493   -0.148674
     494   -0.148674
     495   -0.147579
     496   -0.147579
     497   -0.146596
     498   -0.146596
     499   -0.145617
     500   -0.145617
     501   -0.144536
     502   -0.144536
     503   -0.143391
     504   -0.143391
     505   -0.142119
     506   -0.142119
     507   -0.140577
     508   -0.140577
     509   -0.138839
     510   -0.138839
     511   -0.137005
     512   -0.137005
     513   -0.135001
     514   -0.135001
     515   -0.133614
     516   -0.133614
     517   -0.133858
     518   -0.133858
     519   -0.135371
     520   -0.135371
     521   -0.137111
     522   -0.137111
     523   -0.138346
     524   -0.138346
     525   -0.139132
     526   -0.139132
     527   -0.139967
     528   -0.139967
     529   -0.140875
     530   -0.140875
     531   -0.141337
     532   -0.141337
     533   -0.141388
     534   -0.141388
     535   -0.141801
     536   -0.141801
     537   -0.142229
     538   -0.142229
     539   -0.141411
     540   -0.141411
     541   -0.139735
     542   -0.139735
     543   -0.138667
     544   -0.138667
     545   -0.138051
     546   -0.138051
     547   -0.136566
     548   -0.136566
     549   -0.134459
     550   -0.134459
     551   -0.133209
     552   -0.133209
     553   -0.132571
     554   -0.132571
     555   -0.131010
     556   -0.131010
     557   -0.128571
     558   -0.128571
     559   -0.126531
     560   -0.126531
     561   -0.124708
     562   -0.124708
     563   -0.121708
     564   -0.121708
     565   -0.117528
     566   -0.117528
     567   -0.113306
     568   -0.113306
     569   -0.108281
     570   -0.108281
     571   -0.100293
     572   -0.100293
     573   -0.090355
     574   -0.090355
     575   -0.081993
     576   -0.081993
     577   -0.075515
     578   -0.075515
     579   -0.068880
     580   -0.068880
     581   -0.061235
     582   -0.061235
     583   -0.052722
     584   -0.052722
     585   -0.041942
     586   -0.041942
     587   -0.026274
     588   -0.026274
     589   -0.003510
     590   -0.003510
     591    0.027350
     592    0.027350
     593    0.055866
     594    0.055866
     595   -0.245652
     596   -0.245652
     597   -0.241685
     598   -0.241685
     599   -0.236993
     600   -0.236993
     601   -0.234309
     602   -0.234309
     603   -0.232939
     604   -0.232939
     605   -0.232744
     606   -0.232744
     607   -0.233562
     608   -0.233562
     609   -0.233822
     610   -0.233822
     611   -0.232771
     612   -0.232771
     613   -0.230884
     614   -0.230884
     615   -0.228709
     616   -0.228709
     617   -0.226776
     618   -0.226776
     619   -0.225296
     620   -0.225296
     621   -0.224420
     622   -0.224420
     623   -0.224119
     624   -0.224119
     625   -0.224058
     626   -0.224058
     627   -0.223985
     628   -0.223985
     629   -0.223861
     630   -0.223861
     631   -0.223771
     632   -0.223771
     633   -0.223727
     634   -0.223727
     635   -0.223653
     636   -0.223653
     637   -0.223549
     638   -0.223549
     639   -0.223461
     640   -0.223461
     641   -0.223320
     642   -0.223320
     643   -0.223061
     644   -0.223061
     645   -0.222761
     646   -0.222761
     647   -0.222488
     648   -0.222488
     649   -0.222149
     650   -0.222149
     651   -0.221679
     652   -0.221679
     653   -0.221215
     654   -0.221215
     655   -0.220868
     656   -0.220868
     657   -0.220524
     658   -0.220524
     659   -0.220085
     660   -0.220085
     661   -0.219666
     662   -0.219666
     663   -0.219312
     664   -0.219312
     665   -0.218866
     666   -0.218866
     667   -0.218268
     668   -0.218268
     669   -0.217701
     670   -0.217701
     671   -0.217173
     672   -0.217173
     673   -0.216361
     674   -0.216361
     675   -0.215268
     676   -0.215268
     677   -0.214346
     678   -0.214346
     679   -0.213645
     680   -0.213645
     681   -0.212708
     682   -0.212708
     683   -0.211497
     684   -0.211497
     685   -0.210449
     686   -0.210449
     687   -0.209579
     688   -0.209579
     689   -0.208462
     690   -0.208462
     691   -0.207031
     692   -0.207031
     693   -0.205701
     694   -0.205701
     695   -0.204604
     696   -0.204604
     697   -0.203351
     698   -0.203351
     699   -0.201794
     700   -0.201794
     701   -0.200273
     702   -0.200273
     703   -0.198814
     704   -0.198814
     705   -0.197046
     706   -0.197046
     707   -0.194958
     708   -0.194958
     709   -0.192765
     710   -0.192765
     711   -0.190522
     712   -0.190522
     713   -0.188715
     714   -0.188715
     715   -0.188403
     716   -0.188403
     717   -0.189880
     718   -0.189880
     719   -0.191991
     720   -0.191991
     721   -0.193382
     722   -0.193382
     723   -0.194090
     724   -0.194090
     725   -0.195179
     726   -0.195179
     727   -0.196601
     728   -0.196601
     729   -0.197105
     730   -0.197105
     731   -0.196785
     732   -0.196785
     733   -0.197122
     734   -0.197122
     735   -0.197852
     736   -0.197852
     737   -0.197068
     738   -0.197068
     739   -0.195014
     740   -0.195014
     741   -0.193815
     742   -0.193815
     743   -0.193356
     744   -0.193356
     745   -0.191490
     746   -0.191490
     747   -0.188421
     748   -0.188421
     749   -0.186588
     750   -0.186588
     751   -0.185843
     752   -0.185843
     753   -0.183482
     754   -0.183482
     755   -0.179473
     756   -0.179473
     757   -0.176394
     758   -0.176394
     759   -0.174251
     760   -0.174251
     761   -0.170388
     762   -0.170388
     763   -0.164540
     764   -0.164540
     765   -0.159060
     766   -0.159060
     767   -0.153155
     768   -0.153155
     769   -0.143135
     770   -0.143135
     771   -0.130167
     772   -0.130167
     773   -0.119919
     774   -0.119919
     775   -0.113261
     776   -0.113261
     777   -0.106733
     778   -0.106733
     779   -0.099549
     780   -0.099549
     781   -0.092041
     782   -0.092041
     783   -0.081877
     784   -0.081877
     785   -0.063439
     786   -0.063439
     787   -0.037602
     788   -0.037602
     789   -0.012278
     790   -0.012278
     791    0.007758
     792    0.007758
     793   -0.308796
     794   -0.308796
     795   -0.304247
     796   -0.304247
     797   -0.298564
     798   -0.298564
     799   -0.295003
     800   -0.295003
     801   -0.292934
     802   -0.292934
     803   -0.291913
     804   -0.291913
     805   -0.291775
     806   -0.291775
     807   -0.291106
     808   -0.291106
     809   -0.289335
     810   -0.289335
     811   -0.287189
     812   -0.287189
     813   -0.285257
     814   -0.285257
     815   -0.283983
     816   -0.283983
     817   -0.283361
     818   -0.283361
     819   -0.283089
     820   -0.283089
     821   -0.283007
     822   -0.283007
     823   -0.282995
     824   -0.282995
     825   -0.282941
     826   -0.282941
     827   -0.282829
     828   -0.282829
     829   -0.282725
     830   -0.282725
     831   -0.282639
     832   -0.282639
     833   -0.282496
     834   -0.282496
     835   -0.282296
     836   -0.282296
     837   -0.282116
     838   -0.282116
     839   -0.281927
     840   -0.281927
     841   -0.281657
     842   -0.281657
     843   -0.281349
     844   -0.281349
     845   -0.281038
     846   -0.281038
     847   -0.280627
     848   -0.280627
     849   -0.280074
     850   -0.280074
     851   -0.279530
     852   -0.279530
     853   -0.279091
     854   -0.279091
     855   -0.278636
     856   -0.278636
     857   -0.278081
     858   -0.278081
     859   -0.277540
     860   -0.277540
     861   -0.277075
     862   -0.277075
     863   -0.276521
     864   -0.276521
     865   -0.275802
     866   -0.275802
     867   -0.275096
     868   -0.275096
     869   -0.274431
     870   -0.274431
     871   -0.273508
     872   -0.273508
     873   -0.272306
     874   -0.272306
     875   -0.271238
     876   -0.271238
     877   -0.270370
     878   -0.270370
     879   -0.269255
     880   -0.269255
     881   -0.267809
     882   -0.267809
     883   -0.266477
     884   -0.266477
     885   -0.265338
     886   -0.265338
     887   -0.263994
     888   -0.263994
     889   -0.262392
     890   -0.262392
     891   -0.260924
     892   -0.260924
     893   -0.259625
     894   -0.259625
     895   -0.258042
     896   -0.258042
     897   -0.256124
     898   -0.256124
     899   -0.254316
     900   -0.254316
     901   -0.252591
     902   -0.252591
     903   -0.250467
     904   -0.250467
     905   -0.247908
     906   -0.247908
     907   -0.245322
     908   -0.245322
     909   -0.242950
     910   -0.242950
     911   -0.241082
     912   -0.241082
     913   -0.240570
     914   -0.240570
     915   -0.241853
     916   -0.241853
     917   -0.243930
     918   -0.243930
     919   -0.245474
     920   -0.245474
     921   -0.246444
     922   -0.246444
     923   -0.247712
     924   -0.247712
     925   -0.249099
     926   -0.249099
     927   -0.249448
     928   -0.249448
     929   -0.249024
     930   -0.249024
     931   -0.249216
     932   -0.249216
     933   -0.249708
     934   -0.249708
     935   -0.248868
     936   -0.248868
     937   -0.246915
     938   -0.246915
     939   -0.245620
     940   -0.245620
     941   -0.244856
     942   -0.244856
     943   -0.242766
     944   -0.242766
     945   -0.239487
     946   -0.239487
     947   -0.237088
     948   -0.237088
     949   -0.235510
     950   -0.235510
     951   -0.232426
     952   -0.232426
     953   -0.227772
     954   -0.227772
     955   -0.223884
     956   -0.223884
     957   -0.220780
     958   -0.220780
     959   -0.215954
     960   -0.215954
     961   -0.209131
     962   -0.209131
     963   -0.202541
     964   -0.202541
     965   -0.195458
     966   -0.195458
     967   -0.184417
     968   -0.184417
     969   -0.170517
     970   -0.170517
     971   -0.159156
     972   -0.159156
     973   -0.151280
     974   -0.151280
     975   -0.143632
     976   -0.143632
     977   -0.136665
     978   -0.136665
     979   -0.130144
     980   -0.130144
     981   -0.119941
     982   -0.119941
     983   -0.101551
     984   -0.101551
     985   -0.076990
     986   -0.076990
     987   -0.054697
     988   -0.054697
     989   -0.037802
     990   -0.037802
     991   -0.377859
     992   -0.377859
     993   -0.373288
     994   -0.373288
     995   -0.367000
     996   -0.367000
     997   -0.361162
     998   -0.361162
     999   -0.355586
    1000   -0.355586
    1001   -0.351795
    1002   -0.351795
    1003   -0.350027
    1004   -0.350027
    1005   -0.348517
    1006   -0.348517
    1007   -0.346712
    1008   -0.346712
    1009   -0.345156
    1010   -0.345156
    1011   -0.344252
    1012   -0.344252
    1013   -0.344275
    1014   -0.344275
    1015   -0.345001
    1016   -0.345001
    1017   -0.345609
    1018   -0.345609
    1019   -0.345768
    1020   -0.345768
    1021   -0.345707
    1022   -0.345707
    1023   -0.345612
    1024   -0.345612
    1025   -0.345525
    1026   -0.345525
    1027   -0.345376
    1028   -0.345376
    1029   -0.345156
    1030   -0.345156
    1031   -0.344929
    1032   -0.344929
    1033   -0.344708
    1034   -0.344708
    1035   -0.344453
    1036   -0.344453
    1037   -0.344158
    1038   -0.344158
    1039   -0.343872
    1040   -0.343872
    1041   -0.343584
    1042   -0.343584
    1043   -0.343194
    1044   -0.343194
    1045   -0.342654
    1046   -0.342654
    1047   -0.342058
    1048   -0.342058
    1049   -0.341503
    1050   -0.341503
    1051   -0.340938
    1052   -0.340938
    1053   -0.340294
    1054   -0.340294
    1055   -0.339635
    1056   -0.339635
    1057   -0.339027
    1058   -0.339027
    1059   -0.338402
    1060   -0.338402
    1061   -0.337658
    1062   -0.337658
    1063   -0.336839
    1064   -0.336839
    1065   -0.336048
    1066   -0.336048
    1067   -0.335204
    1068   -0.335204
    1069   -0.334164
    1070   -0.334164
    1071   -0.332998
    1072   -0.332998
    1073   -0.331878
    1074   -0.331878
    1075   -0.330760
    1076   -0.330760
    1077   -0.329434
    1078   -0.329434
    1079   -0.327923
    1080   -0.327923
    1081   -0.326481
    1082   -0.326481
    1083   -0.325088
    1084   -0.325088
    1085   -0.323510
    1086   -0.323510
    1087   -0.321814
    1088   -0.321814
    1089   -0.320224
    1090   -0.320224
    1091   -0.318629
    1092   -0.318629
    1093   -0.316718
    1094   -0.316718
    1095   -0.314568
    1096   -0.314568
    1097   -0.312437
    1098   -0.312437
    1099   -0.310219
    1100   -0.310219
    1101   -0.307590
    1102   -0.307590
    1103   -0.304566
    1104   -0.304566
    1105   -0.301530
    1106   -0.301530
    1107   -0.298773
    1108   -0.298773
    1109   -0.296730
    1110   -0.296730
    1111   -0.296180
    1112   -0.296180
    1113   -0.297249
    1114   -0.297249
    1115   -0.299014
    1116   -0.299014
    1117   -0.300598
    1118   -0.300598
    1119   -0.301885
    1120   -0.301885
    1121   -0.303064
    1122   -0.303064
    1123   -0.303965
    1124   -0.303965
    1125   -0.304181
    1126   -0.304181
    1127   -0.303956
    1128   -0.303956
    1129   -0.303903
    1130   -0.303903
    1131   -0.303763
    1132   -0.303763
    1133   -0.302814
    1134   -0.302814
    1135   -0.301254
    1136   -0.301254
    1137   -0.299836
    1138   -0.299836
    1139   -0.298426
    1140   -0.298426
    1141   -0.296242
    1142   -0.296242
    1143   -0.293359
    1144   -0.293359
    1145   -0.290580
    1146   -0.290580
    1147   -0.287844
    1148   -0.287844
    1149   -0.284201
    1150   -0.284201
    1151   -0.279630
    1152   -0.279630
    1153   -0.275177
    1154   -0.275177
    1155   -0.270761
    1156   -0.270761
    1157   -0.265005
    1158   -0.265005
    1159   -0.257762
    1160   -0.257762
    1161   -0.250194
    1162   -0.250194
    1163   -0.241841
    1164   -0.241841
    1165   -0.230747
    1166   -0.230747
    1167   -0.217610
    1168   -0.217610
    1169   -0.205575
    1170   -0.205575
    1171   -0.195225
    1172   -0.195225
    1173   -0.184679
    1174   -0.184679
    1175   -0.175910
    1176   -0.175910
    1177   -0.167925
    1178   -0.167925
    1179   -0.155075
    1180   -0.155075
    1181   -0.137057
    1182   -0.137057
    1183   -0.115312
    1184   -0.115312
    1185   -0.092497
    1186   -0.092497
    1187   -0.074045
    1188   -0.074045
    1189   -0.455037
    1190   -0.455037
    1191   -0.451439
    1192   -0.451439
    1193   -0.446397
    1194   -0.446397
    1195   -0.441184
    1196   -0.441184
    1197   -0.435807
    1198   -0.435807
    1199   -0.432027
    1200   -0.432027
    1201   -0.429952
    1202   -0.429952
    1203   -0.427920
    1204   -0.427920
    1205   -0.425754
    1206   -0.425754
    1207   -0.424390
    1208   -0.424390
    1209   -0.424086
    1210   -0.424086
    1211   -0.424527
    1212   -0.424527
    1213   -0.425352
    1214   -0.425352
    1215   -0.425957
    1216   -0.425957
    1217   -0.426047
    1218   -0.426047
    1219   -0.425810
    1220   -0.425810
    1221   -0.425531
    1222   -0.425531
    1223   -0.425331
    1224   -0.425331
    1225   -0.425073
    1226   -0.425073
    1227   -0.424686
    1228   -0.424686
    1229   -0.424320
    1230   -0.424320
    1231   -0.424052
    1232   -0.424052
    1233   -0.423754
    1234   -0.423754
    1235   -0.423387
    1236   -0.423387
    1237   -0.423056
    1238   -0.423056
    1239   -0.422725
    1240   -0.422725
    1241   -0.422232
    1242   -0.422232
    1243   -0.421587
    1244   -0.421587
    1245   -0.420955
    1246   -0.420955
    1247   -0.420363
    1248   -0.420363
    1249   -0.419662
    1250   -0.419662
    1251   -0.418825
    1252   -0.418825
    1253   -0.418018
    1254   -0.418018
    1255   -0.417294
    1256   -0.417294
    1257   -0.416495
    1258   -0.416495
    1259   -0.415552
    1260   -0.415552
    1261   -0.414599
    1262   -0.414599
    1263   -0.413693
    1264   -0.413693
    1265   -0.412677
    1266   -0.412677
    1267   -0.411484
    1268   -0.411484
    1269   -0.410248
    1270   -0.410248
    1271   -0.409012
    1272   -0.409012
    1273   -0.407651
    1274   -0.407651
    1275   -0.406124
    1276   -0.406124
    1277   -0.404555
    1278   -0.404555
    1279   -0.403017
    1280   -0.403017
    1281   -0.401398
    1282   -0.401398
    1283   -0.399615
    1284   -0.399615
    1285   -0.397800
    1286   -0.397800
    1287   -0.396022
    1288   -0.396022
    1289   -0.394084
    1290   -0.394084
    1291   -0.391846
    1292   -0.391846
    1293   -0.389422
    1294   -0.389422
    1295   -0.386900
    1296   -0.386900
    1297   -0.384176
    1298   -0.384176
    1299   -0.381087
    1300   -0.381087
    1301   -0.377665
    1302   -0.377665
    1303   -0.374158
    1304   -0.374158
    1305   -0.370828
    1306   -0.370828
    1307   -0.368224
    1308   -0.368224
    1309   -0.367233
    1310   -0.367233
    1311   -0.367954
    1312   -0.367954
    1313   -0.369406
    1314   -0.369406
    1315   -0.370701
    1316   -0.370701
    1317   -0.371663
    1318   -0.371663
    1319   -0.372401
    1320   -0.372401
    1321   -0.372895
    1322   -0.372895
    1323   -0.373019
    1324   -0.373019
    1325   -0.372798
    1326   -0.372798
    1327   -0.372427
    1328   -0.372427
    1329   -0.371828
    1330   -0.371828
    1331   -0.370715
    1332   -0.370715
    1333   -0.369199
    1334   -0.369199
    1335   -0.367578
    1336   -0.367578
    1337   -0.365734
    1338   -0.365734
    1339   -0.363362
    1340   -0.363362
    1341   -0.360473
    1342   -0.360473
    1343   -0.357307
    1344   -0.357307
    1345   -0.353775
    1346   -0.353775
    1347   -0.349553
    1348   -0.349553
    1349   -0.344731
    1350   -0.344731
    1351   -0.339759
    1352   -0.339759
    1353   -0.334425
    1354   -0.334425
    1355   -0.327827
    1356   -0.327827
    1357   -0.319920
    1358   -0.319920
    1359   -0.311413
    1360   -0.311413
    1361   -0.302186
    1362   -0.302186
    1363   -0.291352
    1364   -0.291352
    1365   -0.279109
    1366   -0.279109
    1367   -0.266683
    1368   -0.266683
    1369   -0.254568
    1370   -0.254568
    1371   -0.241431
    1372   -0.241431
    1373   -0.228120
    1374   -0.228120
    1375   -0.214714
    1376   -0.214714
    1377   -0.197543
    1378   -0.197543
    1379   -0.177358
    1380   -0.177358
    1381   -0.154206
    1382   -0.154206
    1383   -0.127657
    1384   -0.127657
    1385   -0.105677
    1386   -0.105677
    1387   -0.544307
    1388   -0.544307
    1389   -0.541752
    1390   -0.541752
    1391   -0.538485
    1392   -0.538485
    1393   -0.536095
    1394   -0.536095
    1395   -0.534456
    1396   -0.534456
    1397   -0.533411
    1398   -0.533411
    1399   -0.532493
    1400   -0.532493
    1401   -0.530718
    1402   -0.530718
    1403   -0.528426
    1404   -0.528426
    1405   -0.527171
    1406   -0.527171
    1407   -0.527116
    1408   -0.527116
    1409   -0.527228
    1410   -0.527228
    1411   -0.527133
    1412   -0.527133
    1413   -0.527004
    1414   -0.527004
    1415   -0.526814
    1416   -0.526814
    1417   -0.526437
    1418   -0.526437
    1419   -0.525977
    1420   -0.525977
    1421   -0.525601
    1422   -0.525601
    1423   -0.525256
    1424   -0.525256
    1425   -0.524781
    1426   -0.524781
    1427   -0.524236
    1428   -0.524236
    1429   -0.523797
    1430   -0.523797
    1431   -0.523430
    1432   -0.523430
    1433   -0.523022
    1434   -0.523022
    1435   -0.522584
    1436   -0.522584
    1437   -0.522094
    1438   -0.522094
    1439   -0.521484
    1440   -0.521484
    1441   -0.520795
    1442   -0.520795
    1443   -0.520108
    1444   -0.520108
    1445   -0.519395
    1446   -0.519395
    1447   -0.518553
    1448   -0.518553
    1449   -0.517578
    1450   -0.517578
    1451   -0.516591
    1452   -0.516591
    1453   -0.515651
    1454   -0.515651
    1455   -0.514671
    1456   -0.514671
    1457   -0.513589
    1458   -0.513589
    1459   -0.512471
    1460   -0.512471
    1461   -0.511357
    1462   -0.511357
    1463   -0.510153
    1464   -0.510153
    1465   -0.508792
    1466   -0.508792
    1467   -0.507351
    1468   -0.507351
    1469   -0.505888
    1470   -0.505888
    1471   -0.504343
    1472   -0.504343
    1473   -0.502710
    1474   -0.502710
    1475   -0.501044
    1476   -0.501044
    1477   -0.499294
    1478   -0.499294
    1479   -0.497413
    1480   -0.497413
    1481   -0.495457
    1482   -0.495457
    1483   -0.493474
    1484   -0.493474
    1485   -0.491389
    1486   -0.491389
    1487   -0.489070
    1488   -0.489070
    1489   -0.486494
    1490   -0.486494
    1491   -0.483741
    1492   -0.483741
    1493   -0.480855
    1494   -0.480855
    1495   -0.477767
    1496   -0.477767
    1497   -0.474349
    1498   -0.474349
    1499   -0.470612
    1500   -0.470612
    1501   -0.466742
    1502   -0.466742
    1503   -0.462994
    1504   -0.462994
    1505   -0.459908
    1506   -0.459908
    1507   -0.458454
    1508   -0.458454
    1509   -0.458889
    1510   -0.458889
    1511   -0.460148
    1512   -0.460148
    1513   -0.461034
    1514   -0.461034
    1515   -0.461371
    1516   -0.461371
    1517   -0.461677
    1518   -0.461677
    1519   -0.462003
    1520   -0.462003
    1521   -0.461903
    1522   -0.461903
    1523   -0.461253
    1524   -0.461253
    1525   -0.460445
    1526   -0.460445
    1527   -0.459560
    1528   -0.459560
    1529   -0.458198
    1530   -0.458198
    1531   -0.456369
    1532   -0.456369
    1533   -0.454447
    1534   -0.454447
    1535   -0.452336
    1536   -0.452336
    1537   -0.449593
    1538   -0.449593
    1539   -0.446187
    1540   -0.446187
    1541   -0.442472
    1542   -0.442472
    1543   -0.438361
    1544   -0.438361
    1545   -0.433439
    1546   -0.433439
    1547   -0.427876
    1548   -0.427876
    1549   -0.422205
    1550   -0.422205
    1551   -0.416156
    1552   -0.416156
    1553   -0.408690
    1554   -0.408690
    1555   -0.399771
    1556   -0.399771
    1557   -0.390229
    1558   -0.390229
    1559   -0.380209
    1560   -0.380209
    1561   -0.369206
    1562   -0.369206
    1563   -0.356989
    1564   -0.356989
    1565   -0.343777
    1566   -0.343777
    1567   -0.330456
    1568   -0.330456
    1569   -0.315409
    1570   -0.315409
    1571   -0.296332
    1572   -0.296332
    1573   -0.275398
    1574   -0.275398
    1575   -0.253111
    1576   -0.253111
    1577   -0.228050
    1578   -0.228050
    1579   -0.198784
    1580   -0.198784
    1581   -0.165777
    1582   -0.165777
    1583   -0.138913
    1584   -0.138913
    1585   -0.652198
    1586   -0.652198
    1587   -0.649928
    1588   -0.649928
    1589   -0.647065
    1590   -0.647065
    1591   -0.645429
    1592   -0.645429
    1593   -0.645004
    1594   -0.645004
    1595   -0.645329
    1596   -0.645329
    1597   -0.645931
    1598   -0.645931
    1599   -0.646080
    1600   -0.646080
    1601   -0.645892
    1602   -0.645892
    1603   -0.646228
    1604   -0.646228
    1605   -0.646967
    1606   -0.646967
    1607   -0.647219
    1608   -0.647219
    1609   -0.646866
    1610   -0.646866
    1611   -0.646494
    1612   -0.646494
    1613   -0.646269
    1614   -0.646269
    1615   -0.645972
    1616   -0.645972
    1617   -0.645564
    1618   -0.645564
    1619   -0.645172
    1620   -0.645172
    1621   -0.644808
    1622   -0.644808
    1623   -0.644311
    1624   -0.644311
    1625   -0.643657
    1626   -0.643657
    1627   -0.643026
    1628   -0.643026
    1629   -0.642470
    1630   -0.642470
    1631   -0.641895
    1632   -0.641895
    1633   -0.641251
    1634   -0.641251
    1635   -0.640548
    1636   -0.640548
    1637   -0.639805
    1638   -0.639805
    1639   -0.639044
    1640   -0.639044
    1641   -0.638254
    1642   -0.638254
    1643   -0.637390
    1644   -0.637390
    1645   -0.636411
    1646   -0.636411
    1647   -0.635314
    1648   -0.635314
    1649   -0.634149
    1650   -0.634149
    1651   -0.632970
    1652   -0.632970
    1653   -0.631777
    1654   -0.631777
    1655   -0.630533
    1656   -0.630533
    1657   -0.629225
    1658   -0.629225
    1659   -0.627871
    1660   -0.627871
    1661   -0.626447
    1662   -0.626447
    1663   -0.624900
    1664   -0.624900
    1665   -0.623256
    1666   -0.623256
    1667   -0.621601
    1668   -0.621601
    1669   -0.619932
    1670   -0.619932
    1671   -0.618210
    1672   -0.618210
    1673   -0.616405
    1674   -0.616405
    1675   -0.614446
    1676   -0.614446
    1677   -0.612334
    1678   -0.612334
    1679   -0.610148
    1680   -0.610148
    1681   -0.607869
    1682   -0.607869
    1683   -0.605399
    1684   -0.605399
    1685   -0.602716
    1686   -0.602716
    1687   -0.599850
    1688   -0.599850
    1689   -0.596821
    1690   -0.596821
    1691   -0.593636
    1692   -0.593636
    1693   -0.590229
    1694   -0.590229
    1695   -0.586511
    1696   -0.586511
    1697   -0.582517
    1698   -0.582517
    1699   -0.578403
    1700   -0.578403
    1701   -0.574401
    1702   -0.574401
    1703   -0.571051
    1704   -0.571051
    1705   -0.569342
    1706   -0.569342
    1707   -0.569551
    1708   -0.569551
    1709   -0.570608
    1710   -0.570608
    1711   -0.571284
    1712   -0.571284
    1713   -0.571426
    1714   -0.571426
    1715   -0.571620
    1716   -0.571620
    1717   -0.571867
    1718   -0.571867
    1719   -0.571585
    1720   -0.571585
    1721   -0.570654
    1722   -0.570654
    1723   -0.569557
    1724   -0.569557
    1725   -0.568412
    1726   -0.568412
    1727   -0.566841
    1728   -0.566841
    1729   -0.564790
    1730   -0.564790
    1731   -0.562589
    1732   -0.562589
    1733   -0.560162
    1734   -0.560162
    1735   -0.557068
    1736   -0.557068
    1737   -0.553259
    1738   -0.553259
    1739   -0.549047
    1740   -0.549047
    1741   -0.544371
    1742   -0.544371
    1743   -0.538804
    1744   -0.538804
    1745   -0.532440
    1746   -0.532440
    1747   -0.525809
    1748   -0.525809
    1749   -0.518706
    1750   -0.518706
    1751   -0.510182
    1752   -0.510182
    1753   -0.500188
    1754   -0.500188
    1755   -0.489504
    1756   -0.489504
    1757   -0.478243
    1758   -0.478243
    1759   -0.465841
    1760   -0.465841
    1761   -0.451926
    1762   -0.451926
    1763   -0.436564
    1764   -0.436564
    1765   -0.420591
    1766   -0.420591
    1767   -0.402390
    1768   -0.402390
    1769   -0.378608
    1770   -0.378608
    1771   -0.351388
    1772   -0.351388
    1773   -0.322725
    1774   -0.322725
    1775   -0.290365
    1776   -0.290365
    1777   -0.252463
    1778   -0.252463
    1779   -0.210708
    1780   -0.210708
    1781   -0.176920
    1782   -0.176920
    1783   -0.784682
    1784   -0.784682
    1785   -0.782490
    1786   -0.782490
    1787   -0.779396
    1788   -0.779396
    1789   -0.776653
    1790   -0.776653
    1791   -0.774656
    1792   -0.774656
    1793   -0.774581
    1794   -0.774581
    1795   -0.776493
    1796   -0.776493
    1797   -0.779383
    1798   -0.779383
    1799   -0.782570
    1800   -0.782570
    1801   -0.785288
    1802   -0.785288
    1803   -0.787120
    1804   -0.787120
    1805   -0.788040
    1806   -0.788040
    1807   -0.788281
    1808   -0.788281
    1809   -0.788342
    1810   -0.788342
    1811   -0.788420
    1812   -0.788420
    1813   -0.788418
    1814   -0.788418
    1815   -0.788278
    1816   -0.788278
    1817   -0.788031
    1818   -0.788031
    1819   -0.787706
    1820   -0.787706
    1821   -0.787249
    1822   -0.787249
    1823   -0.786625
    1824   -0.786625
    1825   -0.785904
    1826   -0.785904
    1827   -0.785144
    1828   -0.785144
    1829   -0.784330
    1830   -0.784330
    1831   -0.783434
    1832   -0.783434
    1833   -0.782504
    1834   -0.782504
    1835   -0.781600
    1836   -0.781600
    1837   -0.780706
    1838   -0.780706
    1839   -0.779763
    1840   -0.779763
    1841   -0.778733
    1842   -0.778733
    1843   -0.777615
    1844   -0.777615
    1845   -0.776397
    1846   -0.776397
    1847   -0.775067
    1848   -0.775067
    1849   -0.773660
    1850   -0.773660
    1851   -0.772223
    1852   -0.772223
    1853   -0.770745
    1854   -0.770745
    1855   -0.769198
    1856   -0.769198
    1857   -0.767597
    1858   -0.767597
    1859   -0.765953
    1860   -0.765953
    1861   -0.764236
    1862   -0.764236
    1863   -0.762437
    1864   -0.762437
    1865   -0.760609
    1866   -0.760609
    1867   -0.758770
    1868   -0.758770
    1869   -0.756869
    1870   -0.756869
    1871   -0.754862
    1872   -0.754862
    1873   -0.752722
    1874   -0.752722
    1875   -0.750403
    1876   -0.750403
    1877   -0.747883
    1878   -0.747883
    1879   -0.745159
    1880   -0.745159
    1881   -0.742247
    1882   -0.742247
    1883   -0.739205
    1884   -0.739205
    1885   -0.736041
    1886   -0.736041
    1887   -0.732708
    1888   -0.732708
    1889   -0.729178
    1890   -0.729178
    1891   -0.725387
    1892   -0.725387
    1893   -0.721285
    1894   -0.721285
    1895   -0.716914
    1896   -0.716914
    1897   -0.712426
    1898   -0.712426
    1899   -0.708039
    1900   -0.708039
    1901   -0.704268
    1902   -0.704268
    1903   -0.702104
    1904   -0.702104
    1905   -0.701845
    1906   -0.701845
    1907   -0.702519
    1908   -0.702519
    1909   -0.703080
    1910   -0.703080
    1911   -0.703329
    1912   -0.703329
    1913   -0.703578
    1914   -0.703578
    1915   -0.703769
    1916   -0.703769
    1917   -0.703515
    1918   -0.703515
    1919   -0.702745
    1920   -0.702745
    1921   -0.701697
    1922   -0.701697
    1923   -0.700407
    1924   -0.700407
    1925   -0.698705
    1926   -0.698705
    1927   -0.696566
    1928   -0.696566
    1929   -0.694111
    1930   -0.694111
    1931   -0.691276
    1932   -0.691276
    1933   -0.687835
    1934   -0.687835
    1935   -0.683766
    1936   -0.683766
    1937   -0.679166
    1938   -0.679166
    1939   -0.674010
    1940   -0.674010
    1941   -0.667975
    1942   -0.667975
    1943   -0.660991
    1944   -0.660991
    1945   -0.653398
    1946   -0.653398
    1947   -0.645039
    1948   -0.645039
    1949   -0.635320
    1950   -0.635320
    1951   -0.624263
    1952   -0.624263
    1953   -0.612368
    1954   -0.612368
    1955   -0.599448
    1956   -0.599448
    1957   -0.584684
    1958   -0.584684
    1959   -0.567816
    1960   -0.567816
    1961   -0.549148
    1962   -0.549148
    1963   -0.528849
    1964   -0.528849
    1965   -0.505913
    1966   -0.505913
    1967   -0.478256
    1968   -0.478256
    1969   -0.445830
    1970   -0.445830
    1971   -0.409218
    1972   -0.409218
    1973   -0.367180
    1974   -0.367180
    1975   -0.318653
    1976   -0.318653
    1977   -0.266135
    1978   -0.266135
    1979   -0.223564
    1980   -0.223564
    1981   -0.949120
    1982   -0.949120
    1983   -0.947738
    1984   -0.947738
    1985   -0.945578
    1986   -0.945578
    1987   -0.943274
    1988   -0.943274
    1989   -0.941333
    1990   -0.941333
    1991   -0.941466
    1992   -0.941466
    1993   -0.943904
    1994   -0.943904
    1995   -0.947532
    1996   -0.947532
    1997   -0.951461
    1998   -0.951461
    1999   -0.954645
    2000   -0.954645
    2001   -0.956768
    2002   -0.956768
    2003   -0.958161
    2004   -0.958161
    2005   -0.959057
    2006   -0.959057
    2007   -0.959662
    2008   -0.959662
    2009   -0.960112
    2010   -0.960112
    2011   -0.960452
    2012   -0.960452
    2013   -0.960638
    2014   -0.960638
    2015   -0.960602
    2016   -0.960602
    2017   -0.960376
    2018   -0.960376
    2019   -0.960015
    2020   -0.960015
    2021   -0.959501
    2022   -0.959501
    2023   -0.958817
    2024   -0.958817
    2025   -0.958007
    2026   -0.958007
    2027   -0.957095
    2028   -0.957095
    2029   -0.956068
    2030   -0.956068
    2031   -0.954979
    2032   -0.954979
    2033   -0.953905
    2034   -0.953905
    2035   -0.952842
    2036   -0.952842
    2037   -0.951717
    2038   -0.951717
    2039   -0.950498
    2040   -0.950498
    2041   -0.949213
    2042   -0.949213
    2043   -0.947849
    2044   -0.947849
    2045   -0.946352
    2046   -0.946352
    2047   -0.944734
    2048   -0.944734
    2049   -0.943050
    2050   -0.943050
    2051   -0.941309
    2052   -0.941309
    2053   -0.939492
    2054   -0.939492
    2055   -0.937619
    2056   -0.937619
    2057   -0.935736
    2058   -0.935736
    2059   -0.933841
    2060   -0.933841
    2061   -0.931861
    2062   -0.931861
    2063   -0.929770
    2064   -0.929770
    2065   -0.927623
    2066   -0.927623
    2067   -0.925444
    2068   -0.925444
    2069   -0.923185
    2070   -0.923185
    2071   -0.920774
    2072   -0.920774
    2073   -0.918125
    2074   -0.918125
    2075   -0.915130
    2076   -0.915130
    2077   -0.911807
    2078   -0.911807
    2079   -0.908317
    2080   -0.908317
    2081   -0.904759
    2082   -0.904759
    2083   -0.901098
    2084   -0.901098
    2085   -0.897261
    2086   -0.897261
    2087   -0.893216
    2088   -0.893216
    2089   -0.888950
    2090   -0.888950
    2091   -0.884425
    2092   -0.884425
    2093   -0.879643
    2094   -0.879643
    2095   -0.874711
    2096   -0.874711
    2097   -0.869892
    2098   -0.869892
    2099   -0.865855
    2100   -0.865855
    2101   -0.863533
    2102   -0.863533
    2103   -0.863006
    2104   -0.863006
    2105   -0.863405
    2106   -0.863405
    2107   -0.863942
    2108   -0.863942
    2109   -0.864331
    2110   -0.864331
    2111   -0.864596
    2112   -0.864596
    2113   -0.864661
    2114   -0.864661
    2115   -0.864311
    2116   -0.864311
    2117   -0.863537
    2118   -0.863537
    2119   -0.862444
    2120   -0.862444
    2121   -0.860982
    2122   -0.860982
    2123   -0.859061
    2124   -0.859061
    2125   -0.856656
    2126   -0.856656
    2127   -0.853786
    2128   -0.853786
    2129   -0.850389
    2130   -0.850389
    2131   -0.846360
    2132   -0.846360
    2133   -0.841733
    2134   -0.841733
    2135   -0.836566
    2136   -0.836566
    2137   -0.830838
    2138   -0.830838
    2139   -0.824279
    2140   -0.824279
    2141   -0.816682
    2142   -0.816682
    2143   -0.808127
    2144   -0.808127
    2145   -0.798463
    2146   -0.798463
    2147   -0.787471
    2148   -0.787471
    2149   -0.775212
    2150   -0.775212
    2151   -0.761843
    2152   -0.761843
    2153   -0.747076
    2154   -0.747076
    2155   -0.730178
    2156   -0.730178
    2157   -0.710741
    2158   -0.710741
    2159   -0.688560
    2160   -0.688560
    2161   -0.663221
    2162   -0.663221
    2163   -0.635004
    2164   -0.635004
    2165   -0.603043
    2166   -0.603043
    2167   -0.564827
    2168   -0.564827
    2169   -0.519267
    2170   -0.519267
    2171   -0.465783
    2172   -0.465783
    2173   -0.404140
    2174   -0.404140
    2175   -0.338091
    2176   -0.338091
    2177   -0.284571
    2178   -0.284571
    2179   -1.162653
    2180   -1.162653
    2181   -1.163549
    2182   -1.163549
    2183   -1.164635
    2184   -1.164635
    2185   -1.165744
    2186   -1.165744
    2187   -1.167025
    2188   -1.167025
    2189   -1.169023
    2190   -1.169023
    2191   -1.171628
    2192   -1.171628
    2193   -1.174023
    2194   -1.174023
    2195   -1.175976
    2196   -1.175976
    2197   -1.177683
    2198   -1.177683
    2199   -1.179246
    2200   -1.179246
    2201   -1.180704
    2202   -1.180704
    2203   -1.182015
    2204   -1.182015
    2205   -1.183029
    2206   -1.183029
    2207   -1.183763
    2208   -1.183763
    2209   -1.184371
    2210   -1.184371
    2211   -1.184839
    2212   -1.184839
    2213   -1.185018
    2214   -1.185018
    2215   -1.184915
    2216   -1.184915
    2217   -1.184654
    2218   -1.184654
    2219   -1.184248
    2220   -1.184248
    2221   -1.183653
    2222   -1.183653
    2223   -1.182890
    2224   -1.182890
    2225   -1.181992
    2226   -1.181992
    2227   -1.180965
    2228   -1.180965
    2229   -1.179824
    2230   -1.179824
    2231   -1.178604
    2232   -1.178604
    2233   -1.177325
    2234   -1.177325
    2235   -1.175967
    2236   -1.175967
    2237   -1.174519
    2238   -1.174519
    2239   -1.172999
    2240   -1.172999
    2241   -1.171403
    2242   -1.171403
    2243   -1.169690
    2244   -1.169690
    2245   -1.167847
    2246   -1.167847
    2247   -1.165890
    2248   -1.165890
    2249   -1.163841
    2250   -1.163841
    2251   -1.161709
    2252   -1.161709
    2253   -1.159514
    2254   -1.159514
    2255   -1.157307
    2256   -1.157307
    2257   -1.155100
    2258   -1.155100
    2259   -1.152803
    2260   -1.152803
    2261   -1.150331
    2262   -1.150331
    2263   -1.147747
    2264   -1.147747
    2265   -1.145175
    2266   -1.145175
    2267   -1.142548
    2268   -1.142548
    2269   -1.139687
    2270   -1.139687
    2271   -1.136510
    2272   -1.136510
    2273   -1.132904
    2274   -1.132904
    2275   -1.128884
    2276   -1.128884
    2277   -1.124680
    2278   -1.124680
    2279   -1.120396
    2280   -1.120396
    2281   -1.116017
    2282   -1.116017
    2283   -1.111484
    2284   -1.111484
    2285   -1.106739
    2286   -1.106739
    2287   -1.101801
    2288   -1.101801
    2289   -1.096725
    2290   -1.096725
    2291   -1.091528
    2292   -1.091528
    2293   -1.086218
    2294   -1.086218
    2295   -1.081098
    2296   -1.081098
    2297   -1.077217
    2298   -1.077217
    2299   -1.075434
    2300   -1.075434
    2301   -1.075261
    2302   -1.075261
    2303   -1.075824
    2304   -1.075824
    2305   -1.076653
    2306   -1.076653
    2307   -1.077373
    2308   -1.077373
    2309   -1.077727
    2310   -1.077727
    2311   -1.077641
    2312   -1.077641
    2313   -1.077021
    2314   -1.077021
    2315   -1.075925
    2316   -1.075925
    2317   -1.074537
    2318   -1.074537
    2319   -1.072815
    2320   -1.072815
    2321   -1.070535
    2322   -1.070535
    2323   -1.067577
    2324   -1.067577
    2325   -1.064024
    2326   -1.064024
    2327   -1.059880
    2328   -1.059880
    2329   -1.054997
    2330   -1.054997
    2331   -1.049409
    2332   -1.049409
    2333   -1.043251
    2334   -1.043251
    2335   -1.036483
    2336   -1.036483
    2337   -1.028907
    2338   -1.028907
    2339   -1.020240
    2340   -1.020240
    2341   -1.010282
    2342   -1.010282
    2343   -0.998926
    2344   -0.998926
    2345   -0.986200
    2346   -0.986200
    2347   -0.972098
    2348   -0.972098
    2349   -0.956537
    2350   -0.956537
    2351   -0.939441
    2352   -0.939441
    2353   -0.920455
    2354   -0.920455
    2355   -0.898769
    2356   -0.898769
    2357   -0.873187
    2358   -0.873187
    2359   -0.842446
    2360   -0.842446
    2361   -0.807518
    2362   -0.807518
    2363   -0.769018
    2364   -0.769018
    2365   -0.723518
    2366   -0.723518
    2367   -0.668152
    2368   -0.668152
    2369   -0.601448
    2370   -0.601448
    2371   -0.523365
    2372   -0.523365
    2373   -0.439269
    2374   -0.439269
    2375   -0.370792
    2376   -0.370792
    2377   -1.456870
    2378   -1.456870
    2379   -1.462004
    2380   -1.462004
    2381   -1.469151
    2382   -1.469151
    2383   -1.476790
    2384   -1.476790
    2385   -1.484468
    2386   -1.484468
    2387   -1.490493
    2388   -1.490493
    2389   -1.494320
    2390   -1.494320
    2391   -1.496215
    2392   -1.496215
    2393   -1.496960
    2394   -1.496960
    2395   -1.497762
    2396   -1.497762
    2397   -1.499008
    2398   -1.499008
    2399   -1.500483
    2400   -1.500483
    2401   -1.501997
    2402   -1.501997
    2403   -1.503280
    2404   -1.503280
    2405   -1.504268
    2406   -1.504268
    2407   -1.505086
    2408   -1.505086
    2409   -1.505735
    2410   -1.505735
    2411   -1.506075
    2412   -1.506075
    2413   -1.506095
    2414   -1.506095
    2415   -1.505906
    2416   -1.505906
    2417   -1.505538
    2418   -1.505538
    2419   -1.504961
    2420   -1.504961
    2421   -1.504181
    2422   -1.504181
    2423   -1.503208
    2424   -1.503208
    2425   -1.502073
    2426   -1.502073
    2427   -1.500815
    2428   -1.500815
    2429   -1.499419
    2430   -1.499419
    2431   -1.497870
    2432   -1.497870
    2433   -1.496193
    2434   -1.496193
    2435   -1.494419
    2436   -1.494419
    2437   -1.492556
    2438   -1.492556
    2439   -1.490598
    2440   -1.490598
    2441   -1.488528
    2442   -1.488528
    2443   -1.486323
    2444   -1.486323
    2445   -1.483965
    2446   -1.483965
    2447   -1.481460
    2448   -1.481460
    2449   -1.478843
    2450   -1.478843
    2451   -1.476160
    2452   -1.476160
    2453   -1.473445
    2454   -1.473445
    2455   -1.470706
    2456   -1.470706
    2457   -1.467882
    2458   -1.467882
    2459   -1.464873
    2460   -1.464873
    2461   -1.461698
    2462   -1.461698
    2463   -1.458474
    2464   -1.458474
    2465   -1.455143
    2466   -1.455143
    2467   -1.451538
    2468   -1.451538
    2469   -1.447627
    2470   -1.447627
    2471   -1.443350
    2472   -1.443350
    2473   -1.438708
    2474   -1.438708
    2475   -1.433829
    2476   -1.433829
    2477   -1.428758
    2478   -1.428758
    2479   -1.423517
    2480   -1.423517
    2481   -1.418094
    2482   -1.418094
    2483   -1.412419
    2484   -1.412419
    2485   -1.406492
    2486   -1.406492
    2487   -1.400412
    2488   -1.400412
    2489   -1.394285
    2490   -1.394285
    2491   -1.388141
    2492   -1.388141
    2493   -1.382288
    2494   -1.382288
    2495   -1.377974
    2496   -1.377974
    2497   -1.376230
    2498   -1.376230
    2499   -1.376301
    2500   -1.376301
    2501   -1.377087
    2502   -1.377087
    2503   -1.378181
    2504   -1.378181
    2505   -1.379147
    2506   -1.379147
    2507   -1.379571
    2508   -1.379571
    2509   -1.379352
    2510   -1.379352
    2511   -1.378483
    2512   -1.378483
    2513   -1.377011
    2514   -1.377011
    2515   -1.375165
    2516   -1.375165
    2517   -1.372972
    2518   -1.372972
    2519   -1.370017
    2520   -1.370017
    2521   -1.366114
    2522   -1.366114
    2523   -1.361505
    2524   -1.361505
    2525   -1.356275
    2526   -1.356275
    2527   -1.350269
    2528   -1.350269
    2529   -1.343428
    2530   -1.343428
    2531   -1.335780
    2532   -1.335780
    2533   -1.327245
    2534   -1.327245
    2535   -1.317754
    2536   -1.317754
    2537   -1.307044
    2538   -1.307044
    2539   -1.294841
    2540   -1.294841
    2541   -1.281118
    2542   -1.281118
    2543   -1.265889
    2544   -1.265889
    2545   -1.249015
    2546   -1.249015
    2547   -1.230289
    2548   -1.230289
    2549   -1.209693
    2550   -1.209693
    2551   -1.187064
    2552   -1.187064
    2553   -1.161459
    2554   -1.161459
    2555   -1.131296
    2556   -1.131296
    2557   -1.094492
    2558   -1.094492
    2559   -1.051009
    2560   -1.051009
    2561   -1.002185
    2562   -1.002185
    2563   -0.946046
    2564   -0.946046
    2565   -0.878490
    2566   -0.878490
    2567   -0.795254
    2568   -0.795254
    2569   -0.695748
    2570   -0.695748
    2571   -0.587047
    2572   -0.587047
    2573   -0.497474
    2574   -0.497474
    2575   -1.875749
    2576   -1.875749
    2577   -1.887724
    2578   -1.887724
    2579   -1.904384
    2580   -1.904384
    2581   -1.921217
    2582   -1.921217
    2583   -1.937274
    2584   -1.937274
    2585   -1.948883
    2586   -1.948883
    2587   -1.955469
    2588   -1.955469
    2589   -1.958984
    2590   -1.958984
    2591   -1.961061
    2592   -1.961061
    2593   -1.963019
    2594   -1.963019
    2595   -1.965213
    2596   -1.965213
    2597   -1.967378
    2598   -1.967378
    2599   -1.969384
    2600   -1.969384
    2601   -1.971135
    2602   -1.971135
    2603   -1.972590
    2604   -1.972590
    2605   -1.973759
    2606   -1.973759
    2607   -1.974618
    2608   -1.974618
    2609   -1.975114
    2610   -1.975114
    2611   -1.975259
    2612   -1.975259
    2613   -1.975125
    2614   -1.975125
    2615   -1.974740
    2616   -1.974740
    2617   -1.974091
    2618   -1.974091
    2619   -1.973180
    2620   -1.973180
    2621   -1.971995
    2622   -1.971995
    2623   -1.970570
    2624   -1.970570
    2625   -1.968991
    2626   -1.968991
    2627   -1.967265
    2628   -1.967265
    2629   -1.965338
    2630   -1.965338
    2631   -1.963211
    2632   -1.963211
    2633   -1.960935
    2634   -1.960935
    2635   -1.958542
    2636   -1.958542
    2637   -1.956022
    2638   -1.956022
    2639   -1.953354
    2640   -1.953354
    2641   -1.950529
    2642   -1.950529
    2643   -1.947533
    2644   -1.947533
    2645   -1.944335
    2646   -1.944335
    2647   -1.940958
    2648   -1.940958
    2649   -1.937486
    2650   -1.937486
    2651   -1.933946
    2652   -1.933946
    2653   -1.930334
    2654   -1.930334
    2655   -1.926632
    2656   -1.926632
    2657   -1.922759
    2658   -1.922759
    2659   -1.918669
    2660   -1.918669
    2661   -1.914369
    2662   -1.914369
    2663   -1.909837
    2664   -1.909837
    2665   -1.905072
    2666   -1.905072
    2667   -1.900102
    2668   -1.900102
    2669   -1.894915
    2670   -1.894915
    2671   -1.889492
    2672   -1.889492
    2673   -1.883822
    2674   -1.883822
    2675   -1.877828
    2676   -1.877828
    2677   -1.871451
    2678   -1.871451
    2679   -1.864736
    2680   -1.864736
    2681   -1.857697
    2682   -1.857697
    2683   -1.850296
    2684   -1.850296
    2685   -1.842553
    2686   -1.842553
    2687   -1.834583
    2688   -1.834583
    2689   -1.826541
    2690   -1.826541
    2691   -1.818780
    2692   -1.818780
    2693   -1.812553
    2694   -1.812553
    2695   -1.809395
    2696   -1.809395
    2697   -1.808866
    2698   -1.808866
    2699   -1.809350
    2700   -1.809350
    2701   -1.810017
    2702   -1.810017
    2703   -1.810421
    2704   -1.810421
    2705   -1.810191
    2706   -1.810191
    2707   -1.809235
    2708   -1.809235
    2709   -1.807747
    2710   -1.807747
    2711   -1.805678
    2712   -1.805678
    2713   -1.802882
    2714   -1.802882
    2715   -1.799409
    2716   -1.799409
    2717   -1.795007
    2718   -1.795007
    2719   -1.789587
    2720   -1.789587
    2721   -1.783361
    2722   -1.783361
    2723   -1.776387
    2724   -1.776387
    2725   -1.768635
    2726   -1.768635
    2727   -1.759917
    2728   -1.759917
    2729   -1.749960
    2730   -1.749960
    2731   -1.738621
    2732   -1.738621
    2733   -1.725917
    2734   -1.725917
    2735   -1.711725
    2736   -1.711725
    2737   -1.695941
    2738   -1.695941
    2739   -1.678602
    2740   -1.678602
    2741   -1.659578
    2742   -1.659578
    2743   -1.638544
    2744   -1.638544
    2745   -1.615087
    2746   -1.615087
    2747   -1.588941
    2748   -1.588941
    2749   -1.559952
    2750   -1.559952
    2751   -1.527345
    2752   -1.527345
    2753   -1.489623
    2754   -1.489623
    2755   -1.444872
    2756   -1.444872
    2757   -1.391987
    2758   -1.391987
    2759   -1.330034
    2760   -1.330034
    2761   -1.257747
    2762   -1.257747
    2763   -1.172208
    2764   -1.172208
    2765   -1.066792
    2766   -1.066792
    2767   -0.939515
    2768   -0.939515
    2769   -0.798750
    2770   -0.798750
    2771   -0.681285
    2772   -0.681285
    2773   -2.483366
    2774   -2.483366
    2775   -2.505083
    2776   -2.505083
    2777   -2.533954
    2778   -2.533954
    2779   -2.559199
    2780   -2.559199
    2781   -2.580880
    2782   -2.580880
    2783   -2.596951
    2784   -2.596951
    2785   -2.607597
    2786   -2.607597
    2787   -2.615476
    2788   -2.615476
    2789   -2.622218
    2790   -2.622218
    2791   -2.628153
    2792   -2.628153
    2793   -2.633295
    2794   -2.633295
    2795   -2.637695
    2796   -2.637695
    2797   -2.641424
    2798   -2.641424
    2799   -2.644512
    2800   -2.644512
    2801   -2.647002
    2802   -2.647002
    2803   -2.648940
    2804   -2.648940
    2805   -2.650329
    2806   -2.650329
    2807   -2.651157
    2808   -2.651157
    2809   -2.651488
    2810   -2.651488
    2811   -2.651458
    2812   -2.651458
    2813   -2.651111
    2814   -2.651111
    2815   -2.650367
    2816   -2.650367
    2817   -2.649218
    2818   -2.649218
    2819   -2.647729
    2820   -2.647729
    2821   -2.645933
    2822   -2.645933
    2823   -2.643859
    2824   -2.643859
    2825   -2.641536
    2826   -2.641536
    2827   -2.638956
    2828   -2.638956
    2829   -2.636104
    2830   -2.636104
    2831   -2.633022
    2832   -2.633022
    2833   -2.629767
    2834   -2.629767
    2835   -2.626352
    2836   -2.626352
    2837   -2.622752
    2838   -2.622752
    2839   -2.618945
    2840   -2.618945
    2841   -2.614932
    2842   -2.614932
    2843   -2.610700
    2844   -2.610700
    2845   -2.606238
    2846   -2.606238
    2847   -2.601572
    2848   -2.601572
    2849   -2.596707
    2850   -2.596707
    2851   -2.591648
    2852   -2.591648
    2853   -2.586427
    2854   -2.586427
    2855   -2.581021
    2856   -2.581021
    2857   -2.575370
    2858   -2.575370
    2859   -2.569409
    2860   -2.569409
    2861   -2.563134
    2862   -2.563134
    2863   -2.556612
    2864   -2.556612
    2865   -2.549893
    2866   -2.549893
    2867   -2.543009
    2868   -2.543009
    2869   -2.535954
    2870   -2.535954
    2871   -2.528689
    2872   -2.528689
    2873   -2.521054
    2874   -2.521054
    2875   -2.512861
    2876   -2.512861
    2877   -2.504135
    2878   -2.504135
    2879   -2.494926
    2880   -2.494926
    2881   -2.485194
    2882   -2.485194
    2883   -2.474931
    2884   -2.474931
    2885   -2.464174
    2886   -2.464174
    2887   -2.453067
    2888   -2.453067
    2889   -2.442200
    2890   -2.442200
    2891   -2.433141
    2892   -2.433141
    2893   -2.427894
    2894   -2.427894
    2895   -2.426238
    2896   -2.426238
    2897   -2.425903
    2898   -2.425903
    2899   -2.425539
    2900   -2.425539
    2901   -2.424716
    2902   -2.424716
    2903   -2.423040
    2904   -2.423040
    2905   -2.420507
    2906   -2.420507
    2907   -2.417676
    2908   -2.417676
    2909   -2.414459
    2910   -2.414459
    2911   -2.410069
    2912   -2.410069
    2913   -2.404388
    2914   -2.404388
    2915   -2.397748
    2916   -2.397748
    2917   -2.390216
    2918   -2.390216
    2919   -2.381547
    2920   -2.381547
    2921   -2.371717
    2922   -2.371717
    2923   -2.360938
    2924   -2.360938
    2925   -2.348932
    2926   -2.348932
    2927   -2.335157
    2928   -2.335157
    2929   -2.319421
    2930   -2.319421
    2931   -2.301882
    2932   -2.301882
    2933   -2.282608
    2934   -2.282608
    2935   -2.261369
    2936   -2.261369
    2937   -2.238077
    2938   -2.238077
    2939   -2.212743
    2940   -2.212743
    2941   -2.184917
    2942   -2.184917
    2943   -2.153753
    2944   -2.153753
    2945   -2.118724
    2946   -2.118724
    2947   -2.079828
    2948   -2.079828
    2949   -2.036406
    2950   -2.036406
    2951   -1.986880
    2952   -1.986880
    2953   -1.929681
    2954   -1.929681
    2955   -1.863600
    2956   -1.863600
    2957   -1.784935
    2958   -1.784935
    2959   -1.690219
    2960   -1.690219
    2961   -1.577565
    2962   -1.577565
    2963   -1.441310
    2964   -1.441310
    2965   -1.278381
    2966   -1.278381
    2967   -1.096493
    2968   -1.096493
    2969   -0.943226
    2970   -0.943226
    2971   -3.414184
    2972   -3.414184
    2973   -3.448871
    2974   -3.448871
    2975   -3.492132
    2976   -3.492132
    2977   -3.524753
    2978   -3.524753
    2979   -3.550076
    2980   -3.550076
    2981   -3.570453
    2982   -3.570453
    2983   -3.587159
    2984   -3.587159
    2985   -3.602575
    2986   -3.602575
    2987   -3.617510
    2988   -3.617510
    2989   -3.630396
    2990   -3.630396
    2991   -3.640737
    2992   -3.640737
    2993   -3.649280
    2994   -3.649280
    2995   -3.656406
    2996   -3.656406
    2997   -3.662110
    2998   -3.662110
    2999   -3.666502
    3000   -3.666502
    3001   -3.669830
    3002   -3.669830
    3003   -3.672225
    3004   -3.672225
    3005   -3.673715
    3006   -3.673715
    3007   -3.674404
    3008   -3.674404
    3009   -3.674520
    3010   -3.674520
    3011   -3.674164
    3012   -3.674164
    3013   -3.673215
    3014   -3.673215
    3015   -3.671655
    3016   -3.671655
    3017   -3.669633
    3018   -3.669633
    3019   -3.667221
    3020   -3.667221
    3021   -3.664362
    3022   -3.664362
    3023   -3.661040
    3024   -3.661040
    3025   -3.657302
    3026   -3.657302
    3027   -3.653181
    3028   -3.653181
    3029   -3.648739
    3030   -3.648739
    3031   -3.644034
    3032   -3.644034
    3033   -3.639092
    3034   -3.639092
    3035   -3.633909
    3036   -3.633909
    3037   -3.628450
    3038   -3.628450
    3039   -3.622722
    3040   -3.622722
    3041   -3.616765
    3042   -3.616765
    3043   -3.610539
    3044   -3.610539
    3045   -3.603933
    3046   -3.603933
    3047   -3.596902
    3048   -3.596902
    3049   -3.589468
    3050   -3.589468
    3051   -3.581686
    3052   -3.581686
    3053   -3.573627
    3054   -3.573627
    3055   -3.565284
    3056   -3.565284
    3057   -3.556574
    3058   -3.556574
    3059   -3.547482
    3060   -3.547482
    3061   -3.538039
    3062   -3.538039
    3063   -3.528296
    3064   -3.528296
    3065   -3.518338
    3066   -3.518338
    3067   -3.508172
    3068   -3.508172
    3069   -3.497751
    3070   -3.497751
    3071   -3.486922
    3072   -3.486922
    3073   -3.475454
    3074   -3.475454
    3075   -3.463283
    3076   -3.463283
    3077   -3.450409
    3078   -3.450409
    3079   -3.436812
    3080   -3.436812
    3081   -3.422539
    3082   -3.422539
    3083   -3.407544
    3084   -3.407544
    3085   -3.391806
    3086   -3.391806
    3087   -3.376273
    3088   -3.376273
    3089   -3.363406
    3090   -3.363406
    3091   -3.355753
    3092   -3.355753
    3093   -3.352781
    3094   -3.352781
    3095   -3.351383
    3096   -3.351383
    3097   -3.349805
    3098   -3.349805
    3099   -3.347628
    3100   -3.347628
    3101   -3.344302
    3102   -3.344302
    3103   -3.339779
    3104   -3.339779
    3105   -3.334595
    3106   -3.334595
    3107   -3.328800
    3108   -3.328800
    3109   -3.321620
    3110   -3.321620
    3111   -3.312649
    3112   -3.312649
    3113   -3.302527
    3114   -3.302527
    3115   -3.291412
    3116   -3.291412
    3117   -3.278603
    3118   -3.278603
    3119   -3.263956
    3120   -3.263956
    3121   -3.247738
    3122   -3.247738
    3123   -3.229751
    3124   -3.229751
    3125   -3.209571
    3126   -3.209571
    3127   -3.186969
    3128   -3.186969
    3129   -3.162058
    3130   -3.162058
    3131   -3.134988
    3132   -3.134988
    3133   -3.105200
    3134   -3.105200
    3135   -3.072274
    3136   -3.072274
    3137   -3.036341
    3138   -3.036341
    3139   -2.996952
    3140   -2.996952
    3141   -2.952993
    3142   -2.952993
    3143   -2.903712
    3144   -2.903712
    3145   -2.848918
    3146   -2.848918
    3147   -2.787903
    3148   -2.787903
    3149   -2.719178
    3150   -2.719178
    3151   -2.640820
    3152   -2.640820
    3153   -2.550887
    3154   -2.550887
    3155   -2.444845
    3156   -2.444845
    3157   -2.316999
    3158   -2.316999
    3159   -2.163455
    3160   -2.163455
    3161   -1.980770
    3162   -1.980770
    3163   -1.765855
    3164   -1.765855
    3165   -1.525028
    3166   -1.525028
    3167   -1.321660
    3168   -1.321660
    3169   -4.994620
    3170   -4.994620
    3171   -5.051554
    3172   -5.051554
    3173   -5.120226
    3174   -5.120226
    3175   -5.169565
    3176   -5.169565
    3177   -5.207388
    3178   -5.207388
    3179   -5.239077
    3180   -5.239077
    3181   -5.266936
    3182   -5.266936
    3183   -5.293815
    3184   -5.293815
    3185   -5.319950
    3186   -5.319950
    3187   -5.342466
    3188   -5.342466
    3189   -5.360519
    3190   -5.360519
    3191   -5.375416
    3192   -5.375416
    3193   -5.387849
    3194   -5.387849
    3195   -5.397769
    3196   -5.397769
    3197   -5.405307
    3198   -5.405307
    3199   -5.410897
    3200   -5.410897
    3201   -5.414882
    3202   -5.414882
    3203   -5.417459
    3204   -5.417459
    3205   -5.418745
    3206   -5.418745
    3207   -5.418908
    3208   -5.418908
    3209   -5.418173
    3210   -5.418173
    3211   -5.416632
    3212   -5.416632
    3213   -5.414264
    3214   -5.414264
    3215   -5.411108
    3216   -5.411108
    3217   -5.407299
    3218   -5.407299
    3219   -5.402915
    3220   -5.402915
    3221   -5.397870
    3222   -5.397870
    3223   -5.392056
    3224   -5.392056
    3225   -5.385559
    3226   -5.385559
    3227   -5.378626
    3228   -5.378626
    3229   -5.371315
    3230   -5.371315
    3231   -5.363503
    3232   -5.363503
    3233   -5.355244
    3234   -5.355244
    3235   -5.346708
    3236   -5.346708
    3237   -5.337899
    3238   -5.337899
    3239   -5.328673
    3240   -5.328673
    3241   -5.318965
    3242   -5.318965
    3243   -5.308755
    3244   -5.308755
    3245   -5.297954
    3246   -5.297954
    3247   -5.286393
    3248   -5.286393
    3249   -5.274117
    3250   -5.274117
    3251   -5.261423
    3252   -5.261423
    3253   -5.248311
    3254   -5.248311
    3255   -5.234459
    3256   -5.234459
    3257   -5.219913
    3258   -5.219913
    3259   -5.205051
    3260   -5.205051
    3261   -5.189986
    3262   -5.189986
    3263   -5.174605
    3264   -5.174605
    3265   -5.158834
    3266   -5.158834
    3267   -5.142674
    3268   -5.142674
    3269   -5.125938
    3270   -5.125938
    3271   -5.108218
    3272   -5.108218
    3273   -5.089418
    3274   -5.089418
    3275   -5.069793
    3276   -5.069793
    3277   -5.049324
    3278   -5.049324
    3279   -5.027717
    3280   -5.027717
    3281   -5.004908
    3282   -5.004908
    3283   -4.981186
    3284   -4.981186
    3285   -4.957498
    3286   -4.957498
    3287   -4.937037
    3288   -4.937037
    3289   -4.924279
    3290   -4.924279
    3291   -4.919015
    3292   -4.919015
    3293   -4.916339
    3294   -4.916339
    3295   -4.913074
    3296   -4.913074
    3297   -4.908696
    3298   -4.908696
    3299   -4.902982
    3300   -4.902982
    3301   -4.895637
    3302   -4.895637
    3303   -4.886345
    3304   -4.886345
    3305   -4.875313
    3306   -4.875313
    3307   -4.862838
    3308   -4.862838
    3309   -4.848413
    3310   -4.848413
    3311   -4.831831
    3312   -4.831831
    3313   -4.813295
    3314   -4.813295
    3315   -4.792883
    3316   -4.792883
    3317   -4.770145
    3318   -4.770145
    3319   -4.744087
    3320   -4.744087
    3321   -4.714748
    3322   -4.714748
    3323   -4.683162
    3324   -4.683162
    3325   -4.649065
    3326   -4.649065
    3327   -4.611137
    3328   -4.611137
    3329   -4.569346
    3330   -4.569346
    3331   -4.524165
    3332   -4.524165
    3333   -4.474810
    3334   -4.474810
    3335   -4.419785
    3336   -4.419785
    3337   -4.358707
    3338   -4.358707
    3339   -4.292008
    3340   -4.292008
    3341   -4.218442
    3342   -4.218442
    3343   -4.135288
    3344   -4.135288
    3345   -4.041633
    3346   -4.041633
    3347   -3.938044
    3348   -3.938044
    3349   -3.821774
    3350   -3.821774
    3351   -3.687062
    3352   -3.687062
    3353   -3.528505
    3354   -3.528505
    3355   -3.340994
    3356   -3.340994
    3357   -3.117881
    3358   -3.117881
    3359   -2.854058
    3360   -2.854058
    3361   -2.545415
    3362   -2.545415
    3363   -2.202710
    3364   -2.202710
    3365   -1.916484
    3366   -1.916484
    3367   -7.952864
    3368   -7.952864
    3369   -8.054822
    3370   -8.054822
    3371   -8.176631
    3372   -8.176631
    3373   -8.264744
    3374   -8.264744
    3375   -8.334091
    3376   -8.334091
    3377   -8.391616
    3378   -8.391616
    3379   -8.441484
    3380   -8.441484
    3381   -8.488422
    3382   -8.488422
    3383   -8.532727
    3384   -8.532727
    3385   -8.570868
    3386   -8.570868
    3387   -8.601817
    3388   -8.601817
    3389   -8.627538
    3390   -8.627538
    3391   -8.649156
    3392   -8.649156
    3393   -8.666473
    3394   -8.666473
    3395   -8.679556
    3396   -8.679556
    3397   -8.689053
    3398   -8.689053
    3399   -8.695709
    3400   -8.695709
    3401   -8.700140
    3402   -8.700140
    3403   -8.702459
    3404   -8.702459
    3405   -8.702547
    3406   -8.702547
    3407   -8.700831
    3408   -8.700831
    3409   -8.697971
    3410   -8.697971
    3411   -8.693943
    3412   -8.693943
    3413   -8.688391
    3414   -8.688391
    3415   -8.681553
    3416   -8.681553
    3417   -8.674053
    3418   -8.674053
    3419   -8.665767
    3420   -8.665767
    3421   -8.655955
    3422   -8.655955
    3423   -8.644726
    3424   -8.644726
    3425   -8.632952
    3426   -8.632952
    3427   -8.620688
    3428   -8.620688
    3429   -8.607237
    3430   -8.607237
    3431   -8.592763
    3432   -8.592763
    3433   -8.578209
    3434   -8.578209
    3435   -8.563555
    3436   -8.563555
    3437   -8.547890
    3438   -8.547890
    3439   -8.531120
    3440   -8.531120
    3441   -8.513889
    3442   -8.513889
    3443   -8.496001
    3444   -8.496001
    3445   -8.476572
    3446   -8.476572
    3447   -8.455684
    3448   -8.455684
    3449   -8.434271
    3450   -8.434271
    3451   -8.412185
    3452   -8.412185
    3453   -8.388239
    3454   -8.388239
    3455   -8.362704
    3456   -8.362704
    3457   -8.337271
    3458   -8.337271
    3459   -8.312247
    3460   -8.312247
    3461   -8.286634
    3462   -8.286634
    3463   -8.260147
    3464   -8.260147
    3465   -8.233140
    3466   -8.233140
    3467   -8.205214
    3468   -8.205214
    3469   -8.175150
    3470   -8.175150
    3471   -8.142929
    3472   -8.142929
    3473   -8.109970
    3474   -8.109970
    3475   -8.076235
    3476   -8.076235
    3477   -8.040054
    3478   -8.040054
    3479   -8.001425
    3480   -8.001425
    3481   -7.962308
    3482   -7.962308
    3483   -7.923265
    3484   -7.923265
    3485   -7.887163
    3486   -7.887163
    3487   -7.862828
    3488   -7.862828
    3489   -7.852798
    3490   -7.852798
    3491   -7.848782
    3492   -7.848782
    3493   -7.843083
    3494   -7.843083
    3495   -7.834193
    3496   -7.834193
    3497   -7.823779
    3498   -7.823779
    3499   -7.811587
    3500   -7.811587
    3501   -7.795150
    3502   -7.795150
    3503   -7.774638
    3504   -7.774638
    3505   -7.752660
    3506   -7.752660
    3507   -7.728766
    3508   -7.728766
    3509   -7.700060
    3510   -7.700060
    3511   -7.666856
    3512   -7.666856
    3513   -7.632281
    3514   -7.632281
    3515   -7.595304
    3516   -7.595304
    3517   -7.551003
    3518   -7.551003
    3519   -7.499652
    3520   -7.499652
    3521   -7.446429
    3522   -7.446429
    3523   -7.391038
    3524   -7.391038
    3525   -7.327713
    3526   -7.327713
    3527   -7.256003
    3528   -7.256003
    3529   -7.180604
    3530   -7.180604
    3531   -7.100350
    3532   -7.100350
    3533   -7.008362
    3534   -7.008362
    3535   -6.904249
    3536   -6.904249
    3537   -6.793817
    3538   -6.793817
    3539   -6.674817
    3540   -6.674817
    3541   -6.537032
    3542   -6.537032
    3543   -6.379022
    3544   -6.379022
    3545   -6.207693
    3546   -6.207693
    3547   -6.018995
    3548   -6.018995
    3549   -5.797505
    3550   -5.797505
    3551   -5.534891
    3552   -5.534891
    3553   -5.230036
    3554   -5.230036
    3555   -4.873637
    3556   -4.873637
    3557   -4.451092
    3558   -4.451092
    3559   -3.954516
    3560   -3.954516
    3561   -3.411374
    3562   -3.411374
    3563   -2.964230
    3564   -2.964230
    3565  -13.603730
    3566  -13.603730
    3567  -13.798330
    3568  -13.798330
    3569  -14.028248
    3570  -14.028248
    3571  -14.189305
    3572  -14.189305
    3573  -14.316167
    3574  -14.316167
    3575  -14.420845
    3576  -14.420845
    3577  -14.511952
    3578  -14.511952
    3579  -14.597033
    3580  -14.597033
    3581  -14.676428
    3582  -14.676428
    3583  -14.744317
    3584  -14.744317
    3585  -14.799169
    3586  -14.799169
    3587  -14.845081
    3588  -14.845081
    3589  -14.884087
    3590  -14.884087
    3591  -14.915284
    3592  -14.915284
    3593  -14.938600
    3594  -14.938600
    3595  -14.955244
    3596  -14.955244
    3597  -14.966723
    3598  -14.966723
    3599  -14.974536
    3600  -14.974536
    3601  -14.978798
    3602  -14.978798
    3603  -14.978761
    3604  -14.978761
    3605  -14.975218
    3606  -14.975218
    3607  -14.969859
    3608  -14.969859
    3609  -14.962590
    3610  -14.962590
    3611  -14.952321
    3612  -14.952321
    3613  -14.939512
    3614  -14.939512
    3615  -14.926004
    3616  -14.926004
    3617  -14.911639
    3618  -14.911639
    3619  -14.894143
    3620  -14.894143
    3621  -14.873660
    3622  -14.873660
    3623  -14.852619
    3624  -14.852619
    3625  -14.831081
    3626  -14.831081
    3627  -14.806870
    3628  -14.806870
    3629  -14.780329
    3630  -14.780329
    3631  -14.754264
    3632  -14.754264
    3633  -14.728632
    3634  -14.728632
    3635  -14.700733
    3636  -14.700733
    3637  -14.670438
    3638  -14.670438
    3639  -14.639901
    3640  -14.639901
    3641  -14.608643
    3642  -14.608643
    3643  -14.574138
    3644  -14.574138
    3645  -14.536659
    3646  -14.536659
    3647  -14.498686
    3648  -14.498686
    3649  -14.459773
    3650  -14.459773
    3651  -14.416623
    3652  -14.416623
    3653  -14.369858
    3654  -14.369858
    3655  -14.324243
    3656  -14.324243
    3657  -14.280487
    3658  -14.280487
    3659  -14.235397
    3660  -14.235397
    3661  -14.188310
    3662  -14.188310
    3663  -14.140683
    3664  -14.140683
    3665  -14.091641
    3666  -14.091641
    3667  -14.037769
    3668  -14.037769
    3669  -13.979221
    3670  -13.979221
    3671  -13.920385
    3672  -13.920385
    3673  -13.861239
    3674  -13.861239
    3675  -13.796878
    3676  -13.796878
    3677  -13.727357
    3678  -13.727357
    3679  -13.658239
    3680  -13.658239
    3681  -13.589672
    3682  -13.589672
    3683  -13.523777
    3684  -13.523777
    3685  -13.477346
    3686  -13.477346
    3687  -13.458566
    3688  -13.458566
    3689  -13.453689
    3690  -13.453689
    3691  -13.445139
    3692  -13.445139
    3693  -13.427669
    3694  -13.427669
    3695  -13.408161
    3696  -13.408161
    3697  -13.387619
    3698  -13.387619
    3699  -13.358381
    3700  -13.358381
    3701  -13.320335
    3702  -13.320335
    3703  -13.281200
    3704  -13.281200
    3705  -13.240427
    3706  -13.240427
    3707  -13.189311
    3708  -13.189311
    3709  -13.128602
    3710  -13.128602
    3711  -13.067912
    3712  -13.067912
    3713  -13.005091
    3714  -13.005091
    3715  -12.926702
    3716  -12.926702
    3717  -12.833308
    3718  -12.833308
    3719  -12.739277
    3720  -12.739277
    3721  -12.644185
    3722  -12.644185
    3723  -12.532061
    3724  -12.532061
    3725  -12.401842
    3726  -12.401842
    3727  -12.268203
    3728  -12.268203
    3729  -12.129518
    3730  -12.129518
    3731  -11.966937
    3732  -11.966937
    3733  -11.779616
    3734  -11.779616
    3735  -11.585642
    3736  -11.585642
    3737  -11.381070
    3738  -11.381070
    3739  -11.138900
    3740  -11.138900
    3741  -10.856645
    3742  -10.856645
    3743  -10.555881
    3744  -10.555881
    3745  -10.230231
    3746  -10.230231
    3747   -9.843424
    3748   -9.843424
    3749   -9.380900
    3750   -9.380900
    3751   -8.850489
    3752   -8.850489
    3753   -8.237897
    3754   -8.237897
    3755   -7.506753
    3756   -7.506753
    3757   -6.637910
    3758   -6.637910
    3759   -5.685981
    3760   -5.685981
    3761   -4.901562
    3762   -4.901562
    3763  -22.149642
    3764  -22.149642
    3765  -22.495920
    3766  -22.495920
    3767  -22.900875
    3768  -22.900875
    3769  -23.167284
    3770  -23.167284
    3771  -23.373909
    3772  -23.373909
    3773  -23.544949
    3774  -23.544949
    3775  -23.696340
    3776  -23.696340
    3777  -23.838571
    3778  -23.838571
    3779  -23.971592
    3780  -23.971592
    3781  -24.084572
    3782  -24.084572
    3783  -24.174883
    3784  -24.174883
    3785  -24.250849
    3786  -24.250849
    3787  -24.315978
    3788  -24.315978
    3789  -24.367838
    3790  -24.367838
    3791  -24.406213
    3792  -24.406213
    3793  -24.433332
    3794  -24.433332
    3795  -24.451841
    3796  -24.451841
    3797  -24.464660
    3798  -24.464660
    3799  -24.471852
    3800  -24.471852
    3801  -24.471596
    3802  -24.471596
    3803  -24.465330
    3804  -24.465330
    3805  -24.456334
    3806  -24.456334
    3807  -24.444258
    3808  -24.444258
    3809  -24.426871
    3810  -24.426871
    3811  -24.405015
    3812  -24.405015
    3813  -24.382581
    3814  -24.382581
    3815  -24.359357
    3816  -24.359357
    3817  -24.330358
    3818  -24.330358
    3819  -24.295817
    3820  -24.295817
    3821  -24.260940
    3822  -24.260940
    3823  -24.225797
    3824  -24.225797
    3825  -24.185545
    3826  -24.185545
    3827  -24.140790
    3828  -24.140790
    3829  -24.097582
    3830  -24.097582
    3831  -24.055819
    3832  -24.055819
    3833  -24.009758
    3834  -24.009758
    3835  -23.959240
    3836  -23.959240
    3837  -23.908968
    3838  -23.908968
    3839  -23.857955
    3840  -23.857955
    3841  -23.800872
    3842  -23.800872
    3843  -23.738377
    3844  -23.738377
    3845  -23.675731
    3846  -23.675731
    3847  -23.612097
    3848  -23.612097
    3849  -23.540401
    3850  -23.540401
    3851  -23.461647
    3852  -23.461647
    3853  -23.385898
    3854  -23.385898
    3855  -23.314465
    3856  -23.314465
    3857  -23.240286
    3858  -23.240286
    3859  -23.162215
    3860  -23.162215
    3861  -23.083860
    3862  -23.083860
    3863  -23.003622
    3864  -23.003622
    3865  -22.914091
    3866  -22.914091
    3867  -22.815628
    3868  -22.815628
    3869  -22.717927
    3870  -22.717927
    3871  -22.621035
    3872  -22.621035
    3873  -22.514444
    3874  -22.514444
    3875  -22.398159
    3876  -22.398159
    3877  -22.283367
    3878  -22.283367
    3879  -22.169356
    3880  -22.169356
    3881  -22.057979
    3882  -22.057979
    3883  -21.979106
    3884  -21.979106
    3885  -21.948587
    3886  -21.948587
    3887  -21.944364
    3888  -21.944364
    3889  -21.933194
    3890  -21.933194
    3891  -21.902734
    3892  -21.902734
    3893  -21.869618
    3894  -21.869618
    3895  -21.837695
    3896  -21.837695
    3897  -21.789754
    3898  -21.789754
    3899  -21.725200
    3900  -21.725200
    3901  -21.660905
    3902  -21.660905
    3903  -21.595983
    3904  -21.595983
    3905  -21.511770
    3906  -21.511770
    3907  -21.409926
    3908  -21.409926
    3909  -21.310997
    3910  -21.310997
    3911  -21.211015
    3912  -21.211015
    3913  -21.082028
    3914  -21.082028
    3915  -20.925057
    3916  -20.925057
    3917  -20.770481
    3918  -20.770481
    3919  -20.617657
    3920  -20.617657
    3921  -20.432732
    3922  -20.432732
    3923  -20.213767
    3924  -20.213767
    3925  -19.993009
    3926  -19.993009
    3927  -19.768346
    3928  -19.768346
    3929  -19.500350
    3930  -19.500350
    3931  -19.187119
    3932  -19.187119
    3933  -18.868445
    3934  -18.868445
    3935  -18.538044
    3936  -18.538044
    3937  -18.139772
    3938  -18.139772
    3939  -17.669652
    3940  -17.669652
    3941  -17.175735
    3942  -17.175735
    3943  -16.648237
    3944  -16.648237
    3945  -16.015013
    3946  -16.015013
    3947  -15.251751
    3948  -15.251751
    3949  -14.382742
    3950  -14.382742
    3951  -13.385932
    3952  -13.385932
    3953  -12.188789
    3954  -12.188789
    3955  -10.745996
    3956  -10.745996
    3957   -9.136963
    3958   -9.136963
    3959   -7.793828
    3960   -7.793828
