       1   -0.014054
       2   -0.014054
       3   -0.013606
       4   -0.013606
       5   -0.012972
       6   -0.012972
       7   -0.012248
       8   -0.012248
       9   -0.011433
      10   -0.011433
      11   -0.010913
      12   -0.010913
      13   -0.010764
      14   -0.010764
      15   -0.010787
      16   -0.010787
      17   -0.010855
      18   -0.010855
      19   -0.010849
      20   -0.010849
      21   -0.010761
      22   -0.010761
      23   -0.010645
      24   -0.010645
      25   -0.010529
      26   -0.010529
      27   -0.010438
      28   -0.010438
      29   -0.010388
      30   -0.010388
      31   -0.010361
      32   -0.010361
      33   -0.010330
      34   -0.010330
      35   -0.010297
      36   -0.010297
      37   -0.010286
      38   -0.010286
      39   -0.010293
      40   -0.010293
      41   -0.010302
      42   -0.010302
      43   -0.010309
      44   -0.010309
      45   -0.010311
      46   -0.010311
      47   -0.010288
      48   -0.010288
      49   -0.010243
      50   -0.010243
      51   -0.010205
      52   -0.010205
      53   -0.010186
      54   -0.010186
      55   -0.010176
      56   -0.010176
      57   -0.010164
      58   -0.010164
      59   -0.010147
      60   -0.010147
      61   -0.010129
      62   -0.010129
      63   -0.010112
      64   -0.010112
      65   -0.010097
      66   -0.010097
      67   -0.010084
      68   -0.010084
      69   -0.010070
      70   -0.010070
      71   -0.010045
      72   -0.010045
      73   -0.010013
      74   -0.010013
      75   -0.009973
      76   -0.009973
      77   -0.009920
      78   -0.009920
      79   -0.009863
      80   -0.009863
      81   -0.009806
      82   -0.009806
      83   -0.009742
      84   -0.009742
      85   -0.009667
      86   -0.009667
      87   -0.009599
      88   -0.009599
      89   -0.009551
      90   -0.009551
      91   -0.009509
      92   -0.009509
      93   -0.009459
      94   -0.009459
      95   -0.009403
      96   -0.009403
      97   -0.009330
      98   -0.009330
      99   -0.009228
     100   -0.009228
     101   -0.009115
     102   -0.009115
     103   -0.009005
     104   -0.009005
     105   -0.008910
     106   -0.008910
     107   -0.008827
     108   -0.008827
     109   -0.008717
     110   -0.008717
     111   -0.008557
     112   -0.008557
     113   -0.008370
     114   -0.008370
     115   -0.008196
     116   -0.008196
     117   -0.008041
     118   -0.008041
     119   -0.007962
     120   -0.007962
     121   -0.008010
     122   -0.008010
     123   -0.008117
     124   -0.008117
     125   -0.008229
     126   -0.008229
     127   -0.008317
     128   -0.008317
     129   -0.008377
     130   -0.008377
     131   -0.008421
     132   -0.008421
     133   -0.008437
     134   -0.008437
     135   -0.008437
     136   -0.008437
     137   -0.008434
     138   -0.008434
     139   -0.008415
     140   -0.008415
     141   -0.008375
     142   -0.008375
     143   -0.008312
     144   -0.008312
     145   -0.008186
     146   -0.008186
     147   -0.007994
     148   -0.007994
     149   -0.007740
     150   -0.007740
     151   -0.007518
     152   -0.007518
     153   -0.007483
     154   -0.007483
     155   -0.007534
     156   -0.007534
     157   -0.007509
     158   -0.007509
     159   -0.007421
     160   -0.007421
     161   -0.007307
     162   -0.007307
     163   -0.007176
     164   -0.007176
     165   -0.007005
     166   -0.007005
     167   -0.006778
     168   -0.006778
     169   -0.006507
     170   -0.006507
     171   -0.006196
     172   -0.006196
     173   -0.005805
     174   -0.005805
     175   -0.005319
     176   -0.005319
     177   -0.004787
     178   -0.004787
     179   -0.004263
     180   -0.004263
     181   -0.003755
     182   -0.003755
     183   -0.003258
     184   -0.003258
     185   -0.002736
     186   -0.002736
     187   -0.002174
     188   -0.002174
     189   -0.001653
     190   -0.001653
     191   -0.001510
     192   -0.001510
     193   -0.001389
     194   -0.001389
     195   -0.000270
     196   -0.000270
     197    0.001179
     198    0.001179
     199   -0.039950
     200   -0.039950
     201   -0.038831
     202   -0.038831
     203   -0.037281
     204   -0.037281
     205   -0.035539
     206   -0.035539
     207   -0.033588
     208   -0.033588
     209   -0.032352
     210   -0.032352
     211   -0.031988
     212   -0.031988
     213   -0.031992
     214   -0.031992
     215   -0.032068
     216   -0.032068
     217   -0.031953
     218   -0.031953
     219   -0.031644
     220   -0.031644
     221   -0.031278
     222   -0.031278
     223   -0.030927
     224   -0.030927
     225   -0.030662
     226   -0.030662
     227   -0.030524
     228   -0.030524
     229   -0.030448
     230   -0.030448
     231   -0.030359
     232   -0.030359
     233   -0.030274
     234   -0.030274
     235   -0.030245
     236   -0.030245
     237   -0.030263
     238   -0.030263
     239   -0.030281
     240   -0.030281
     241   -0.030292
     242   -0.030292
     243   -0.030287
     244   -0.030287
     245   -0.030222
     246   -0.030222
     247   -0.030106
     248   -0.030106
     249   -0.030007
     250   -0.030007
     251   -0.029953
     252   -0.029953
     253   -0.029921
     254   -0.029921
     255   -0.029883
     256   -0.029883
     257   -0.029835
     258   -0.029835
     259   -0.029787
     260   -0.029787
     261   -0.029742
     262   -0.029742
     263   -0.029696
     264   -0.029696
     265   -0.029654
     266   -0.029654
     267   -0.029608
     268   -0.029608
     269   -0.029538
     270   -0.029538
     271   -0.029450
     272   -0.029450
     273   -0.029339
     274   -0.029339
     275   -0.029194
     276   -0.029194
     277   -0.029030
     278   -0.029030
     279   -0.028853
     280   -0.028853
     281   -0.028660
     282   -0.028660
     283   -0.028457
     284   -0.028457
     285   -0.028273
     286   -0.028273
     287   -0.028131
     288   -0.028131
     289   -0.028003
     290   -0.028003
     291   -0.027862
     292   -0.027862
     293   -0.027692
     294   -0.027692
     295   -0.027463
     296   -0.027463
     297   -0.027178
     298   -0.027178
     299   -0.026888
     300   -0.026888
     301   -0.026614
     302   -0.026614
     303   -0.026357
     304   -0.026357
     305   -0.026104
     306   -0.026104
     307   -0.025788
     308   -0.025788
     309   -0.025365
     310   -0.025365
     311   -0.024889
     312   -0.024889
     313   -0.024433
     314   -0.024433
     315   -0.023990
     316   -0.023990
     317   -0.023728
     318   -0.023728
     319   -0.023822
     320   -0.023822
     321   -0.024115
     322   -0.024115
     323   -0.024424
     324   -0.024424
     325   -0.024657
     326   -0.024657
     327   -0.024808
     328   -0.024808
     329   -0.024923
     330   -0.024923
     331   -0.025002
     332   -0.025002
     333   -0.025026
     334   -0.025026
     335   -0.024991
     336   -0.024991
     337   -0.024934
     338   -0.024934
     339   -0.024855
     340   -0.024855
     341   -0.024672
     342   -0.024672
     343   -0.024300
     344   -0.024300
     345   -0.023799
     346   -0.023799
     347   -0.023200
     348   -0.023200
     349   -0.022641
     350   -0.022641
     351   -0.022452
     352   -0.022452
     353   -0.022508
     354   -0.022508
     355   -0.022446
     356   -0.022446
     357   -0.022183
     358   -0.022183
     359   -0.021792
     360   -0.021792
     361   -0.021381
     362   -0.021381
     363   -0.020921
     364   -0.020921
     365   -0.020298
     366   -0.020298
     367   -0.019514
     368   -0.019514
     369   -0.018642
     370   -0.018642
     371   -0.017598
     372   -0.017598
     373   -0.016253
     374   -0.016253
     375   -0.014725
     376   -0.014725
     377   -0.013266
     378   -0.013266
     379   -0.011919
     380   -0.011919
     381   -0.010604
     382   -0.010604
     383   -0.009215
     384   -0.009215
     385   -0.007736
     386   -0.007736
     387   -0.006331
     388   -0.006331
     389   -0.005665
     390   -0.005665
     391   -0.005207
     392   -0.005207
     393   -0.003279
     394   -0.003279
     395   -0.001064
     396   -0.001064
     397   -0.062110
     398   -0.062110
     399   -0.060626
     400   -0.060626
     401   -0.058696
     402   -0.058696
     403   -0.056880
     404   -0.056880
     405   -0.055072
     406   -0.055072
     407   -0.053946
     408   -0.053946
     409   -0.053563
     410   -0.053563
     411   -0.053372
     412   -0.053372
     413   -0.053098
     414   -0.053098
     415   -0.052623
     416   -0.052623
     417   -0.051989
     418   -0.051989
     419   -0.051322
     420   -0.051322
     421   -0.050709
     422   -0.050709
     423   -0.050288
     424   -0.050288
     425   -0.050093
     426   -0.050093
     427   -0.049980
     428   -0.049980
     429   -0.049850
     430   -0.049850
     431   -0.049743
     432   -0.049743
     433   -0.049716
     434   -0.049716
     435   -0.049734
     436   -0.049734
     437   -0.049736
     438   -0.049736
     439   -0.049721
     440   -0.049721
     441   -0.049684
     442   -0.049684
     443   -0.049579
     444   -0.049579
     445   -0.049426
     446   -0.049426
     447   -0.049301
     448   -0.049301
     449   -0.049228
     450   -0.049228
     451   -0.049171
     452   -0.049171
     453   -0.049100
     454   -0.049100
     455   -0.049016
     456   -0.049016
     457   -0.048938
     458   -0.048938
     459   -0.048864
     460   -0.048864
     461   -0.048782
     462   -0.048782
     463   -0.048702
     464   -0.048702
     465   -0.048619
     466   -0.048619
     467   -0.048508
     468   -0.048508
     469   -0.048366
     470   -0.048366
     471   -0.048198
     472   -0.048198
     473   -0.047994
     474   -0.047994
     475   -0.047727
     476   -0.047727
     477   -0.047403
     478   -0.047403
     479   -0.047093
     480   -0.047093
     481   -0.046821
     482   -0.046821
     483   -0.046552
     484   -0.046552
     485   -0.046296
     486   -0.046296
     487   -0.046077
     488   -0.046077
     489   -0.045864
     490   -0.045864
     491   -0.045577
     492   -0.045577
     493   -0.045190
     494   -0.045190
     495   -0.044783
     496   -0.044783
     497   -0.044420
     498   -0.044420
     499   -0.044056
     500   -0.044056
     501   -0.043653
     502   -0.043653
     503   -0.043238
     504   -0.043238
     505   -0.042781
     506   -0.042781
     507   -0.042215
     508   -0.042215
     509   -0.041587
     510   -0.041587
     511   -0.040962
     512   -0.040962
     513   -0.040314
     514   -0.040314
     515   -0.039834
     516   -0.039834
     517   -0.039813
     518   -0.039813
     519   -0.040188
     520   -0.040188
     521   -0.040654
     522   -0.040654
     523   -0.040950
     524   -0.040950
     525   -0.041083
     526   -0.041083
     527   -0.041249
     528   -0.041249
     529   -0.041473
     530   -0.041473
     531   -0.041535
     532   -0.041535
     533   -0.041392
     534   -0.041392
     535   -0.041309
     536   -0.041309
     537   -0.041301
     538   -0.041301
     539   -0.041028
     540   -0.041028
     541   -0.040404
     542   -0.040404
     543   -0.039755
     544   -0.039755
     545   -0.039136
     546   -0.039136
     547   -0.038417
     548   -0.038417
     549   -0.037888
     550   -0.037888
     551   -0.037758
     552   -0.037758
     553   -0.037675
     554   -0.037675
     555   -0.037180
     556   -0.037180
     557   -0.036330
     558   -0.036330
     559   -0.035577
     560   -0.035577
     561   -0.034948
     562   -0.034948
     563   -0.034017
     564   -0.034017
     565   -0.032719
     566   -0.032719
     567   -0.031411
     568   -0.031411
     569   -0.030005
     570   -0.030005
     571   -0.028007
     572   -0.028007
     573   -0.025564
     574   -0.025564
     575   -0.023391
     576   -0.023391
     577   -0.021606
     578   -0.021606
     579   -0.019829
     580   -0.019829
     581   -0.017881
     582   -0.017881
     583   -0.015806
     584   -0.015806
     585   -0.013675
     586   -0.013675
     587   -0.011686
     588   -0.011686
     589   -0.009865
     590   -0.009865
     591   -0.008159
     592   -0.008159
     593   -0.007107
     594   -0.007107
     595   -0.082421
     596   -0.082421
     597   -0.080642
     598   -0.080642
     599   -0.078444
     600   -0.078444
     601   -0.076919
     602   -0.076919
     603   -0.075838
     604   -0.075838
     605   -0.075153
     606   -0.075153
     607   -0.074759
     608   -0.074759
     609   -0.074241
     610   -0.074241
     611   -0.073443
     612   -0.073443
     613   -0.072526
     614   -0.072526
     615   -0.071601
     616   -0.071601
     617   -0.070717
     618   -0.070717
     619   -0.069950
     620   -0.069950
     621   -0.069464
     622   -0.069464
     623   -0.069263
     624   -0.069263
     625   -0.069145
     626   -0.069145
     627   -0.069006
     628   -0.069006
     629   -0.068909
     630   -0.068909
     631   -0.068897
     632   -0.068897
     633   -0.068902
     634   -0.068902
     635   -0.068853
     636   -0.068853
     637   -0.068767
     638   -0.068767
     639   -0.068671
     640   -0.068671
     641   -0.068532
     642   -0.068532
     643   -0.068359
     644   -0.068359
     645   -0.068218
     646   -0.068218
     647   -0.068131
     648   -0.068131
     649   -0.068049
     650   -0.068049
     651   -0.067926
     652   -0.067926
     653   -0.067778
     654   -0.067778
     655   -0.067653
     656   -0.067653
     657   -0.067540
     658   -0.067540
     659   -0.067406
     660   -0.067406
     661   -0.067268
     662   -0.067268
     663   -0.067136
     664   -0.067136
     665   -0.066977
     666   -0.066977
     667   -0.066769
     668   -0.066769
     669   -0.066549
     670   -0.066549
     671   -0.066311
     672   -0.066311
     673   -0.065961
     674   -0.065961
     675   -0.065509
     676   -0.065509
     677   -0.065121
     678   -0.065121
     679   -0.064834
     680   -0.064834
     681   -0.064511
     682   -0.064511
     683   -0.064135
     684   -0.064135
     685   -0.063812
     686   -0.063812
     687   -0.063528
     688   -0.063528
     689   -0.063149
     690   -0.063149
     691   -0.062661
     692   -0.062661
     693   -0.062207
     694   -0.062207
     695   -0.061833
     696   -0.061833
     697   -0.061399
     698   -0.061399
     699   -0.060851
     700   -0.060851
     701   -0.060315
     702   -0.060315
     703   -0.059798
     704   -0.059798
     705   -0.059163
     706   -0.059163
     707   -0.058417
     708   -0.058417
     709   -0.057671
     710   -0.057671
     711   -0.056937
     712   -0.056937
     713   -0.056297
     714   -0.056297
     715   -0.056067
     716   -0.056067
     717   -0.056403
     718   -0.056403
     719   -0.056961
     720   -0.056961
     721   -0.057275
     722   -0.057275
     723   -0.057348
     724   -0.057348
     725   -0.057571
     726   -0.057571
     727   -0.057945
     728   -0.057945
     729   -0.058004
     730   -0.058004
     731   -0.057736
     732   -0.057736
     733   -0.057656
     734   -0.057656
     735   -0.057752
     736   -0.057752
     737   -0.057422
     738   -0.057422
     739   -0.056620
     740   -0.056620
     741   -0.055956
     742   -0.055956
     743   -0.055477
     744   -0.055477
     745   -0.054693
     746   -0.054693
     747   -0.053782
     748   -0.053782
     749   -0.053342
     750   -0.053342
     751   -0.053149
     752   -0.053149
     753   -0.052366
     754   -0.052366
     755   -0.051012
     756   -0.051012
     757   -0.049916
     758   -0.049916
     759   -0.049153
     760   -0.049153
     761   -0.047948
     762   -0.047948
     763   -0.046181
     764   -0.046181
     765   -0.044548
     766   -0.044548
     767   -0.042940
     768   -0.042940
     769   -0.040451
     770   -0.040451
     771   -0.037262
     772   -0.037262
     773   -0.034584
     774   -0.034584
     775   -0.032603
     776   -0.032603
     777   -0.030564
     778   -0.030564
     779   -0.028277
     780   -0.028277
     781   -0.025836
     782   -0.025836
     783   -0.023050
     784   -0.023050
     785   -0.019271
     786   -0.019271
     787   -0.015069
     788   -0.015069
     789   -0.012443
     790   -0.012443
     791   -0.011395
     792   -0.011395
     793   -0.102891
     794   -0.102891
     795   -0.100851
     796   -0.100851
     797   -0.098228
     798   -0.098228
     799   -0.096323
     800   -0.096323
     801   -0.094941
     802   -0.094941
     803   -0.093935
     804   -0.093935
     805   -0.093198
     806   -0.093198
     807   -0.092367
     808   -0.092367
     809   -0.091320
     810   -0.091320
     811   -0.090279
     812   -0.090279
     813   -0.089372
     814   -0.089372
     815   -0.088641
     816   -0.088641
     817   -0.088105
     818   -0.088105
     819   -0.087784
     820   -0.087784
     821   -0.087635
     822   -0.087635
     823   -0.087534
     824   -0.087534
     825   -0.087425
     826   -0.087425
     827   -0.087346
     828   -0.087346
     829   -0.087314
     830   -0.087314
     831   -0.087267
     832   -0.087267
     833   -0.087148
     834   -0.087148
     835   -0.086982
     836   -0.086982
     837   -0.086817
     838   -0.086817
     839   -0.086640
     840   -0.086640
     841   -0.086441
     842   -0.086441
     843   -0.086264
     844   -0.086264
     845   -0.086135
     846   -0.086135
     847   -0.085999
     848   -0.085999
     849   -0.085805
     850   -0.085805
     851   -0.085589
     852   -0.085589
     853   -0.085406
     854   -0.085406
     855   -0.085233
     856   -0.085233
     857   -0.085027
     858   -0.085027
     859   -0.084811
     860   -0.084811
     861   -0.084609
     862   -0.084609
     863   -0.084388
     864   -0.084388
     865   -0.084121
     866   -0.084121
     867   -0.083852
     868   -0.083852
     869   -0.083575
     870   -0.083575
     871   -0.083202
     872   -0.083202
     873   -0.082746
     874   -0.082746
     875   -0.082350
     876   -0.082350
     877   -0.082046
     878   -0.082046
     879   -0.081688
     880   -0.081688
     881   -0.081240
     882   -0.081240
     883   -0.080826
     884   -0.080826
     885   -0.080453
     886   -0.080453
     887   -0.080009
     888   -0.080009
     889   -0.079495
     890   -0.079495
     891   -0.079035
     892   -0.079035
     893   -0.078630
     894   -0.078630
     895   -0.078121
     896   -0.078121
     897   -0.077483
     898   -0.077483
     899   -0.076868
     900   -0.076868
     901   -0.076275
     902   -0.076275
     903   -0.075534
     904   -0.075534
     905   -0.074641
     906   -0.074641
     907   -0.073761
     908   -0.073761
     909   -0.072964
     910   -0.072964
     911   -0.072280
     912   -0.072280
     913   -0.071976
     914   -0.071976
     915   -0.072247
     916   -0.072247
     917   -0.072789
     918   -0.072789
     919   -0.073141
     920   -0.073141
     921   -0.073288
     922   -0.073288
     923   -0.073563
     924   -0.073563
     925   -0.073917
     926   -0.073917
     927   -0.073927
     928   -0.073927
     929   -0.073651
     930   -0.073651
     931   -0.073567
     932   -0.073567
     933   -0.073604
     934   -0.073604
     935   -0.073233
     936   -0.073233
     937   -0.072464
     938   -0.072464
     939   -0.071835
     940   -0.071835
     941   -0.071357
     942   -0.071357
     943   -0.070543
     944   -0.070543
     945   -0.069484
     946   -0.069484
     947   -0.068746
     948   -0.068746
     949   -0.068228
     950   -0.068228
     951   -0.067206
     952   -0.067206
     953   -0.065670
     954   -0.065670
     955   -0.064352
     956   -0.064352
     957   -0.063310
     958   -0.063310
     959   -0.061829
     960   -0.061829
     961   -0.059808
     962   -0.059808
     963   -0.057895
     964   -0.057895
     965   -0.055958
     966   -0.055958
     967   -0.053115
     968   -0.053115
     969   -0.049563
     970   -0.049563
     971   -0.046499
     972   -0.046499
     973   -0.044098
     974   -0.044098
     975   -0.041592
     976   -0.041592
     977   -0.039055
     978   -0.039055
     979   -0.036483
     980   -0.036483
     981   -0.033159
     982   -0.033159
     983   -0.028364
     984   -0.028364
     985   -0.022755
     986   -0.022755
     987   -0.018575
     988   -0.018575
     989   -0.016222
     990   -0.016222
     991   -0.124825
     992   -0.124825
     993   -0.122756
     994   -0.122756
     995   -0.119894
     996   -0.119894
     997   -0.117269
     998   -0.117269
     999   -0.114843
    1000   -0.114843
    1001   -0.113001
    1002   -0.113001
    1003   -0.111769
    1004   -0.111769
    1005   -0.110695
    1006   -0.110695
    1007   -0.109644
    1008   -0.109644
    1009   -0.108755
    1010   -0.108755
    1011   -0.108115
    1012   -0.108115
    1013   -0.107768
    1014   -0.107768
    1015   -0.107666
    1016   -0.107666
    1017   -0.107621
    1018   -0.107621
    1019   -0.107531
    1020   -0.107531
    1021   -0.107417
    1022   -0.107417
    1023   -0.107307
    1024   -0.107307
    1025   -0.107210
    1026   -0.107210
    1027   -0.107095
    1028   -0.107095
    1029   -0.106937
    1030   -0.106937
    1031   -0.106749
    1032   -0.106749
    1033   -0.106550
    1034   -0.106550
    1035   -0.106344
    1036   -0.106344
    1037   -0.106120
    1038   -0.106120
    1039   -0.105894
    1040   -0.105894
    1041   -0.105687
    1042   -0.105687
    1043   -0.105484
    1044   -0.105484
    1045   -0.105246
    1046   -0.105246
    1047   -0.104982
    1048   -0.104982
    1049   -0.104734
    1050   -0.104734
    1051   -0.104499
    1052   -0.104499
    1053   -0.104238
    1054   -0.104238
    1055   -0.103951
    1056   -0.103951
    1057   -0.103664
    1058   -0.103664
    1059   -0.103385
    1060   -0.103385
    1061   -0.103091
    1062   -0.103091
    1063   -0.102781
    1064   -0.102781
    1065   -0.102477
    1066   -0.102477
    1067   -0.102157
    1068   -0.102157
    1069   -0.101789
    1070   -0.101789
    1071   -0.101404
    1072   -0.101404
    1073   -0.101045
    1074   -0.101045
    1075   -0.100695
    1076   -0.100695
    1077   -0.100279
    1078   -0.100279
    1079   -0.099800
    1080   -0.099800
    1081   -0.099338
    1082   -0.099338
    1083   -0.098884
    1084   -0.098884
    1085   -0.098374
    1086   -0.098374
    1087   -0.097842
    1088   -0.097842
    1089   -0.097356
    1090   -0.097356
    1091   -0.096871
    1092   -0.096871
    1093   -0.096276
    1094   -0.096276
    1095   -0.095584
    1096   -0.095584
    1097   -0.094875
    1098   -0.094875
    1099   -0.094120
    1100   -0.094120
    1101   -0.093216
    1102   -0.093216
    1103   -0.092174
    1104   -0.092174
    1105   -0.091136
    1106   -0.091136
    1107   -0.090189
    1108   -0.090189
    1109   -0.089442
    1110   -0.089442
    1111   -0.089136
    1112   -0.089136
    1113   -0.089338
    1114   -0.089338
    1115   -0.089763
    1116   -0.089763
    1117   -0.090113
    1118   -0.090113
    1119   -0.090352
    1120   -0.090352
    1121   -0.090580
    1122   -0.090580
    1123   -0.090746
    1124   -0.090746
    1125   -0.090696
    1126   -0.090696
    1127   -0.090496
    1128   -0.090496
    1129   -0.090345
    1130   -0.090345
    1131   -0.090175
    1132   -0.090175
    1133   -0.089754
    1134   -0.089754
    1135   -0.089116
    1136   -0.089116
    1137   -0.088482
    1138   -0.088482
    1139   -0.087840
    1140   -0.087840
    1141   -0.086987
    1142   -0.086987
    1143   -0.085964
    1144   -0.085964
    1145   -0.085003
    1146   -0.085003
    1147   -0.084063
    1148   -0.084063
    1149   -0.082847
    1150   -0.082847
    1151   -0.081341
    1152   -0.081341
    1153   -0.079869
    1154   -0.079869
    1155   -0.078434
    1156   -0.078434
    1157   -0.076662
    1158   -0.076662
    1159   -0.074507
    1160   -0.074507
    1161   -0.072296
    1162   -0.072296
    1163   -0.069920
    1164   -0.069920
    1165   -0.066859
    1166   -0.066859
    1167   -0.063261
    1168   -0.063261
    1169   -0.059870
    1170   -0.059870
    1171   -0.056789
    1172   -0.056789
    1173   -0.053522
    1174   -0.053522
    1175   -0.050505
    1176   -0.050505
    1177   -0.047605
    1178   -0.047605
    1179   -0.043640
    1180   -0.043640
    1181   -0.038552
    1182   -0.038552
    1183   -0.032735
    1184   -0.032735
    1185   -0.027158
    1186   -0.027158
    1187   -0.023160
    1188   -0.023160
    1189   -0.149127
    1190   -0.149127
    1191   -0.147332
    1192   -0.147332
    1193   -0.144812
    1194   -0.144812
    1195   -0.142330
    1196   -0.142330
    1197   -0.139895
    1198   -0.139895
    1199   -0.138002
    1200   -0.138002
    1201   -0.136676
    1202   -0.136676
    1203   -0.135460
    1204   -0.135460
    1205   -0.134302
    1206   -0.134302
    1207   -0.133465
    1208   -0.133465
    1209   -0.133009
    1210   -0.133009
    1211   -0.132826
    1212   -0.132826
    1213   -0.132806
    1214   -0.132806
    1215   -0.132779
    1216   -0.132779
    1217   -0.132655
    1218   -0.132655
    1219   -0.132465
    1220   -0.132465
    1221   -0.132269
    1222   -0.132269
    1223   -0.132083
    1224   -0.132083
    1225   -0.131863
    1226   -0.131863
    1227   -0.131602
    1228   -0.131602
    1229   -0.131353
    1230   -0.131353
    1231   -0.131138
    1232   -0.131138
    1233   -0.130916
    1234   -0.130916
    1235   -0.130669
    1236   -0.130669
    1237   -0.130430
    1238   -0.130430
    1239   -0.130201
    1240   -0.130201
    1241   -0.129929
    1242   -0.129929
    1243   -0.129600
    1244   -0.129600
    1245   -0.129275
    1246   -0.129275
    1247   -0.128994
    1248   -0.128994
    1249   -0.128699
    1250   -0.128699
    1251   -0.128357
    1252   -0.128357
    1253   -0.128005
    1254   -0.128005
    1255   -0.127672
    1256   -0.127672
    1257   -0.127334
    1258   -0.127334
    1259   -0.126976
    1260   -0.126976
    1261   -0.126622
    1262   -0.126622
    1263   -0.126282
    1264   -0.126282
    1265   -0.125919
    1266   -0.125919
    1267   -0.125527
    1268   -0.125527
    1269   -0.125142
    1270   -0.125142
    1271   -0.124765
    1272   -0.124765
    1273   -0.124347
    1274   -0.124347
    1275   -0.123867
    1276   -0.123867
    1277   -0.123362
    1278   -0.123362
    1279   -0.122863
    1280   -0.122863
    1281   -0.122342
    1282   -0.122342
    1283   -0.121771
    1284   -0.121771
    1285   -0.121194
    1286   -0.121194
    1287   -0.120635
    1288   -0.120635
    1289   -0.120031
    1290   -0.120031
    1291   -0.119329
    1292   -0.119329
    1293   -0.118550
    1294   -0.118550
    1295   -0.117707
    1296   -0.117707
    1297   -0.116766
    1298   -0.116766
    1299   -0.115700
    1300   -0.115700
    1301   -0.114530
    1302   -0.114530
    1303   -0.113334
    1304   -0.113334
    1305   -0.112194
    1306   -0.112194
    1307   -0.111276
    1308   -0.111276
    1309   -0.110835
    1310   -0.110835
    1311   -0.110892
    1312   -0.110892
    1313   -0.111157
    1314   -0.111157
    1315   -0.111367
    1316   -0.111367
    1317   -0.111473
    1318   -0.111473
    1319   -0.111507
    1320   -0.111507
    1321   -0.111462
    1322   -0.111462
    1323   -0.111319
    1324   -0.111319
    1325   -0.111087
    1326   -0.111087
    1327   -0.110800
    1328   -0.110800
    1329   -0.110429
    1330   -0.110429
    1331   -0.109901
    1332   -0.109901
    1333   -0.109239
    1334   -0.109239
    1335   -0.108514
    1336   -0.108514
    1337   -0.107705
    1338   -0.107705
    1339   -0.106744
    1340   -0.106744
    1341   -0.105648
    1342   -0.105648
    1343   -0.104482
    1344   -0.104482
    1345   -0.103221
    1346   -0.103221
    1347   -0.101781
    1348   -0.101781
    1349   -0.100176
    1350   -0.100176
    1351   -0.098514
    1352   -0.098514
    1353   -0.096755
    1354   -0.096755
    1355   -0.094696
    1356   -0.094696
    1357   -0.092325
    1358   -0.092325
    1359   -0.089803
    1360   -0.089803
    1361   -0.087085
    1362   -0.087085
    1363   -0.083944
    1364   -0.083944
    1365   -0.080436
    1366   -0.080436
    1367   -0.076883
    1368   -0.076883
    1369   -0.073357
    1370   -0.073357
    1371   -0.069489
    1372   -0.069489
    1373   -0.065480
    1374   -0.065480
    1375   -0.061429
    1376   -0.061429
    1377   -0.056517
    1378   -0.056517
    1379   -0.050790
    1380   -0.050790
    1381   -0.044229
    1382   -0.044229
    1383   -0.037044
    1384   -0.037044
    1385   -0.031404
    1386   -0.031404
    1387   -0.177066
    1388   -0.177066
    1389   -0.175606
    1390   -0.175606
    1391   -0.173653
    1392   -0.173653
    1393   -0.172001
    1394   -0.172001
    1395   -0.170602
    1396   -0.170602
    1397   -0.169491
    1398   -0.169491
    1399   -0.168547
    1400   -0.168547
    1401   -0.167441
    1402   -0.167441
    1403   -0.166240
    1404   -0.166240
    1405   -0.165420
    1406   -0.165420
    1407   -0.165043
    1408   -0.165043
    1409   -0.164788
    1410   -0.164788
    1411   -0.164513
    1412   -0.164513
    1413   -0.164252
    1414   -0.164252
    1415   -0.163995
    1416   -0.163995
    1417   -0.163704
    1418   -0.163704
    1419   -0.163400
    1420   -0.163400
    1421   -0.163110
    1422   -0.163110
    1423   -0.162819
    1424   -0.162819
    1425   -0.162504
    1426   -0.162504
    1427   -0.162189
    1428   -0.162189
    1429   -0.161912
    1430   -0.161912
    1431   -0.161658
    1432   -0.161658
    1433   -0.161394
    1434   -0.161394
    1435   -0.161129
    1436   -0.161129
    1437   -0.160854
    1438   -0.160854
    1439   -0.160536
    1440   -0.160536
    1441   -0.160174
    1442   -0.160174
    1443   -0.159815
    1444   -0.159815
    1445   -0.159479
    1446   -0.159479
    1447   -0.159129
    1448   -0.159129
    1449   -0.158744
    1450   -0.158744
    1451   -0.158357
    1452   -0.158357
    1453   -0.157995
    1454   -0.157995
    1455   -0.157631
    1456   -0.157631
    1457   -0.157238
    1458   -0.157238
    1459   -0.156831
    1460   -0.156831
    1461   -0.156422
    1462   -0.156422
    1463   -0.155994
    1464   -0.155994
    1465   -0.155537
    1466   -0.155537
    1467   -0.155072
    1468   -0.155072
    1469   -0.154606
    1470   -0.154606
    1471   -0.154118
    1472   -0.154118
    1473   -0.153603
    1474   -0.153603
    1475   -0.153073
    1476   -0.153073
    1477   -0.152509
    1478   -0.152509
    1479   -0.151904
    1480   -0.151904
    1481   -0.151271
    1482   -0.151271
    1483   -0.150621
    1484   -0.150621
    1485   -0.149941
    1486   -0.149941
    1487   -0.149192
    1488   -0.149192
    1489   -0.148362
    1490   -0.148362
    1491   -0.147461
    1492   -0.147461
    1493   -0.146480
    1494   -0.146480
    1495   -0.145397
    1496   -0.145397
    1497   -0.144208
    1498   -0.144208
    1499   -0.142944
    1500   -0.142944
    1501   -0.141645
    1502   -0.141645
    1503   -0.140377
    1504   -0.140377
    1505   -0.139306
    1506   -0.139306
    1507   -0.138698
    1508   -0.138698
    1509   -0.138603
    1510   -0.138603
    1511   -0.138715
    1512   -0.138715
    1513   -0.138726
    1514   -0.138726
    1515   -0.138586
    1516   -0.138586
    1517   -0.138399
    1518   -0.138399
    1519   -0.138181
    1520   -0.138181
    1521   -0.137861
    1522   -0.137861
    1523   -0.137415
    1524   -0.137415
    1525   -0.136911
    1526   -0.136911
    1527   -0.136355
    1528   -0.136355
    1529   -0.135648
    1530   -0.135648
    1531   -0.134796
    1532   -0.134796
    1533   -0.133897
    1534   -0.133897
    1535   -0.132930
    1536   -0.132930
    1537   -0.131792
    1538   -0.131792
    1539   -0.130487
    1540   -0.130487
    1541   -0.129094
    1542   -0.129094
    1543   -0.127589
    1544   -0.127589
    1545   -0.125891
    1546   -0.125891
    1547   -0.124038
    1548   -0.124038
    1549   -0.122129
    1550   -0.122129
    1551   -0.120107
    1552   -0.120107
    1553   -0.117769
    1554   -0.117769
    1555   -0.115109
    1556   -0.115109
    1557   -0.112274
    1558   -0.112274
    1559   -0.109286
    1560   -0.109286
    1561   -0.106061
    1562   -0.106061
    1563   -0.102564
    1564   -0.102564
    1565   -0.098845
    1566   -0.098845
    1567   -0.095061
    1568   -0.095061
    1569   -0.090814
    1570   -0.090814
    1571   -0.085586
    1572   -0.085586
    1573   -0.079870
    1574   -0.079870
    1575   -0.073721
    1576   -0.073721
    1577   -0.066653
    1578   -0.066653
    1579   -0.058264
    1580   -0.058264
    1581   -0.048904
    1582   -0.048904
    1583   -0.041405
    1584   -0.041405
    1585   -0.210615
    1586   -0.210615
    1587   -0.209380
    1588   -0.209380
    1589   -0.207733
    1590   -0.207733
    1591   -0.206453
    1592   -0.206453
    1593   -0.205544
    1594   -0.205544
    1595   -0.204953
    1596   -0.204953
    1597   -0.204553
    1598   -0.204553
    1599   -0.204075
    1600   -0.204075
    1601   -0.203504
    1602   -0.203504
    1603   -0.203121
    1604   -0.203121
    1605   -0.202930
    1606   -0.202930
    1607   -0.202660
    1608   -0.202660
    1609   -0.202247
    1610   -0.202247
    1611   -0.201844
    1612   -0.201844
    1613   -0.201496
    1614   -0.201496
    1615   -0.201146
    1616   -0.201146
    1617   -0.200781
    1618   -0.200781
    1619   -0.200433
    1620   -0.200433
    1621   -0.200102
    1622   -0.200102
    1623   -0.199745
    1624   -0.199745
    1625   -0.199358
    1626   -0.199358
    1627   -0.198991
    1628   -0.198991
    1629   -0.198657
    1630   -0.198657
    1631   -0.198333
    1632   -0.198333
    1633   -0.198004
    1634   -0.198004
    1635   -0.197663
    1636   -0.197663
    1637   -0.197312
    1638   -0.197312
    1639   -0.196960
    1640   -0.196960
    1641   -0.196614
    1642   -0.196614
    1643   -0.196263
    1644   -0.196263
    1645   -0.195897
    1646   -0.195897
    1647   -0.195510
    1648   -0.195510
    1649   -0.195115
    1650   -0.195115
    1651   -0.194732
    1652   -0.194732
    1653   -0.194346
    1654   -0.194346
    1655   -0.193927
    1656   -0.193927
    1657   -0.193464
    1658   -0.193464
    1659   -0.192972
    1660   -0.192972
    1661   -0.192459
    1662   -0.192459
    1663   -0.191922
    1664   -0.191922
    1665   -0.191368
    1666   -0.191368
    1667   -0.190816
    1668   -0.190816
    1669   -0.190271
    1670   -0.190271
    1671   -0.189722
    1672   -0.189722
    1673   -0.189145
    1674   -0.189145
    1675   -0.188507
    1676   -0.188507
    1677   -0.187814
    1678   -0.187814
    1679   -0.187086
    1680   -0.187086
    1681   -0.186314
    1682   -0.186314
    1683   -0.185479
    1684   -0.185479
    1685   -0.184581
    1686   -0.184581
    1687   -0.183621
    1688   -0.183621
    1689   -0.182595
    1690   -0.182595
    1691   -0.181493
    1692   -0.181493
    1693   -0.180297
    1694   -0.180297
    1695   -0.179018
    1696   -0.179018
    1697   -0.177687
    1698   -0.177687
    1699   -0.176322
    1700   -0.176322
    1701   -0.174972
    1702   -0.174972
    1703   -0.173794
    1704   -0.173794
    1705   -0.173064
    1706   -0.173064
    1707   -0.172837
    1708   -0.172837
    1709   -0.172807
    1710   -0.172807
    1711   -0.172677
    1712   -0.172677
    1713   -0.172403
    1714   -0.172403
    1715   -0.172088
    1716   -0.172088
    1717   -0.171729
    1718   -0.171729
    1719   -0.171222
    1720   -0.171222
    1721   -0.170550
    1722   -0.170550
    1723   -0.169826
    1724   -0.169826
    1725   -0.169065
    1726   -0.169065
    1727   -0.168157
    1728   -0.168157
    1729   -0.167098
    1730   -0.167098
    1731   -0.165990
    1732   -0.165990
    1733   -0.164820
    1734   -0.164820
    1735   -0.163485
    1736   -0.163485
    1737   -0.161970
    1738   -0.161970
    1739   -0.160337
    1740   -0.160337
    1741   -0.158568
    1742   -0.158568
    1743   -0.156580
    1744   -0.156580
    1745   -0.154404
    1746   -0.154404
    1747   -0.152147
    1748   -0.152147
    1749   -0.149762
    1750   -0.149762
    1751   -0.147059
    1752   -0.147059
    1753   -0.144034
    1754   -0.144034
    1755   -0.140826
    1756   -0.140826
    1757   -0.137458
    1758   -0.137458
    1759   -0.133848
    1760   -0.133848
    1761   -0.129917
    1762   -0.129917
    1763   -0.125650
    1764   -0.125650
    1765   -0.121205
    1766   -0.121205
    1767   -0.116218
    1768   -0.116218
    1769   -0.109909
    1770   -0.109909
    1771   -0.102694
    1772   -0.102694
    1773   -0.094912
    1774   -0.094912
    1775   -0.085876
    1776   -0.085876
    1777   -0.075079
    1778   -0.075079
    1779   -0.063100
    1780   -0.063100
    1781   -0.053383
    1782   -0.053383
    1783   -0.251930
    1784   -0.251930
    1785   -0.250935
    1786   -0.250935
    1787   -0.249497
    1788   -0.249497
    1789   -0.248123
    1790   -0.248123
    1791   -0.246960
    1792   -0.246960
    1793   -0.246362
    1794   -0.246362
    1795   -0.246376
    1796   -0.246376
    1797   -0.246718
    1798   -0.246718
    1799   -0.247148
    1800   -0.247148
    1801   -0.247443
    1802   -0.247443
    1803   -0.247508
    1804   -0.247508
    1805   -0.247341
    1806   -0.247341
    1807   -0.247003
    1808   -0.247003
    1809   -0.246642
    1810   -0.246642
    1811   -0.246311
    1812   -0.246311
    1813   -0.245968
    1814   -0.245968
    1815   -0.245598
    1816   -0.245598
    1817   -0.245230
    1818   -0.245230
    1819   -0.244869
    1820   -0.244869
    1821   -0.244480
    1822   -0.244480
    1823   -0.244051
    1824   -0.244051
    1825   -0.243617
    1826   -0.243617
    1827   -0.243203
    1828   -0.243203
    1829   -0.242804
    1830   -0.242804
    1831   -0.242405
    1832   -0.242405
    1833   -0.242004
    1834   -0.242004
    1835   -0.241627
    1836   -0.241627
    1837   -0.241288
    1838   -0.241288
    1839   -0.240963
    1840   -0.240963
    1841   -0.240619
    1842   -0.240619
    1843   -0.240252
    1844   -0.240252
    1845   -0.239870
    1846   -0.239870
    1847   -0.239469
    1848   -0.239469
    1849   -0.239048
    1850   -0.239048
    1851   -0.238608
    1852   -0.238608
    1853   -0.238131
    1854   -0.238131
    1855   -0.237607
    1856   -0.237607
    1857   -0.237049
    1858   -0.237049
    1859   -0.236473
    1860   -0.236473
    1861   -0.235879
    1862   -0.235879
    1863   -0.235264
    1864   -0.235264
    1865   -0.234645
    1866   -0.234645
    1867   -0.234036
    1868   -0.234036
    1869   -0.233415
    1870   -0.233415
    1871   -0.232758
    1872   -0.232758
    1873   -0.232050
    1874   -0.232050
    1875   -0.231276
    1876   -0.231276
    1877   -0.230426
    1878   -0.230426
    1879   -0.229495
    1880   -0.229495
    1881   -0.228502
    1882   -0.228502
    1883   -0.227466
    1884   -0.227466
    1885   -0.226380
    1886   -0.226380
    1887   -0.225224
    1888   -0.225224
    1889   -0.224000
    1890   -0.224000
    1891   -0.222704
    1892   -0.222704
    1893   -0.221338
    1894   -0.221338
    1895   -0.219913
    1896   -0.219913
    1897   -0.218441
    1898   -0.218441
    1899   -0.216966
    1900   -0.216966
    1901   -0.215637
    1902   -0.215637
    1903   -0.214733
    1904   -0.214733
    1905   -0.214327
    1906   -0.214327
    1907   -0.214140
    1908   -0.214140
    1909   -0.213914
    1910   -0.213914
    1911   -0.213589
    1912   -0.213589
    1913   -0.213203
    1914   -0.213203
    1915   -0.212732
    1916   -0.212732
    1917   -0.212101
    1918   -0.212101
    1919   -0.211310
    1920   -0.211310
    1921   -0.210432
    1922   -0.210432
    1923   -0.209473
    1924   -0.209473
    1925   -0.208377
    1926   -0.208377
    1927   -0.207140
    1928   -0.207140
    1929   -0.205808
    1930   -0.205808
    1931   -0.204381
    1932   -0.204381
    1933   -0.202801
    1934   -0.202801
    1935   -0.201051
    1936   -0.201051
    1937   -0.199141
    1938   -0.199141
    1939   -0.197065
    1940   -0.197065
    1941   -0.194754
    1942   -0.194754
    1943   -0.192206
    1944   -0.192206
    1945   -0.189514
    1946   -0.189514
    1947   -0.186640
    1948   -0.186640
    1949   -0.183452
    1950   -0.183452
    1951   -0.179961
    1952   -0.179961
    1953   -0.176280
    1954   -0.176280
    1955   -0.172366
    1956   -0.172366
    1957   -0.168052
    1958   -0.168052
    1959   -0.163273
    1960   -0.163273
    1961   -0.158069
    1962   -0.158069
    1963   -0.152472
    1964   -0.152472
    1965   -0.146264
    1966   -0.146264
    1967   -0.138932
    1968   -0.138932
    1969   -0.130372
    1970   -0.130372
    1971   -0.120583
    1972   -0.120583
    1973   -0.109093
    1974   -0.109093
    1975   -0.095526
    1976   -0.095526
    1977   -0.080569
    1978   -0.080569
    1979   -0.068292
    1980   -0.068292
    1981   -0.303919
    1982   -0.303919
    1983   -0.303292
    1984   -0.303292
    1985   -0.302284
    1986   -0.302284
    1987   -0.301099
    1988   -0.301099
    1989   -0.299899
    1990   -0.299899
    1991   -0.299219
    1992   -0.299219
    1993   -0.299229
    1994   -0.299229
    1995   -0.299697
    1996   -0.299697
    1997   -0.300333
    1998   -0.300333
    1999   -0.300758
    2000   -0.300758
    2001   -0.300868
    2002   -0.300868
    2003   -0.300781
    2004   -0.300781
    2005   -0.300575
    2006   -0.300575
    2007   -0.300318
    2008   -0.300318
    2009   -0.300046
    2010   -0.300046
    2011   -0.299762
    2012   -0.299762
    2013   -0.299448
    2014   -0.299448
    2015   -0.299101
    2016   -0.299101
    2017   -0.298729
    2018   -0.298729
    2019   -0.298341
    2020   -0.298341
    2021   -0.297930
    2022   -0.297930
    2023   -0.297499
    2024   -0.297499
    2025   -0.297068
    2026   -0.297068
    2027   -0.296642
    2028   -0.296642
    2029   -0.296207
    2030   -0.296207
    2031   -0.295768
    2032   -0.295768
    2033   -0.295355
    2034   -0.295355
    2035   -0.294979
    2036   -0.294979
    2037   -0.294608
    2038   -0.294608
    2039   -0.294211
    2040   -0.294211
    2041   -0.293794
    2042   -0.293794
    2043   -0.293361
    2044   -0.293361
    2045   -0.292898
    2046   -0.292898
    2047   -0.292400
    2048   -0.292400
    2049   -0.291876
    2050   -0.291876
    2051   -0.291322
    2052   -0.291322
    2053   -0.290734
    2054   -0.290734
    2055   -0.290125
    2056   -0.290125
    2057   -0.289512
    2058   -0.289512
    2059   -0.288890
    2060   -0.288890
    2061   -0.288237
    2062   -0.288237
    2063   -0.287554
    2064   -0.287554
    2065   -0.286858
    2066   -0.286858
    2067   -0.286148
    2068   -0.286148
    2069   -0.285407
    2070   -0.285407
    2071   -0.284614
    2072   -0.284614
    2073   -0.283742
    2074   -0.283742
    2075   -0.282762
    2076   -0.282762
    2077   -0.281676
    2078   -0.281676
    2079   -0.280529
    2080   -0.280529
    2081   -0.279352
    2082   -0.279352
    2083   -0.278128
    2084   -0.278128
    2085   -0.276839
    2086   -0.276839
    2087   -0.275495
    2088   -0.275495
    2089   -0.274104
    2090   -0.274104
    2091   -0.272648
    2092   -0.272648
    2093   -0.271106
    2094   -0.271106
    2095   -0.269491
    2096   -0.269491
    2097   -0.267872
    2098   -0.267872
    2099   -0.266430
    2100   -0.266430
    2101   -0.265428
    2102   -0.265428
    2103   -0.264894
    2104   -0.264894
    2105   -0.264582
    2106   -0.264582
    2107   -0.264276
    2108   -0.264276
    2109   -0.263884
    2110   -0.263884
    2111   -0.263391
    2112   -0.263391
    2113   -0.262779
    2114   -0.262779
    2115   -0.261998
    2116   -0.261998
    2117   -0.261052
    2118   -0.261052
    2119   -0.259981
    2120   -0.259981
    2121   -0.258787
    2122   -0.258787
    2123   -0.257459
    2124   -0.257459
    2125   -0.255986
    2126   -0.255986
    2127   -0.254369
    2128   -0.254369
    2129   -0.252601
    2130   -0.252601
    2131   -0.250664
    2132   -0.250664
    2133   -0.248554
    2134   -0.248554
    2135   -0.246274
    2136   -0.246274
    2137   -0.243818
    2138   -0.243818
    2139   -0.241128
    2140   -0.241128
    2141   -0.238182
    2142   -0.238182
    2143   -0.235016
    2144   -0.235016
    2145   -0.231588
    2146   -0.231588
    2147   -0.227855
    2148   -0.227855
    2149   -0.223844
    2150   -0.223844
    2151   -0.219584
    2152   -0.219584
    2153   -0.215017
    2154   -0.215017
    2155   -0.209979
    2156   -0.209979
    2157   -0.204371
    2158   -0.204371
    2159   -0.198140
    2160   -0.198140
    2161   -0.191217
    2162   -0.191217
    2163   -0.183664
    2164   -0.183664
    2165   -0.175216
    2166   -0.175216
    2167   -0.165234
    2168   -0.165234
    2169   -0.153355
    2170   -0.153355
    2171   -0.139218
    2172   -0.139218
    2173   -0.122487
    2174   -0.122487
    2175   -0.103968
    2176   -0.103968
    2177   -0.088590
    2178   -0.088590
    2179   -0.372086
    2180   -0.372086
    2181   -0.372094
    2182   -0.372094
    2183   -0.372001
    2184   -0.372001
    2185   -0.371657
    2186   -0.371657
    2187   -0.371083
    2188   -0.371083
    2189   -0.370588
    2190   -0.370588
    2191   -0.370333
    2192   -0.370333
    2193   -0.370237
    2194   -0.370237
    2195   -0.370198
    2196   -0.370198
    2197   -0.370113
    2198   -0.370113
    2199   -0.369974
    2200   -0.369974
    2201   -0.369840
    2202   -0.369840
    2203   -0.369708
    2204   -0.369708
    2205   -0.369519
    2206   -0.369519
    2207   -0.369278
    2208   -0.369278
    2209   -0.369044
    2210   -0.369044
    2211   -0.368810
    2212   -0.368810
    2213   -0.368514
    2214   -0.368514
    2215   -0.368155
    2216   -0.368155
    2217   -0.367786
    2218   -0.367786
    2219   -0.367413
    2220   -0.367413
    2221   -0.367013
    2222   -0.367013
    2223   -0.366589
    2224   -0.366589
    2225   -0.366157
    2226   -0.366157
    2227   -0.365713
    2228   -0.365713
    2229   -0.365252
    2230   -0.365252
    2231   -0.364783
    2232   -0.364783
    2233   -0.364307
    2234   -0.364307
    2235   -0.363817
    2236   -0.363817
    2237   -0.363308
    2238   -0.363308
    2239   -0.362785
    2240   -0.362785
    2241   -0.362234
    2242   -0.362234
    2243   -0.361650
    2244   -0.361650
    2245   -0.361047
    2246   -0.361047
    2247   -0.360433
    2248   -0.360433
    2249   -0.359801
    2250   -0.359801
    2251   -0.359148
    2252   -0.359148
    2253   -0.358481
    2254   -0.358481
    2255   -0.357815
    2256   -0.357815
    2257   -0.357147
    2258   -0.357147
    2259   -0.356451
    2260   -0.356451
    2261   -0.355704
    2262   -0.355704
    2263   -0.354914
    2264   -0.354914
    2265   -0.354114
    2266   -0.354114
    2267   -0.353286
    2268   -0.353286
    2269   -0.352383
    2270   -0.352383
    2271   -0.351383
    2272   -0.351383
    2273   -0.350266
    2274   -0.350266
    2275   -0.349039
    2276   -0.349039
    2277   -0.347745
    2278   -0.347745
    2279   -0.346407
    2280   -0.346407
    2281   -0.345030
    2282   -0.345030
    2283   -0.343611
    2284   -0.343611
    2285   -0.342141
    2286   -0.342141
    2287   -0.340620
    2288   -0.340620
    2289   -0.339022
    2290   -0.339022
    2291   -0.337323
    2292   -0.337323
    2293   -0.335535
    2294   -0.335535
    2295   -0.333746
    2296   -0.333746
    2297   -0.332227
    2298   -0.332227
    2299   -0.331228
    2300   -0.331228
    2301   -0.330643
    2302   -0.330643
    2303   -0.330226
    2304   -0.330226
    2305   -0.329822
    2306   -0.329822
    2307   -0.329310
    2308   -0.329310
    2309   -0.328630
    2310   -0.328630
    2311   -0.327777
    2312   -0.327777
    2313   -0.326733
    2314   -0.326733
    2315   -0.325500
    2316   -0.325500
    2317   -0.324106
    2318   -0.324106
    2319   -0.322567
    2320   -0.322567
    2321   -0.320877
    2322   -0.320877
    2323   -0.319011
    2324   -0.319011
    2325   -0.316962
    2326   -0.316962
    2327   -0.314725
    2328   -0.314725
    2329   -0.312287
    2330   -0.312287
    2331   -0.309654
    2332   -0.309654
    2333   -0.306839
    2334   -0.306839
    2335   -0.303822
    2336   -0.303822
    2337   -0.300590
    2338   -0.300590
    2339   -0.297117
    2340   -0.297117
    2341   -0.293344
    2342   -0.293344
    2343   -0.289221
    2344   -0.289221
    2345   -0.284777
    2346   -0.284777
    2347   -0.280028
    2348   -0.280028
    2349   -0.274956
    2350   -0.274956
    2351   -0.269559
    2352   -0.269559
    2353   -0.263753
    2354   -0.263753
    2355   -0.257362
    2356   -0.257362
    2357   -0.250149
    2358   -0.250149
    2359   -0.241870
    2360   -0.241870
    2361   -0.232719
    2362   -0.232719
    2363   -0.222712
    2364   -0.222712
    2365   -0.210992
    2366   -0.210992
    2367   -0.196915
    2368   -0.196915
    2369   -0.179962
    2370   -0.179962
    2371   -0.159621
    2372   -0.159621
    2373   -0.136748
    2374   -0.136748
    2375   -0.117452
    2376   -0.117452
    2377   -0.464224
    2378   -0.464224
    2379   -0.465120
    2380   -0.465120
    2381   -0.466369
    2382   -0.466369
    2383   -0.467516
    2384   -0.467516
    2385   -0.468384
    2386   -0.468384
    2387   -0.468634
    2388   -0.468634
    2389   -0.468303
    2390   -0.468303
    2391   -0.467668
    2392   -0.467668
    2393   -0.466922
    2394   -0.466922
    2395   -0.466263
    2396   -0.466263
    2397   -0.465784
    2398   -0.465784
    2399   -0.465463
    2400   -0.465463
    2401   -0.465237
    2402   -0.465237
    2403   -0.464996
    2404   -0.464996
    2405   -0.464718
    2406   -0.464718
    2407   -0.464461
    2408   -0.464461
    2409   -0.464225
    2410   -0.464225
    2411   -0.463936
    2412   -0.463936
    2413   -0.463580
    2414   -0.463580
    2415   -0.463206
    2416   -0.463206
    2417   -0.462827
    2418   -0.462827
    2419   -0.462408
    2420   -0.462408
    2421   -0.461947
    2422   -0.461947
    2423   -0.461462
    2424   -0.461462
    2425   -0.460967
    2426   -0.460967
    2427   -0.460464
    2428   -0.460464
    2429   -0.459938
    2430   -0.459938
    2431   -0.459364
    2432   -0.459364
    2433   -0.458752
    2434   -0.458752
    2435   -0.458126
    2436   -0.458126
    2437   -0.457482
    2438   -0.457482
    2439   -0.456803
    2440   -0.456803
    2441   -0.456098
    2442   -0.456098
    2443   -0.455386
    2444   -0.455386
    2445   -0.454669
    2446   -0.454669
    2447   -0.453939
    2448   -0.453939
    2449   -0.453192
    2450   -0.453192
    2451   -0.452436
    2452   -0.452436
    2453   -0.451671
    2454   -0.451671
    2455   -0.450898
    2456   -0.450898
    2457   -0.450107
    2458   -0.450107
    2459   -0.449265
    2460   -0.449265
    2461   -0.448363
    2462   -0.448363
    2463   -0.447431
    2464   -0.447431
    2465   -0.446457
    2466   -0.446457
    2467   -0.445395
    2468   -0.445395
    2469   -0.444236
    2470   -0.444236
    2471   -0.442980
    2472   -0.442980
    2473   -0.441632
    2474   -0.441632
    2475   -0.440208
    2476   -0.440208
    2477   -0.438711
    2478   -0.438711
    2479   -0.437159
    2480   -0.437159
    2481   -0.435559
    2482   -0.435559
    2483   -0.433893
    2484   -0.433893
    2485   -0.432141
    2486   -0.432141
    2487   -0.430277
    2488   -0.430277
    2489   -0.428295
    2490   -0.428295
    2491   -0.426217
    2492   -0.426217
    2493   -0.424121
    2494   -0.424121
    2495   -0.422313
    2496   -0.422313
    2497   -0.421095
    2498   -0.421095
    2499   -0.420315
    2500   -0.420315
    2501   -0.419670
    2502   -0.419670
    2503   -0.419012
    2504   -0.419012
    2505   -0.418217
    2506   -0.418217
    2507   -0.417206
    2508   -0.417206
    2509   -0.415974
    2510   -0.415974
    2511   -0.414534
    2512   -0.414534
    2513   -0.412873
    2514   -0.412873
    2515   -0.411005
    2516   -0.411005
    2517   -0.408962
    2518   -0.408962
    2519   -0.406712
    2520   -0.406712
    2521   -0.404223
    2522   -0.404223
    2523   -0.401520
    2524   -0.401520
    2525   -0.398612
    2526   -0.398612
    2527   -0.395487
    2528   -0.395487
    2529   -0.392139
    2530   -0.392139
    2531   -0.388556
    2532   -0.388556
    2533   -0.384714
    2534   -0.384714
    2535   -0.380643
    2536   -0.380643
    2537   -0.376309
    2538   -0.376309
    2539   -0.371612
    2540   -0.371612
    2541   -0.366522
    2542   -0.366522
    2543   -0.361055
    2544   -0.361055
    2545   -0.355207
    2546   -0.355207
    2547   -0.348969
    2548   -0.348969
    2549   -0.342359
    2550   -0.342359
    2551   -0.335335
    2552   -0.335335
    2553   -0.327716
    2554   -0.327716
    2555   -0.319210
    2556   -0.319210
    2557   -0.309384
    2558   -0.309384
    2559   -0.298229
    2560   -0.298229
    2561   -0.285901
    2562   -0.285901
    2563   -0.271775
    2564   -0.271775
    2565   -0.255096
    2566   -0.255096
    2567   -0.234922
    2568   -0.234922
    2569   -0.210452
    2570   -0.210452
    2571   -0.182458
    2572   -0.182458
    2573   -0.158400
    2574   -0.158400
    2575   -0.584063
    2576   -0.584063
    2577   -0.585773
    2578   -0.585773
    2579   -0.588221
    2580   -0.588221
    2581   -0.590791
    2582   -0.590791
    2583   -0.593246
    2584   -0.593246
    2585   -0.594459
    2586   -0.594459
    2587   -0.594278
    2588   -0.594278
    2589   -0.593442
    2590   -0.593442
    2591   -0.592406
    2592   -0.592406
    2593   -0.591495
    2594   -0.591495
    2595   -0.590817
    2596   -0.590817
    2597   -0.590298
    2598   -0.590298
    2599   -0.589877
    2600   -0.589877
    2601   -0.589499
    2602   -0.589499
    2603   -0.589143
    2604   -0.589143
    2605   -0.588812
    2606   -0.588812
    2607   -0.588486
    2608   -0.588486
    2609   -0.588126
    2610   -0.588126
    2611   -0.587722
    2612   -0.587722
    2613   -0.587300
    2614   -0.587300
    2615   -0.586868
    2616   -0.586868
    2617   -0.586397
    2618   -0.586397
    2619   -0.585875
    2620   -0.585875
    2621   -0.585304
    2622   -0.585304
    2623   -0.584707
    2624   -0.584707
    2625   -0.584118
    2626   -0.584118
    2627   -0.583523
    2628   -0.583523
    2629   -0.582876
    2630   -0.582876
    2631   -0.582172
    2632   -0.582172
    2633   -0.581435
    2634   -0.581435
    2635   -0.580670
    2636   -0.580670
    2637   -0.579872
    2638   -0.579872
    2639   -0.579050
    2640   -0.579050
    2641   -0.578216
    2642   -0.578216
    2643   -0.577368
    2644   -0.577368
    2645   -0.576496
    2646   -0.576496
    2647   -0.575604
    2648   -0.575604
    2649   -0.574700
    2650   -0.574700
    2651   -0.573775
    2652   -0.573775
    2653   -0.572821
    2654   -0.572821
    2655   -0.571842
    2656   -0.571842
    2657   -0.570819
    2658   -0.570819
    2659   -0.569733
    2660   -0.569733
    2661   -0.568580
    2662   -0.568580
    2663   -0.567353
    2664   -0.567353
    2665   -0.566048
    2666   -0.566048
    2667   -0.564669
    2668   -0.564669
    2669   -0.563225
    2670   -0.563225
    2671   -0.561716
    2672   -0.561716
    2673   -0.560129
    2674   -0.560129
    2675   -0.558441
    2676   -0.558441
    2677   -0.556641
    2678   -0.556641
    2679   -0.554740
    2680   -0.554740
    2681   -0.552745
    2682   -0.552745
    2683   -0.550632
    2684   -0.550632
    2685   -0.548365
    2686   -0.548365
    2687   -0.545939
    2688   -0.545939
    2689   -0.543385
    2690   -0.543385
    2691   -0.540766
    2692   -0.540766
    2693   -0.538356
    2694   -0.538356
    2695   -0.536549
    2696   -0.536549
    2697   -0.535265
    2698   -0.535265
    2699   -0.534115
    2700   -0.534115
    2701   -0.532888
    2702   -0.532888
    2703   -0.531484
    2704   -0.531484
    2705   -0.529841
    2706   -0.529841
    2707   -0.527957
    2708   -0.527957
    2709   -0.525888
    2710   -0.525888
    2711   -0.523600
    2712   -0.523600
    2713   -0.521032
    2714   -0.521032
    2715   -0.518219
    2716   -0.518219
    2717   -0.515132
    2718   -0.515132
    2719   -0.511749
    2720   -0.511749
    2721   -0.508108
    2722   -0.508108
    2723   -0.504225
    2724   -0.504225
    2725   -0.500118
    2726   -0.500118
    2727   -0.495752
    2728   -0.495752
    2729   -0.491059
    2730   -0.491059
    2731   -0.486021
    2732   -0.486021
    2733   -0.480681
    2734   -0.480681
    2735   -0.474998
    2736   -0.474998
    2737   -0.468890
    2738   -0.468890
    2739   -0.462374
    2740   -0.462374
    2741   -0.455458
    2742   -0.455458
    2743   -0.448093
    2744   -0.448093
    2745   -0.440215
    2746   -0.440215
    2747   -0.431778
    2748   -0.431778
    2749   -0.422785
    2750   -0.422785
    2751   -0.413122
    2752   -0.413122
    2753   -0.402494
    2754   -0.402494
    2755   -0.390514
    2756   -0.390514
    2757   -0.376982
    2758   -0.376982
    2759   -0.361732
    2760   -0.361732
    2761   -0.344440
    2762   -0.344440
    2763   -0.324495
    2764   -0.324495
    2765   -0.300502
    2766   -0.300502
    2767   -0.271538
    2768   -0.271538
    2769   -0.238266
    2770   -0.238266
    2771   -0.209324
    2772   -0.209324
    2773   -0.723005
    2774   -0.723005
    2775   -0.725209
    2776   -0.725209
    2777   -0.728148
    2778   -0.728148
    2779   -0.730721
    2780   -0.730721
    2781   -0.733034
    2782   -0.733034
    2783   -0.734281
    2784   -0.734281
    2785   -0.734276
    2786   -0.734276
    2787   -0.733760
    2788   -0.733760
    2789   -0.733157
    2790   -0.733157
    2791   -0.732568
    2792   -0.732568
    2793   -0.732020
    2794   -0.732020
    2795   -0.731527
    2796   -0.731527
    2797   -0.731084
    2798   -0.731084
    2799   -0.730660
    2800   -0.730660
    2801   -0.730249
    2802   -0.730249
    2803   -0.729846
    2804   -0.729846
    2805   -0.729429
    2806   -0.729429
    2807   -0.728974
    2808   -0.728974
    2809   -0.728484
    2810   -0.728484
    2811   -0.727993
    2812   -0.727993
    2813   -0.727504
    2814   -0.727504
    2815   -0.726979
    2816   -0.726979
    2817   -0.726392
    2818   -0.726392
    2819   -0.725746
    2820   -0.725746
    2821   -0.725061
    2822   -0.725061
    2823   -0.724364
    2824   -0.724364
    2825   -0.723645
    2826   -0.723645
    2827   -0.722877
    2828   -0.722877
    2829   -0.722052
    2830   -0.722052
    2831   -0.721181
    2832   -0.721181
    2833   -0.720269
    2834   -0.720269
    2835   -0.719321
    2836   -0.719321
    2837   -0.718343
    2838   -0.718343
    2839   -0.717335
    2840   -0.717335
    2841   -0.716295
    2842   -0.716295
    2843   -0.715225
    2844   -0.715225
    2845   -0.714129
    2846   -0.714129
    2847   -0.713002
    2848   -0.713002
    2849   -0.711824
    2850   -0.711824
    2851   -0.710586
    2852   -0.710586
    2853   -0.709292
    2854   -0.709292
    2855   -0.707946
    2856   -0.707946
    2857   -0.706534
    2858   -0.706534
    2859   -0.705034
    2860   -0.705034
    2861   -0.703442
    2862   -0.703442
    2863   -0.701774
    2864   -0.701774
    2865   -0.700038
    2866   -0.700038
    2867   -0.698243
    2868   -0.698243
    2869   -0.696387
    2870   -0.696387
    2871   -0.694453
    2872   -0.694453
    2873   -0.692404
    2874   -0.692404
    2875   -0.690200
    2876   -0.690200
    2877   -0.687844
    2878   -0.687844
    2879   -0.685351
    2880   -0.685351
    2881   -0.682704
    2882   -0.682704
    2883   -0.679869
    2884   -0.679869
    2885   -0.676822
    2886   -0.676822
    2887   -0.673581
    2888   -0.673581
    2889   -0.670239
    2890   -0.670239
    2891   -0.667066
    2892   -0.667066
    2893   -0.664456
    2894   -0.664456
    2895   -0.662366
    2896   -0.662366
    2897   -0.660359
    2898   -0.660359
    2899   -0.658207
    2900   -0.658207
    2901   -0.655842
    2902   -0.655842
    2903   -0.653186
    2904   -0.653186
    2905   -0.650245
    2906   -0.650245
    2907   -0.647163
    2908   -0.647163
    2909   -0.643912
    2910   -0.643912
    2911   -0.640294
    2912   -0.640294
    2913   -0.636289
    2914   -0.636289
    2915   -0.631971
    2916   -0.631971
    2917   -0.627345
    2918   -0.627345
    2919   -0.622345
    2920   -0.622345
    2921   -0.616988
    2922   -0.616988
    2923   -0.611379
    2924   -0.611379
    2925   -0.605456
    2926   -0.605456
    2927   -0.599071
    2928   -0.599071
    2929   -0.592210
    2930   -0.592210
    2931   -0.584964
    2932   -0.584964
    2933   -0.577306
    2934   -0.577306
    2935   -0.569097
    2936   -0.569097
    2937   -0.560359
    2938   -0.560359
    2939   -0.551199
    2940   -0.551199
    2941   -0.541538
    2942   -0.541538
    2943   -0.531138
    2944   -0.531138
    2945   -0.519901
    2946   -0.519901
    2947   -0.507942
    2948   -0.507942
    2949   -0.495191
    2950   -0.495191
    2951   -0.481301
    2952   -0.481301
    2953   -0.465987
    2954   -0.465987
    2955   -0.449092
    2956   -0.449092
    2957   -0.430143
    2958   -0.430143
    2959   -0.408725
    2960   -0.408725
    2961   -0.384260
    2962   -0.384260
    2963   -0.355517
    2964   -0.355517
    2965   -0.321959
    2966   -0.321959
    2967   -0.284092
    2968   -0.284092
    2969   -0.251294
    2970   -0.251294
    2971   -0.866930
    2972   -0.866930
    2973   -0.868909
    2974   -0.868909
    2975   -0.871100
    2976   -0.871100
    2977   -0.872065
    2978   -0.872065
    2979   -0.872514
    2980   -0.872514
    2981   -0.872796
    2982   -0.872796
    2983   -0.872882
    2984   -0.872882
    2985   -0.873102
    2986   -0.873102
    2987   -0.873518
    2988   -0.873518
    2989   -0.873701
    2990   -0.873701
    2991   -0.873558
    2992   -0.873558
    2993   -0.873324
    2994   -0.873324
    2995   -0.873068
    2996   -0.873068
    2997   -0.872724
    2998   -0.872724
    2999   -0.872297
    3000   -0.872297
    3001   -0.871828
    3002   -0.871828
    3003   -0.871322
    3004   -0.871322
    3005   -0.870766
    3006   -0.870766
    3007   -0.870172
    3008   -0.870172
    3009   -0.869575
    3010   -0.869575
    3011   -0.868977
    3012   -0.868977
    3013   -0.868339
    3014   -0.868339
    3015   -0.867634
    3016   -0.867634
    3017   -0.866878
    3018   -0.866878
    3019   -0.866087
    3020   -0.866087
    3021   -0.865231
    3022   -0.865231
    3023   -0.864295
    3024   -0.864295
    3025   -0.863298
    3026   -0.863298
    3027   -0.862257
    3028   -0.862257
    3029   -0.861170
    3030   -0.861170
    3031   -0.860032
    3032   -0.860032
    3033   -0.858843
    3034   -0.858843
    3035   -0.857607
    3036   -0.857607
    3037   -0.856313
    3038   -0.856313
    3039   -0.854961
    3040   -0.854961
    3041   -0.853575
    3042   -0.853575
    3043   -0.852153
    3044   -0.852153
    3045   -0.850658
    3046   -0.850658
    3047   -0.849071
    3048   -0.849071
    3049   -0.847389
    3050   -0.847389
    3051   -0.845602
    3052   -0.845602
    3053   -0.843724
    3054   -0.843724
    3055   -0.841763
    3056   -0.841763
    3057   -0.839701
    3058   -0.839701
    3059   -0.837540
    3060   -0.837540
    3061   -0.835290
    3062   -0.835290
    3063   -0.832953
    3064   -0.832953
    3065   -0.830533
    3066   -0.830533
    3067   -0.828023
    3068   -0.828023
    3069   -0.825413
    3070   -0.825413
    3071   -0.822675
    3072   -0.822675
    3073   -0.819765
    3074   -0.819765
    3075   -0.816668
    3076   -0.816668
    3077   -0.813381
    3078   -0.813381
    3079   -0.809892
    3080   -0.809892
    3081   -0.806182
    3082   -0.806182
    3083   -0.802219
    3084   -0.802219
    3085   -0.797983
    3086   -0.797983
    3087   -0.793626
    3088   -0.793626
    3089   -0.789480
    3090   -0.789480
    3091   -0.785860
    3092   -0.785860
    3093   -0.782648
    3094   -0.782648
    3095   -0.779388
    3096   -0.779388
    3097   -0.775903
    3098   -0.775903
    3099   -0.772173
    3100   -0.772173
    3101   -0.768063
    3102   -0.768063
    3103   -0.763554
    3104   -0.763554
    3105   -0.758794
    3106   -0.758794
    3107   -0.753814
    3108   -0.753814
    3109   -0.748412
    3110   -0.748412
    3111   -0.742470
    3112   -0.742470
    3113   -0.736161
    3114   -0.736161
    3115   -0.729516
    3116   -0.729516
    3117   -0.722331
    3118   -0.722331
    3119   -0.714611
    3120   -0.714611
    3121   -0.706515
    3122   -0.706515
    3123   -0.697996
    3124   -0.697996
    3125   -0.688883
    3126   -0.688883
    3127   -0.679153
    3128   -0.679153
    3129   -0.668911
    3130   -0.668911
    3131   -0.658149
    3132   -0.658149
    3133   -0.646659
    3134   -0.646659
    3135   -0.634408
    3136   -0.634408
    3137   -0.621572
    3138   -0.621572
    3139   -0.608074
    3140   -0.608074
    3141   -0.593576
    3142   -0.593576
    3143   -0.577950
    3144   -0.577950
    3145   -0.561345
    3146   -0.561345
    3147   -0.543687
    3148   -0.543687
    3149   -0.524637
    3150   -0.524637
    3151   -0.503904
    3152   -0.503904
    3153   -0.481348
    3154   -0.481348
    3155   -0.456483
    3156   -0.456483
    3157   -0.428592
    3158   -0.428592
    3159   -0.397034
    3160   -0.397034
    3161   -0.361538
    3162   -0.361538
    3163   -0.322319
    3164   -0.322319
    3165   -0.280087
    3166   -0.280087
    3167   -0.244741
    3168   -0.244741
    3169   -1.024307
    3170   -1.024307
    3171   -1.025504
    3172   -1.025504
    3173   -1.026413
    3174   -1.026413
    3175   -1.025968
    3176   -1.025968
    3177   -1.025116
    3178   -1.025116
    3179   -1.024700
    3180   -1.024700
    3181   -1.024859
    3182   -1.024859
    3183   -1.025644
    3184   -1.025644
    3185   -1.026780
    3186   -1.026780
    3187   -1.027551
    3188   -1.027551
    3189   -1.027791
    3190   -1.027791
    3191   -1.027802
    3192   -1.027802
    3193   -1.027686
    3194   -1.027686
    3195   -1.027384
    3196   -1.027384
    3197   -1.026899
    3198   -1.026899
    3199   -1.026291
    3200   -1.026291
    3201   -1.025600
    3202   -1.025600
    3203   -1.024857
    3204   -1.024857
    3205   -1.024073
    3206   -1.024073
    3207   -1.023231
    3208   -1.023231
    3209   -1.022339
    3210   -1.022339
    3211   -1.021423
    3212   -1.021423
    3213   -1.020465
    3214   -1.020465
    3215   -1.019443
    3216   -1.019443
    3217   -1.018353
    3218   -1.018353
    3219   -1.017167
    3220   -1.017167
    3221   -1.015869
    3222   -1.015869
    3223   -1.014474
    3224   -1.014474
    3225   -1.013010
    3226   -1.013010
    3227   -1.011508
    3228   -1.011508
    3229   -1.009959
    3230   -1.009959
    3231   -1.008323
    3232   -1.008323
    3233   -1.006594
    3234   -1.006594
    3235   -1.004787
    3236   -1.004787
    3237   -1.002899
    3238   -1.002899
    3239   -1.000923
    3240   -1.000923
    3241   -0.998853
    3242   -0.998853
    3243   -0.996678
    3244   -0.996678
    3245   -0.994385
    3246   -0.994385
    3247   -0.991935
    3248   -0.991935
    3249   -0.989304
    3250   -0.989304
    3251   -0.986535
    3252   -0.986535
    3253   -0.983642
    3254   -0.983642
    3255   -0.980573
    3256   -0.980573
    3257   -0.977349
    3258   -0.977349
    3259   -0.974051
    3260   -0.974051
    3261   -0.970681
    3262   -0.970681
    3263   -0.967181
    3264   -0.967181
    3265   -0.963523
    3266   -0.963523
    3267   -0.959727
    3268   -0.959727
    3269   -0.955762
    3270   -0.955762
    3271   -0.951534
    3272   -0.951534
    3273   -0.947027
    3274   -0.947027
    3275   -0.942298
    3276   -0.942298
    3277   -0.937330
    3278   -0.937330
    3279   -0.932039
    3280   -0.932039
    3281   -0.926408
    3282   -0.926408
    3283   -0.920484
    3284   -0.920484
    3285   -0.914360
    3286   -0.914360
    3287   -0.908302
    3288   -0.908302
    3289   -0.902774
    3290   -0.902774
    3291   -0.897735
    3292   -0.897735
    3293   -0.892545
    3294   -0.892545
    3295   -0.886894
    3296   -0.886894
    3297   -0.880841
    3298   -0.880841
    3299   -0.874346
    3300   -0.874346
    3301   -0.867313
    3302   -0.867313
    3303   -0.859674
    3304   -0.859674
    3305   -0.851509
    3306   -0.851509
    3307   -0.842895
    3308   -0.842895
    3309   -0.833681
    3310   -0.833681
    3311   -0.823837
    3312   -0.823837
    3313   -0.813417
    3314   -0.813417
    3315   -0.802413
    3316   -0.802413
    3317   -0.790759
    3318   -0.790759
    3319   -0.778310
    3320   -0.778310
    3321   -0.765075
    3322   -0.765075
    3323   -0.751219
    3324   -0.751219
    3325   -0.736695
    3326   -0.736695
    3327   -0.721249
    3328   -0.721249
    3329   -0.704868
    3330   -0.704868
    3331   -0.687668
    3332   -0.687668
    3333   -0.669549
    3334   -0.669549
    3335   -0.650282
    3336   -0.650282
    3337   -0.629814
    3338   -0.629814
    3339   -0.608205
    3340   -0.608205
    3341   -0.585269
    3342   -0.585269
    3343   -0.560618
    3344   -0.560618
    3345   -0.534138
    3346   -0.534138
    3347   -0.505981
    3348   -0.505981
    3349   -0.475810
    3350   -0.475810
    3351   -0.442923
    3352   -0.442923
    3353   -0.406810
    3354   -0.406810
    3355   -0.367049
    3356   -0.367049
    3357   -0.323265
    3358   -0.323265
    3359   -0.275906
    3360   -0.275906
    3361   -0.225957
    3362   -0.225957
    3363   -0.176022
    3364   -0.176022
    3365   -0.137325
    3366   -0.137325
    3367   -1.258743
    3368   -1.258743
    3369   -1.259161
    3370   -1.259161
    3371   -1.259221
    3372   -1.259221
    3373   -1.258502
    3374   -1.258502
    3375   -1.257603
    3376   -1.257603
    3377   -1.257217
    3378   -1.257217
    3379   -1.257683
    3380   -1.257683
    3381   -1.258838
    3382   -1.258838
    3383   -1.260221
    3384   -1.260221
    3385   -1.261272
    3386   -1.261272
    3387   -1.261808
    3388   -1.261808
    3389   -1.261966
    3390   -1.261966
    3391   -1.261845
    3392   -1.261845
    3393   -1.261457
    3394   -1.261457
    3395   -1.260784
    3396   -1.260784
    3397   -1.259830
    3398   -1.259830
    3399   -1.258699
    3400   -1.258699
    3401   -1.257554
    3402   -1.257554
    3403   -1.256387
    3404   -1.256387
    3405   -1.255046
    3406   -1.255046
    3407   -1.253545
    3408   -1.253545
    3409   -1.252051
    3410   -1.252051
    3411   -1.250562
    3412   -1.250562
    3413   -1.248934
    3414   -1.248934
    3415   -1.247142
    3416   -1.247142
    3417   -1.245274
    3418   -1.245274
    3419   -1.243318
    3420   -1.243318
    3421   -1.241171
    3422   -1.241171
    3423   -1.238855
    3424   -1.238855
    3425   -1.236520
    3426   -1.236520
    3427   -1.234172
    3428   -1.234172
    3429   -1.231649
    3430   -1.231649
    3431   -1.228923
    3432   -1.228923
    3433   -1.226126
    3434   -1.226126
    3435   -1.223242
    3436   -1.223242
    3437   -1.220103
    3438   -1.220103
    3439   -1.216709
    3440   -1.216709
    3441   -1.213219
    3442   -1.213219
    3443   -1.209611
    3444   -1.209611
    3445   -1.205690
    3446   -1.205690
    3447   -1.201438
    3448   -1.201438
    3449   -1.197026
    3450   -1.197026
    3451   -1.192430
    3452   -1.192430
    3453   -1.187429
    3454   -1.187429
    3455   -1.182101
    3456   -1.182101
    3457   -1.176788
    3458   -1.176788
    3459   -1.171505
    3460   -1.171505
    3461   -1.165982
    3462   -1.165982
    3463   -1.160156
    3464   -1.160156
    3465   -1.154160
    3466   -1.154160
    3467   -1.147913
    3468   -1.147913
    3469   -1.141122
    3470   -1.141122
    3471   -1.133790
    3472   -1.133790
    3473   -1.126237
    3474   -1.126237
    3475   -1.118436
    3476   -1.118436
    3477   -1.110019
    3478   -1.110019
    3479   -1.101012
    3480   -1.101012
    3481   -1.091804
    3482   -1.091804
    3483   -1.082271
    3484   -1.082271
    3485   -1.072180
    3486   -1.072180
    3487   -1.062504
    3488   -1.062504
    3489   -1.053891
    3490   -1.053891
    3491   -1.045358
    3492   -1.045358
    3493   -1.035878
    3494   -1.035878
    3495   -1.025430
    3496   -1.025430
    3497   -1.014487
    3498   -1.014487
    3499   -1.002946
    3500   -1.002946
    3501   -0.990164
    3502   -0.990164
    3503   -0.976215
    3504   -0.976215
    3505   -0.961797
    3506   -0.961797
    3507   -0.946794
    3508   -0.946794
    3509   -0.930460
    3510   -0.930460
    3511   -0.912871
    3512   -0.912871
    3513   -0.894835
    3514   -0.894835
    3515   -0.876165
    3516   -0.876165
    3517   -0.855720
    3518   -0.855720
    3519   -0.833559
    3520   -0.833559
    3521   -0.810878
    3522   -0.810878
    3523   -0.787602
    3524   -0.787602
    3525   -0.762387
    3526   -0.762387
    3527   -0.735176
    3528   -0.735176
    3529   -0.707204
    3530   -0.707204
    3531   -0.678309
    3532   -0.678309
    3533   -0.646955
    3534   -0.646955
    3535   -0.613102
    3536   -0.613102
    3537   -0.578162
    3538   -0.578162
    3539   -0.541824
    3540   -0.541824
    3541   -0.502053
    3542   -0.502053
    3543   -0.458627
    3544   -0.458627
    3545   -0.413151
    3546   -0.413151
    3547   -0.365230
    3548   -0.365230
    3549   -0.312492
    3550   -0.312492
    3551   -0.254248
    3552   -0.254248
    3553   -0.191579
    3554   -0.191579
    3555   -0.124622
    3556   -0.124622
    3557   -0.053402
    3558   -0.053402
    3559    0.020158
    3560    0.020158
    3561    0.088759
    3562    0.088759
    3563    0.137340
    3564    0.137340
    3565   -1.713029
    3566   -1.713029
    3567   -1.712599
    3568   -1.712599
    3569   -1.711802
    3570   -1.711802
    3571   -1.710924
    3572   -1.710924
    3573   -1.709913
    3574   -1.709913
    3575   -1.709715
    3576   -1.709715
    3577   -1.711102
    3578   -1.711102
    3579   -1.713171
    3580   -1.713171
    3581   -1.715169
    3582   -1.715169
    3583   -1.716784
    3584   -1.716784
    3585   -1.717795
    3586   -1.717795
    3587   -1.718157
    3588   -1.718157
    3589   -1.717985
    3590   -1.717985
    3591   -1.717401
    3592   -1.717401
    3593   -1.716353
    3594   -1.716353
    3595   -1.714702
    3596   -1.714702
    3597   -1.712671
    3598   -1.712671
    3599   -1.710733
    3600   -1.710733
    3601   -1.708849
    3602   -1.708849
    3603   -1.706578
    3604   -1.706578
    3605   -1.703928
    3606   -1.703928
    3607   -1.701312
    3608   -1.701312
    3609   -1.698754
    3610   -1.698754
    3611   -1.695895
    3612   -1.695895
    3613   -1.692699
    3614   -1.692699
    3615   -1.689498
    3616   -1.689498
    3617   -1.686283
    3618   -1.686283
    3619   -1.682664
    3620   -1.682664
    3621   -1.678646
    3622   -1.678646
    3623   -1.674669
    3624   -1.674669
    3625   -1.670775
    3626   -1.670775
    3627   -1.666507
    3628   -1.666507
    3629   -1.661782
    3630   -1.661782
    3631   -1.657038
    3632   -1.657038
    3633   -1.652245
    3634   -1.652245
    3635   -1.646837
    3636   -1.646837
    3637   -1.640835
    3638   -1.640835
    3639   -1.634804
    3640   -1.634804
    3641   -1.628679
    3642   -1.628679
    3643   -1.621875
    3644   -1.621875
    3645   -1.614420
    3646   -1.614420
    3647   -1.606838
    3648   -1.606838
    3649   -1.599023
    3650   -1.599023
    3651   -1.590285
    3652   -1.590285
    3653   -1.580796
    3654   -1.580796
    3655   -1.571561
    3656   -1.571561
    3657   -1.562623
    3658   -1.562623
    3659   -1.553161
    3660   -1.553161
    3661   -1.543064
    3662   -1.543064
    3663   -1.532801
    3664   -1.532801
    3665   -1.522181
    3666   -1.522181
    3667   -1.510378
    3668   -1.510378
    3669   -1.497437
    3670   -1.497437
    3671   -1.484337
    3672   -1.484337
    3673   -1.471040
    3674   -1.471040
    3675   -1.456475
    3676   -1.456475
    3677   -1.440725
    3678   -1.440725
    3679   -1.424988
    3680   -1.424988
    3681   -1.408835
    3682   -1.408835
    3683   -1.390911
    3684   -1.390911
    3685   -1.372960
    3686   -1.372960
    3687   -1.357229
    3688   -1.357229
    3689   -1.342601
    3690   -1.342601
    3691   -1.326306
    3692   -1.326306
    3693   -1.307490
    3694   -1.307490
    3695   -1.288019
    3696   -1.288019
    3697   -1.268115
    3698   -1.268115
    3699   -1.245718
    3700   -1.245718
    3701   -1.220835
    3702   -1.220835
    3703   -1.195571
    3704   -1.195571
    3705   -1.169811
    3706   -1.169811
    3707   -1.141228
    3708   -1.141228
    3709   -1.109977
    3710   -1.109977
    3711   -1.078639
    3712   -1.078639
    3713   -1.046817
    3714   -1.046817
    3715   -1.011188
    3716   -1.011188
    3717   -0.971868
    3718   -0.971868
    3719   -0.932362
    3720   -0.932362
    3721   -0.892555
    3722   -0.892555
    3723   -0.848591
    3724   -0.848591
    3725   -0.800344
    3726   -0.800344
    3727   -0.751600
    3728   -0.751600
    3729   -0.702163
    3730   -0.702163
    3731   -0.647598
    3732   -0.647598
    3733   -0.587762
    3734   -0.587762
    3735   -0.527154
    3736   -0.527154
    3737   -0.465287
    3738   -0.465287
    3739   -0.396396
    3740   -0.396396
    3741   -0.320033
    3742   -0.320033
    3743   -0.241134
    3744   -0.241134
    3745   -0.159177
    3746   -0.159177
    3747   -0.068022
    3748   -0.068022
    3749    0.033477
    3750    0.033477
    3751    0.140998
    3752    0.140998
    3753    0.253776
    3754    0.253776
    3755    0.373730
    3756    0.373730
    3757    0.497404
    3758    0.497404
    3759    0.608507
    3760    0.608507
    3761    0.682929
    3762    0.682929
    3763   -2.446379
    3764   -2.446379
    3765   -2.445205
    3766   -2.445205
    3767   -2.443619
    3768   -2.443619
    3769   -2.442191
    3770   -2.442191
    3771   -2.440088
    3772   -2.440088
    3773   -2.439752
    3774   -2.439752
    3775   -2.442792
    3776   -2.442792
    3777   -2.446639
    3778   -2.446639
    3779   -2.449973
    3780   -2.449973
    3781   -2.452703
    3782   -2.452703
    3783   -2.454513
    3784   -2.454513
    3785   -2.455216
    3786   -2.455216
    3787   -2.454992
    3788   -2.454992
    3789   -2.454110
    3790   -2.454110
    3791   -2.452508
    3792   -2.452508
    3793   -2.449793
    3794   -2.449793
    3795   -2.446344
    3796   -2.446344
    3797   -2.443197
    3798   -2.443197
    3799   -2.440259
    3800   -2.440259
    3801   -2.436568
    3802   -2.436568
    3803   -2.432143
    3804   -2.432143
    3805   -2.427817
    3806   -2.427817
    3807   -2.423630
    3808   -2.423630
    3809   -2.418872
    3810   -2.418872
    3811   -2.413502
    3812   -2.413502
    3813   -2.408251
    3814   -2.408251
    3815   -2.403120
    3816   -2.403120
    3817   -2.397221
    3818   -2.397221
    3819   -2.390534
    3820   -2.390534
    3821   -2.384018
    3822   -2.384018
    3823   -2.377783
    3824   -2.377783
    3825   -2.370822
    3826   -2.370822
    3827   -2.362949
    3828   -2.362949
    3829   -2.355192
    3830   -2.355192
    3831   -2.347508
    3832   -2.347508
    3833   -2.338609
    3834   -2.338609
    3835   -2.328553
    3836   -2.328553
    3837   -2.318629
    3838   -2.318629
    3839   -2.308686
    3840   -2.308686
    3841   -2.297426
    3842   -2.297426
    3843   -2.284967
    3844   -2.284967
    3845   -2.272517
    3846   -2.272517
    3847   -2.259844
    3848   -2.259844
    3849   -2.245355
    3850   -2.245355
    3851   -2.229356
    3852   -2.229356
    3853   -2.214076
    3854   -2.214076
    3855   -2.199592
    3856   -2.199592
    3857   -2.184055
    3858   -2.184055
    3859   -2.167297
    3860   -2.167297
    3861   -2.150467
    3862   -2.150467
    3863   -2.133199
    3864   -2.133199
    3865   -2.113660
    3866   -2.113660
    3867   -2.091959
    3868   -2.091959
    3869   -2.070296
    3870   -2.070296
    3871   -2.048615
    3872   -2.048615
    3873   -2.024549
    3874   -2.024549
    3875   -1.998257
    3876   -1.998257
    3877   -1.972363
    3878   -1.972363
    3879   -1.946009
    3880   -1.946009
    3881   -1.916028
    3882   -1.916028
    3883   -1.885305
    3884   -1.885305
    3885   -1.858588
    3886   -1.858588
    3887   -1.834947
    3888   -1.834947
    3889   -1.808655
    3890   -1.808655
    3891   -1.776945
    3892   -1.776945
    3893   -1.744374
    3894   -1.744374
    3895   -1.711965
    3896   -1.711965
    3897   -1.674918
    3898   -1.674918
    3899   -1.633129
    3900   -1.633129
    3901   -1.591337
    3902   -1.591337
    3903   -1.549379
    3904   -1.549379
    3905   -1.502081
    3906   -1.502081
    3907   -1.449768
    3908   -1.449768
    3909   -1.398161
    3910   -1.398161
    3911   -1.346518
    3912   -1.346518
    3913   -1.287641
    3914   -1.287641
    3915   -1.221731
    3916   -1.221731
    3917   -1.156494
    3918   -1.156494
    3919   -1.091745
    3920   -1.091745
    3921   -1.019041
    3922   -1.019041
    3923   -0.938140
    3924   -0.938140
    3925   -0.857464
    3926   -0.857464
    3927   -0.776837
    3928   -0.776837
    3929   -0.686642
    3930   -0.686642
    3931   -0.586448
    3932   -0.586448
    3933   -0.486386
    3934   -0.486386
    3935   -0.385783
    3936   -0.385783
    3937   -0.272121
    3938   -0.272121
    3939   -0.144602
    3940   -0.144602
    3941   -0.014360
    3942   -0.014360
    3943    0.119343
    3944    0.119343
    3945    0.269572
    3946    0.269572
    3947    0.438308
    3948    0.438308
    3949    0.615619
    3950    0.615619
    3951    0.799976
    3952    0.799976
    3953    0.997342
    3954    0.997342
    3955    1.202433
    3956    1.202433
    3957    1.384502
    3958    1.384502
    3959    1.503583
    3960    1.503583
