       1   -0.043937
       2   -0.043937
       3   -0.042568
       4   -0.042568
       5   -0.040701
       6   -0.040701
       7   -0.038547
       8   -0.038547
       9   -0.035960
      10   -0.035960
      11   -0.034406
      12   -0.034406
      13   -0.034287
      14   -0.034287
      15   -0.034801
      16   -0.034801
      17   -0.035403
      18   -0.035403
      19   -0.035667
      20   -0.035667
      21   -0.035589
      22   -0.035589
      23   -0.035388
      24   -0.035388
      25   -0.035183
      26   -0.035183
      27   -0.035047
      28   -0.035047
      29   -0.034999
      30   -0.034999
      31   -0.035003
      32   -0.035003
      33   -0.035001
      34   -0.035001
      35   -0.034987
      36   -0.034987
      37   -0.034986
      38   -0.034986
      39   -0.035001
      40   -0.035001
      41   -0.035016
      42   -0.035016
      43   -0.035039
      44   -0.035039
      45   -0.035062
      46   -0.035062
      47   -0.035034
      48   -0.035034
      49   -0.034951
      50   -0.034951
      51   -0.034865
      52   -0.034865
      53   -0.034797
      54   -0.034797
      55   -0.034730
      56   -0.034730
      57   -0.034638
      58   -0.034638
      59   -0.034530
      60   -0.034530
      61   -0.034447
      62   -0.034447
      63   -0.034386
      64   -0.034386
      65   -0.034333
      66   -0.034333
      67   -0.034284
      68   -0.034284
      69   -0.034218
      70   -0.034218
      71   -0.034122
      72   -0.034122
      73   -0.034011
      74   -0.034011
      75   -0.033899
      76   -0.033899
      77   -0.033777
      78   -0.033777
      79   -0.033640
      80   -0.033640
      81   -0.033476
      82   -0.033476
      83   -0.033298
      84   -0.033298
      85   -0.033131
      86   -0.033131
      87   -0.032970
      88   -0.032970
      89   -0.032821
      90   -0.032821
      91   -0.032669
      92   -0.032669
      93   -0.032487
      94   -0.032487
      95   -0.032292
      96   -0.032292
      97   -0.032078
      98   -0.032078
      99   -0.031811
     100   -0.031811
     101   -0.031503
     102   -0.031503
     103   -0.031200
     104   -0.031200
     105   -0.030947
     106   -0.030947
     107   -0.030714
     108   -0.030714
     109   -0.030389
     110   -0.030389
     111   -0.029923
     112   -0.029923
     113   -0.029370
     114   -0.029370
     115   -0.028829
     116   -0.028829
     117   -0.028318
     118   -0.028318
     119   -0.028075
     120   -0.028075
     121   -0.028298
     122   -0.028298
     123   -0.028706
     124   -0.028706
     125   -0.029052
     126   -0.029052
     127   -0.029203
     128   -0.029203
     129   -0.029277
     130   -0.029277
     131   -0.029488
     132   -0.029488
     133   -0.029681
     134   -0.029681
     135   -0.029760
     136   -0.029760
     137   -0.029828
     138   -0.029828
     139   -0.029853
     140   -0.029853
     141   -0.029771
     142   -0.029771
     143   -0.029628
     144   -0.029628
     145   -0.029473
     146   -0.029473
     147   -0.029333
     148   -0.029333
     149   -0.029129
     150   -0.029129
     151   -0.028760
     152   -0.028760
     153   -0.028364
     154   -0.028364
     155   -0.028095
     156   -0.028095
     157   -0.027829
     158   -0.027829
     159   -0.027497
     160   -0.027497
     161   -0.027192
     162   -0.027192
     163   -0.026864
     164   -0.026864
     165   -0.026289
     166   -0.026289
     167   -0.025446
     168   -0.025446
     169   -0.024541
     170   -0.024541
     171   -0.023548
     172   -0.023548
     173   -0.022098
     174   -0.022098
     175   -0.020002
     176   -0.020002
     177   -0.017672
     178   -0.017672
     179   -0.015550
     180   -0.015550
     181   -0.013412
     182   -0.013412
     183   -0.010986
     184   -0.010986
     185   -0.008040
     186   -0.008040
     187   -0.004514
     188   -0.004514
     189   -0.000062
     190   -0.000062
     191    0.005506
     192    0.005506
     193    0.014864
     194    0.014864
     195    0.032430
     196    0.032430
     197    0.050754
     198    0.050754
     199   -0.125043
     200   -0.125043
     201   -0.121832
     202   -0.121832
     203   -0.117523
     204   -0.117523
     205   -0.112529
     206   -0.112529
     207   -0.106553
     208   -0.106553
     209   -0.103092
     210   -0.103092
     211   -0.102974
     212   -0.102974
     213   -0.104173
     214   -0.104173
     215   -0.105415
     216   -0.105415
     217   -0.105769
     218   -0.105769
     219   -0.105305
     220   -0.105305
     221   -0.104592
     222   -0.104592
     223   -0.103921
     224   -0.103921
     225   -0.103476
     226   -0.103476
     227   -0.103307
     228   -0.103307
     229   -0.103299
     230   -0.103299
     231   -0.103287
     232   -0.103287
     233   -0.103243
     234   -0.103243
     235   -0.103228
     236   -0.103228
     237   -0.103253
     238   -0.103253
     239   -0.103283
     240   -0.103283
     241   -0.103328
     242   -0.103328
     243   -0.103368
     244   -0.103368
     245   -0.103298
     246   -0.103298
     247   -0.103095
     248   -0.103095
     249   -0.102870
     250   -0.102870
     251   -0.102682
     252   -0.102682
     253   -0.102487
     254   -0.102487
     255   -0.102228
     256   -0.102228
     257   -0.101945
     258   -0.101945
     259   -0.101724
     260   -0.101724
     261   -0.101555
     262   -0.101555
     263   -0.101396
     264   -0.101396
     265   -0.101237
     266   -0.101237
     267   -0.101045
     268   -0.101045
     269   -0.100785
     270   -0.100785
     271   -0.100484
     272   -0.100484
     273   -0.100179
     274   -0.100179
     275   -0.099848
     276   -0.099848
     277   -0.099448
     278   -0.099448
     279   -0.098963
     280   -0.098963
     281   -0.098465
     282   -0.098465
     283   -0.098003
     284   -0.098003
     285   -0.097533
     286   -0.097533
     287   -0.097075
     288   -0.097075
     289   -0.096634
     290   -0.096634
     291   -0.096141
     292   -0.096141
     293   -0.095578
     294   -0.095578
     295   -0.094924
     296   -0.094924
     297   -0.094161
     298   -0.094161
     299   -0.093364
     300   -0.093364
     301   -0.092607
     302   -0.092607
     303   -0.091916
     304   -0.091916
     305   -0.091198
     306   -0.091198
     307   -0.090269
     308   -0.090269
     309   -0.089047
     310   -0.089047
     311   -0.087646
     312   -0.087646
     313   -0.086232
     314   -0.086232
     315   -0.084776
     316   -0.084776
     317   -0.083973
     318   -0.083973
     319   -0.084476
     320   -0.084476
     321   -0.085611
     322   -0.085611
     323   -0.086627
     324   -0.086627
     325   -0.087147
     326   -0.087147
     327   -0.087430
     328   -0.087430
     329   -0.087989
     330   -0.087989
     331   -0.088590
     332   -0.088590
     333   -0.088904
     334   -0.088904
     335   -0.089032
     336   -0.089032
     337   -0.089108
     338   -0.089108
     339   -0.089048
     340   -0.089048
     341   -0.088715
     342   -0.088715
     343   -0.088200
     344   -0.088200
     345   -0.087778
     346   -0.087778
     347   -0.087281
     348   -0.087281
     349   -0.086287
     350   -0.086287
     351   -0.085111
     352   -0.085111
     353   -0.084349
     354   -0.084349
     355   -0.083734
     356   -0.083734
     357   -0.082809
     358   -0.082809
     359   -0.081726
     360   -0.081726
     361   -0.080656
     362   -0.080656
     363   -0.079202
     364   -0.079202
     365   -0.077036
     366   -0.077036
     367   -0.074466
     368   -0.074466
     369   -0.071670
     370   -0.071670
     371   -0.067874
     372   -0.067874
     373   -0.062258
     374   -0.062258
     375   -0.055736
     376   -0.055736
     377   -0.049927
     378   -0.049927
     379   -0.044576
     380   -0.044576
     381   -0.038721
     382   -0.038721
     383   -0.031641
     384   -0.031641
     385   -0.023363
     386   -0.023363
     387   -0.013232
     388   -0.013232
     389   -0.000559
     390   -0.000559
     391    0.019845
     392    0.019845
     393    0.056353
     394    0.056353
     395    0.093937
     396    0.093937
     397   -0.194699
     398   -0.194699
     399   -0.190888
     400   -0.190888
     401   -0.186097
     402   -0.186097
     403   -0.181587
     404   -0.181587
     405   -0.176886
     406   -0.176886
     407   -0.174542
     408   -0.174542
     409   -0.175021
     410   -0.175021
     411   -0.176113
     412   -0.176113
     413   -0.176584
     414   -0.176584
     415   -0.175983
     416   -0.175983
     417   -0.174618
     418   -0.174618
     419   -0.173144
     420   -0.173144
     421   -0.171890
     422   -0.171890
     423   -0.171100
     424   -0.171100
     425   -0.170806
     426   -0.170806
     427   -0.170759
     428   -0.170759
     429   -0.170721
     430   -0.170721
     431   -0.170644
     432   -0.170644
     433   -0.170593
     434   -0.170593
     435   -0.170588
     436   -0.170588
     437   -0.170588
     438   -0.170588
     439   -0.170596
     440   -0.170596
     441   -0.170598
     442   -0.170598
     443   -0.170494
     444   -0.170494
     445   -0.170246
     446   -0.170246
     447   -0.169958
     448   -0.169958
     449   -0.169695
     450   -0.169695
     451   -0.169388
     452   -0.169388
     453   -0.168991
     454   -0.168991
     455   -0.168598
     456   -0.168598
     457   -0.168299
     458   -0.168299
     459   -0.168034
     460   -0.168034
     461   -0.167739
     462   -0.167739
     463   -0.167453
     464   -0.167453
     465   -0.167163
     466   -0.167163
     467   -0.166782
     468   -0.166782
     469   -0.166316
     470   -0.166316
     471   -0.165866
     472   -0.165866
     473   -0.165403
     474   -0.165403
     475   -0.164748
     476   -0.164748
     477   -0.163913
     478   -0.163913
     479   -0.163161
     480   -0.163161
     481   -0.162521
     482   -0.162521
     483   -0.161763
     484   -0.161763
     485   -0.160910
     486   -0.160910
     487   -0.160162
     488   -0.160162
     489   -0.159454
     490   -0.159454
     491   -0.158555
     492   -0.158555
     493   -0.157429
     494   -0.157429
     495   -0.156275
     496   -0.156275
     497   -0.155240
     498   -0.155240
     499   -0.154211
     500   -0.154211
     501   -0.153077
     502   -0.153077
     503   -0.151871
     504   -0.151871
     505   -0.150528
     506   -0.150528
     507   -0.148895
     508   -0.148895
     509   -0.147051
     510   -0.147051
     511   -0.145108
     512   -0.145108
     513   -0.142984
     514   -0.142984
     515   -0.141508
     516   -0.141508
     517   -0.141741
     518   -0.141741
     519   -0.143263
     520   -0.143263
     521   -0.144898
     522   -0.144898
     523   -0.145788
     524   -0.145788
     525   -0.146209
     526   -0.146209
     527   -0.147048
     528   -0.147048
     529   -0.148192
     530   -0.148192
     531   -0.148761
     532   -0.148761
     533   -0.148703
     534   -0.148703
     535   -0.148855
     536   -0.148855
     537   -0.149215
     538   -0.149215
     539   -0.148818
     540   -0.148818
     541   -0.147710
     542   -0.147710
     543   -0.146998
     544   -0.146998
     545   -0.146529
     546   -0.146529
     547   -0.145045
     548   -0.145045
     549   -0.142884
     550   -0.142884
     551   -0.141626
     552   -0.141626
     553   -0.141015
     554   -0.141015
     555   -0.139425
     556   -0.139425
     557   -0.136915
     558   -0.136915
     559   -0.134847
     560   -0.134847
     561   -0.133018
     562   -0.133018
     563   -0.129939
     564   -0.129939
     565   -0.125617
     566   -0.125617
     567   -0.121285
     568   -0.121285
     569   -0.116124
     570   -0.116124
     571   -0.107801
     572   -0.107801
     573   -0.097412
     574   -0.097412
     575   -0.088789
     576   -0.088789
     577   -0.082234
     578   -0.082234
     579   -0.075408
     580   -0.075408
     581   -0.067233
     582   -0.067233
     583   -0.058062
     584   -0.058062
     585   -0.046794
     586   -0.046794
     587   -0.030415
     588   -0.030415
     589   -0.006065
     590   -0.006065
     591    0.027977
     592    0.027977
     593    0.060300
     594    0.060300
     595   -0.259291
     596   -0.259291
     597   -0.255067
     598   -0.255067
     599   -0.250100
     600   -0.250100
     601   -0.247322
     602   -0.247322
     603   -0.245960
     604   -0.245960
     605   -0.245828
     606   -0.245828
     607   -0.246758
     608   -0.246758
     609   -0.247094
     610   -0.247094
     611   -0.246045
     612   -0.246045
     613   -0.244117
     614   -0.244117
     615   -0.241888
     616   -0.241888
     617   -0.239912
     618   -0.239912
     619   -0.238407
     620   -0.238407
     621   -0.237526
     622   -0.237526
     623   -0.237238
     624   -0.237238
     625   -0.237199
     626   -0.237199
     627   -0.237147
     628   -0.237147
     629   -0.237035
     630   -0.237035
     631   -0.236950
     632   -0.236950
     633   -0.236913
     634   -0.236913
     635   -0.236848
     636   -0.236848
     637   -0.236754
     638   -0.236754
     639   -0.236678
     640   -0.236678
     641   -0.236546
     642   -0.236546
     643   -0.236286
     644   -0.236286
     645   -0.235976
     646   -0.235976
     647   -0.235686
     648   -0.235686
     649   -0.235312
     650   -0.235312
     651   -0.234802
     652   -0.234802
     653   -0.234319
     654   -0.234319
     655   -0.233969
     656   -0.233969
     657   -0.233620
     658   -0.233620
     659   -0.233168
     660   -0.233168
     661   -0.232735
     662   -0.232735
     663   -0.232369
     664   -0.232369
     665   -0.231903
     666   -0.231903
     667   -0.231275
     668   -0.231275
     669   -0.230679
     670   -0.230679
     671   -0.230124
     672   -0.230124
     673   -0.229269
     674   -0.229269
     675   -0.228117
     676   -0.228117
     677   -0.227147
     678   -0.227147
     679   -0.226407
     680   -0.226407
     681   -0.225415
     682   -0.225415
     683   -0.224135
     684   -0.224135
     685   -0.223025
     686   -0.223025
     687   -0.222105
     688   -0.222105
     689   -0.220925
     690   -0.220925
     691   -0.219415
     692   -0.219415
     693   -0.218010
     694   -0.218010
     695   -0.216849
     696   -0.216849
     697   -0.215525
     698   -0.215525
     699   -0.213881
     700   -0.213881
     701   -0.212272
     702   -0.212272
     703   -0.210722
     704   -0.210722
     705   -0.208843
     706   -0.208843
     707   -0.206622
     708   -0.206622
     709   -0.204286
     710   -0.204286
     711   -0.201889
     712   -0.201889
     713   -0.199948
     714   -0.199948
     715   -0.199573
     716   -0.199573
     717   -0.201040
     718   -0.201040
     719   -0.203086
     720   -0.203086
     721   -0.204267
     722   -0.204267
     723   -0.204770
     724   -0.204770
     725   -0.205910
     726   -0.205910
     727   -0.207555
     728   -0.207555
     729   -0.208184
     730   -0.208184
     731   -0.207821
     732   -0.207821
     733   -0.208067
     734   -0.208067
     735   -0.208860
     736   -0.208860
     737   -0.208356
     738   -0.208356
     739   -0.206604
     740   -0.206604
     741   -0.205610
     742   -0.205610
     743   -0.205251
     744   -0.205251
     745   -0.203341
     746   -0.203341
     747   -0.200146
     748   -0.200146
     749   -0.198255
     750   -0.198255
     751   -0.197509
     752   -0.197509
     753   -0.195049
     754   -0.195049
     755   -0.190845
     756   -0.190845
     757   -0.187633
     758   -0.187633
     759   -0.185413
     760   -0.185413
     761   -0.181365
     762   -0.181365
     763   -0.175217
     764   -0.175217
     765   -0.169479
     766   -0.169479
     767   -0.163303
     768   -0.163303
     769   -0.152754
     770   -0.152754
     771   -0.139099
     772   -0.139099
     773   -0.128418
     774   -0.128418
     775   -0.121624
     776   -0.121624
     777   -0.114944
     778   -0.114944
     779   -0.107473
     780   -0.107473
     781   -0.099712
     782   -0.099712
     783   -0.089404
     784   -0.089404
     785   -0.070420
     786   -0.070420
     787   -0.043433
     788   -0.043433
     789   -0.016318
     790   -0.016318
     791    0.005992
     792    0.005992
     793   -0.326017
     794   -0.326017
     795   -0.321193
     796   -0.321193
     797   -0.315201
     798   -0.315201
     799   -0.311509
     800   -0.311509
     801   -0.309414
     802   -0.309414
     803   -0.308418
     804   -0.308418
     805   -0.308344
     806   -0.308344
     807   -0.307706
     808   -0.307706
     809   -0.305903
     810   -0.305903
     811   -0.303704
     812   -0.303704
     813   -0.301732
     814   -0.301732
     815   -0.300450
     816   -0.300450
     817   -0.299848
     818   -0.299848
     819   -0.299604
     820   -0.299604
     821   -0.299548
     822   -0.299548
     823   -0.299561
     824   -0.299561
     825   -0.299527
     826   -0.299527
     827   -0.299427
     828   -0.299427
     829   -0.299332
     830   -0.299332
     831   -0.299257
     832   -0.299257
     833   -0.299124
     834   -0.299124
     835   -0.298934
     836   -0.298934
     837   -0.298766
     838   -0.298766
     839   -0.298587
     840   -0.298587
     841   -0.298321
     842   -0.298321
     843   -0.298011
     844   -0.298011
     845   -0.297691
     846   -0.297691
     847   -0.297261
     848   -0.297261
     849   -0.296689
     850   -0.296689
     851   -0.296139
     852   -0.296139
     853   -0.295701
     854   -0.295701
     855   -0.295238
     856   -0.295238
     857   -0.294665
     858   -0.294665
     859   -0.294108
     860   -0.294108
     861   -0.293630
     862   -0.293630
     863   -0.293057
     864   -0.293057
     865   -0.292307
     866   -0.292307
     867   -0.291571
     868   -0.291571
     869   -0.290880
     870   -0.290880
     871   -0.289916
     872   -0.289916
     873   -0.288658
     874   -0.288658
     875   -0.287538
     876   -0.287538
     877   -0.286625
     878   -0.286625
     879   -0.285449
     880   -0.285449
     881   -0.283925
     882   -0.283925
     883   -0.282522
     884   -0.282522
     885   -0.281322
     886   -0.281322
     887   -0.279905
     888   -0.279905
     889   -0.278214
     890   -0.278214
     891   -0.276660
     892   -0.276660
     893   -0.275282
     894   -0.275282
     895   -0.273601
     896   -0.273601
     897   -0.271567
     898   -0.271567
     899   -0.269644
     900   -0.269644
     901   -0.267804
     902   -0.267804
     903   -0.265540
     904   -0.265540
     905   -0.262815
     906   -0.262815
     907   -0.260055
     908   -0.260055
     909   -0.257515
     910   -0.257515
     911   -0.255503
     912   -0.255503
     913   -0.254913
     914   -0.254913
     915   -0.256185
     916   -0.256185
     917   -0.258244
     918   -0.258244
     919   -0.259710
     920   -0.259710
     921   -0.260628
     922   -0.260628
     923   -0.261998
     924   -0.261998
     925   -0.263582
     926   -0.263582
     927   -0.264053
     928   -0.264053
     929   -0.263643
     930   -0.263643
     931   -0.263844
     932   -0.263844
     933   -0.264425
     934   -0.264425
     935   -0.263719
     936   -0.263719
     937   -0.261863
     938   -0.261863
     939   -0.260630
     940   -0.260630
     941   -0.259883
     942   -0.259883
     943   -0.257698
     944   -0.257698
     945   -0.254247
     946   -0.254247
     947   -0.251719
     948   -0.251719
     949   -0.250049
     950   -0.250049
     951   -0.246775
     952   -0.246775
     953   -0.241832
     954   -0.241832
     955   -0.237695
     956   -0.237695
     957   -0.234382
     958   -0.234382
     959   -0.229240
     960   -0.229240
     961   -0.221979
     962   -0.221979
     963   -0.214968
     964   -0.214968
     965   -0.207443
     966   -0.207443
     967   -0.195734
     968   -0.195734
     969   -0.181028
     970   -0.181028
     971   -0.169082
     972   -0.169082
     973   -0.160911
     974   -0.160911
     975   -0.153046
     976   -0.153046
     977   -0.145978
     978   -0.145978
     979   -0.139530
     980   -0.139530
     981   -0.129425
     982   -0.129425
     983   -0.110827
     984   -0.110827
     985   -0.085710
     986   -0.085710
     987   -0.062457
     988   -0.062457
     989   -0.044090
     990   -0.044090
     991   -0.399032
     992   -0.399032
     993   -0.394195
     994   -0.394195
     995   -0.387573
     996   -0.387573
     997   -0.381484
     998   -0.381484
     999   -0.375693
    1000   -0.375693
    1001   -0.371782
    1002   -0.371782
    1003   -0.369995
    1004   -0.369995
    1005   -0.368471
    1006   -0.368471
    1007   -0.366632
    1008   -0.366632
    1009   -0.365051
    1010   -0.365051
    1011   -0.364156
    1012   -0.364156
    1013   -0.364233
    1014   -0.364233
    1015   -0.365045
    1016   -0.365045
    1017   -0.365725
    1018   -0.365725
    1019   -0.365924
    1020   -0.365924
    1021   -0.365885
    1022   -0.365885
    1023   -0.365809
    1024   -0.365809
    1025   -0.365740
    1026   -0.365740
    1027   -0.365605
    1028   -0.365605
    1029   -0.365394
    1030   -0.365394
    1031   -0.365179
    1032   -0.365179
    1033   -0.364970
    1034   -0.364970
    1035   -0.364724
    1036   -0.364724
    1037   -0.364436
    1038   -0.364436
    1039   -0.364159
    1040   -0.364159
    1041   -0.363881
    1042   -0.363881
    1043   -0.363493
    1044   -0.363493
    1045   -0.362948
    1046   -0.362948
    1047   -0.362349
    1048   -0.362349
    1049   -0.361794
    1050   -0.361794
    1051   -0.361221
    1052   -0.361221
    1053   -0.360559
    1054   -0.360559
    1055   -0.359877
    1056   -0.359877
    1057   -0.359250
    1058   -0.359250
    1059   -0.358603
    1060   -0.358603
    1061   -0.357829
    1062   -0.357829
    1063   -0.356976
    1064   -0.356976
    1065   -0.356152
    1066   -0.356152
    1067   -0.355275
    1068   -0.355275
    1069   -0.354189
    1070   -0.354189
    1071   -0.352966
    1072   -0.352966
    1073   -0.351791
    1074   -0.351791
    1075   -0.350616
    1076   -0.350616
    1077   -0.349218
    1078   -0.349218
    1079   -0.347628
    1080   -0.347628
    1081   -0.346112
    1082   -0.346112
    1083   -0.344644
    1084   -0.344644
    1085   -0.342981
    1086   -0.342981
    1087   -0.341188
    1088   -0.341188
    1089   -0.339504
    1090   -0.339504
    1091   -0.337810
    1092   -0.337810
    1093   -0.335778
    1094   -0.335778
    1095   -0.333490
    1096   -0.333490
    1097   -0.331219
    1098   -0.331219
    1099   -0.328850
    1100   -0.328850
    1101   -0.326047
    1102   -0.326047
    1103   -0.322830
    1104   -0.322830
    1105   -0.319600
    1106   -0.319600
    1107   -0.316663
    1108   -0.316663
    1109   -0.314483
    1110   -0.314483
    1111   -0.313875
    1112   -0.313875
    1113   -0.314958
    1114   -0.314958
    1115   -0.316752
    1116   -0.316752
    1117   -0.318351
    1118   -0.318351
    1119   -0.319679
    1120   -0.319679
    1121   -0.320961
    1122   -0.320961
    1123   -0.321994
    1124   -0.321994
    1125   -0.322294
    1126   -0.322294
    1127   -0.322096
    1128   -0.322096
    1129   -0.322070
    1130   -0.322070
    1131   -0.321980
    1132   -0.321980
    1133   -0.321079
    1134   -0.321079
    1135   -0.319535
    1136   -0.319535
    1137   -0.318107
    1138   -0.318107
    1139   -0.316646
    1140   -0.316646
    1141   -0.314347
    1142   -0.314347
    1143   -0.311299
    1144   -0.311299
    1145   -0.308346
    1146   -0.308346
    1147   -0.305427
    1148   -0.305427
    1149   -0.301536
    1150   -0.301536
    1151   -0.296653
    1152   -0.296653
    1153   -0.291888
    1154   -0.291888
    1155   -0.287156
    1156   -0.287156
    1157   -0.281002
    1158   -0.281002
    1159   -0.273270
    1160   -0.273270
    1161   -0.265193
    1162   -0.265193
    1163   -0.256295
    1164   -0.256295
    1165   -0.244521
    1166   -0.244521
    1167   -0.230621
    1168   -0.230621
    1169   -0.217934
    1170   -0.217934
    1171   -0.207097
    1172   -0.207097
    1173   -0.196142
    1174   -0.196142
    1175   -0.187204
    1176   -0.187204
    1177   -0.179254
    1178   -0.179254
    1179   -0.166336
    1180   -0.166336
    1181   -0.148137
    1182   -0.148137
    1183   -0.125991
    1184   -0.125991
    1185   -0.102132
    1186   -0.102132
    1187   -0.082179
    1188   -0.082179
    1189   -0.480680
    1190   -0.480680
    1191   -0.476873
    1192   -0.476873
    1193   -0.471569
    1194   -0.471569
    1195   -0.466143
    1196   -0.466143
    1197   -0.460575
    1198   -0.460575
    1199   -0.456693
    1200   -0.456693
    1201   -0.454593
    1202   -0.454593
    1203   -0.452525
    1204   -0.452525
    1205   -0.450310
    1206   -0.450310
    1207   -0.448935
    1208   -0.448935
    1209   -0.448668
    1210   -0.448668
    1211   -0.449181
    1212   -0.449181
    1213   -0.450094
    1214   -0.450094
    1215   -0.450769
    1216   -0.450769
    1217   -0.450897
    1218   -0.450897
    1219   -0.450675
    1220   -0.450675
    1221   -0.450407
    1222   -0.450407
    1223   -0.450224
    1224   -0.450224
    1225   -0.449980
    1226   -0.449980
    1227   -0.449598
    1228   -0.449598
    1229   -0.449237
    1230   -0.449237
    1231   -0.448977
    1232   -0.448977
    1233   -0.448688
    1234   -0.448688
    1235   -0.448325
    1236   -0.448325
    1237   -0.448003
    1238   -0.448003
    1239   -0.447684
    1240   -0.447684
    1241   -0.447196
    1242   -0.447196
    1243   -0.446551
    1244   -0.446551
    1245   -0.445919
    1246   -0.445919
    1247   -0.445321
    1248   -0.445321
    1249   -0.444598
    1250   -0.444598
    1251   -0.443727
    1252   -0.443727
    1253   -0.442887
    1254   -0.442887
    1255   -0.442135
    1256   -0.442135
    1257   -0.441302
    1258   -0.441302
    1259   -0.440314
    1260   -0.440314
    1261   -0.439318
    1262   -0.439318
    1263   -0.438371
    1264   -0.438371
    1265   -0.437309
    1266   -0.437309
    1267   -0.436058
    1268   -0.436058
    1269   -0.434758
    1270   -0.434758
    1271   -0.433458
    1272   -0.433458
    1273   -0.432024
    1274   -0.432024
    1275   -0.430414
    1276   -0.430414
    1277   -0.428760
    1278   -0.428760
    1279   -0.427139
    1280   -0.427139
    1281   -0.425431
    1282   -0.425431
    1283   -0.423549
    1284   -0.423549
    1285   -0.421630
    1286   -0.421630
    1287   -0.419747
    1288   -0.419747
    1289   -0.417689
    1290   -0.417689
    1291   -0.415309
    1292   -0.415309
    1293   -0.412727
    1294   -0.412727
    1295   -0.410037
    1296   -0.410037
    1297   -0.407127
    1298   -0.407127
    1299   -0.403833
    1300   -0.403833
    1301   -0.400199
    1302   -0.400199
    1303   -0.396490
    1304   -0.396490
    1305   -0.392971
    1306   -0.392971
    1307   -0.390220
    1308   -0.390220
    1309   -0.389173
    1310   -0.389173
    1311   -0.389931
    1312   -0.389931
    1313   -0.391447
    1314   -0.391447
    1315   -0.392798
    1316   -0.392798
    1317   -0.393814
    1318   -0.393814
    1319   -0.394624
    1320   -0.394624
    1321   -0.395197
    1322   -0.395197
    1323   -0.395373
    1324   -0.395373
    1325   -0.395171
    1326   -0.395171
    1327   -0.394813
    1328   -0.394813
    1329   -0.394231
    1330   -0.394231
    1331   -0.393122
    1332   -0.393122
    1333   -0.391587
    1334   -0.391587
    1335   -0.389923
    1336   -0.389923
    1337   -0.388003
    1338   -0.388003
    1339   -0.385509
    1340   -0.385509
    1341   -0.382458
    1342   -0.382458
    1343   -0.379100
    1344   -0.379100
    1345   -0.375343
    1346   -0.375343
    1347   -0.370845
    1348   -0.370845
    1349   -0.365703
    1350   -0.365703
    1351   -0.360398
    1352   -0.360398
    1353   -0.354709
    1354   -0.354709
    1355   -0.347680
    1356   -0.347680
    1357   -0.339262
    1358   -0.339262
    1359   -0.330210
    1360   -0.330210
    1361   -0.320409
    1362   -0.320409
    1363   -0.308934
    1364   -0.308934
    1365   -0.295995
    1366   -0.295995
    1367   -0.282891
    1368   -0.282891
    1369   -0.270167
    1370   -0.270167
    1371   -0.256427
    1372   -0.256427
    1373   -0.242594
    1374   -0.242594
    1375   -0.228777
    1376   -0.228777
    1377   -0.211098
    1378   -0.211098
    1379   -0.190357
    1380   -0.190357
    1381   -0.166435
    1382   -0.166435
    1383   -0.138439
    1384   -0.138439
    1385   -0.114775
    1386   -0.114775
    1387   -0.575200
    1388   -0.575200
    1389   -0.572496
    1390   -0.572496
    1391   -0.569068
    1392   -0.569068
    1393   -0.566627
    1394   -0.566627
    1395   -0.565018
    1396   -0.565018
    1397   -0.564033
    1398   -0.564033
    1399   -0.563160
    1400   -0.563160
    1401   -0.561371
    1402   -0.561371
    1403   -0.559034
    1404   -0.559034
    1405   -0.557785
    1406   -0.557785
    1407   -0.557788
    1408   -0.557788
    1409   -0.557956
    1410   -0.557956
    1411   -0.557902
    1412   -0.557902
    1413   -0.557807
    1414   -0.557807
    1415   -0.557644
    1416   -0.557644
    1417   -0.557279
    1418   -0.557279
    1419   -0.556823
    1420   -0.556823
    1421   -0.556457
    1422   -0.556457
    1423   -0.556122
    1424   -0.556122
    1425   -0.555648
    1426   -0.555648
    1427   -0.555096
    1428   -0.555096
    1429   -0.554655
    1430   -0.554655
    1431   -0.554291
    1432   -0.554291
    1433   -0.553884
    1434   -0.553884
    1435   -0.553446
    1436   -0.553446
    1437   -0.552954
    1438   -0.552954
    1439   -0.552342
    1440   -0.552342
    1441   -0.551649
    1442   -0.551649
    1443   -0.550951
    1444   -0.550951
    1445   -0.550214
    1446   -0.550214
    1447   -0.549331
    1448   -0.549331
    1449   -0.548307
    1450   -0.548307
    1451   -0.547269
    1452   -0.547269
    1453   -0.546281
    1454   -0.546281
    1455   -0.545251
    1456   -0.545251
    1457   -0.544113
    1458   -0.544113
    1459   -0.542939
    1460   -0.542939
    1461   -0.541770
    1462   -0.541770
    1463   -0.540506
    1464   -0.540506
    1465   -0.539075
    1466   -0.539075
    1467   -0.537558
    1468   -0.537558
    1469   -0.536017
    1470   -0.536017
    1471   -0.534386
    1472   -0.534386
    1473   -0.532661
    1474   -0.532661
    1475   -0.530900
    1476   -0.530900
    1477   -0.529052
    1478   -0.529052
    1479   -0.527066
    1480   -0.527066
    1481   -0.524999
    1482   -0.524999
    1483   -0.522903
    1484   -0.522903
    1485   -0.520697
    1486   -0.520697
    1487   -0.518239
    1488   -0.518239
    1489   -0.515504
    1490   -0.515504
    1491   -0.512577
    1492   -0.512577
    1493   -0.509503
    1494   -0.509503
    1495   -0.506210
    1496   -0.506210
    1497   -0.502570
    1498   -0.502570
    1499   -0.498618
    1500   -0.498618
    1501   -0.494552
    1502   -0.494552
    1503   -0.490619
    1504   -0.490619
    1505   -0.487379
    1506   -0.487379
    1507   -0.485867
    1508   -0.485867
    1509   -0.486350
    1510   -0.486350
    1511   -0.487699
    1512   -0.487699
    1513   -0.488647
    1514   -0.488647
    1515   -0.489017
    1516   -0.489017
    1517   -0.489370
    1518   -0.489370
    1519   -0.489756
    1520   -0.489756
    1521   -0.489689
    1522   -0.489689
    1523   -0.489037
    1524   -0.489037
    1525   -0.488220
    1526   -0.488220
    1527   -0.487331
    1528   -0.487331
    1529   -0.485946
    1530   -0.485946
    1531   -0.484063
    1532   -0.484063
    1533   -0.482074
    1534   -0.482074
    1535   -0.479874
    1536   -0.479874
    1537   -0.476995
    1538   -0.476995
    1539   -0.473402
    1540   -0.473402
    1541   -0.469470
    1542   -0.469470
    1543   -0.465108
    1544   -0.465108
    1545   -0.459877
    1546   -0.459877
    1547   -0.453960
    1548   -0.453960
    1549   -0.447927
    1550   -0.447927
    1551   -0.441495
    1552   -0.441495
    1553   -0.433559
    1554   -0.433559
    1555   -0.424079
    1556   -0.424079
    1557   -0.413941
    1558   -0.413941
    1559   -0.403310
    1560   -0.403310
    1561   -0.391652
    1562   -0.391652
    1563   -0.378722
    1564   -0.378722
    1565   -0.364759
    1566   -0.364759
    1567   -0.350719
    1568   -0.350719
    1569   -0.334888
    1570   -0.334888
    1571   -0.314816
    1572   -0.314816
    1573   -0.292846
    1574   -0.292846
    1575   -0.269556
    1576   -0.269556
    1577   -0.243418
    1578   -0.243418
    1579   -0.212802
    1580   -0.212802
    1581   -0.177915
    1582   -0.177915
    1583   -0.149198
    1584   -0.149198
    1585   -0.689469
    1586   -0.689469
    1587   -0.687063
    1588   -0.687063
    1589   -0.684061
    1590   -0.684061
    1591   -0.682416
    1592   -0.682416
    1593   -0.682086
    1594   -0.682086
    1595   -0.682545
    1596   -0.682545
    1597   -0.683280
    1598   -0.683280
    1599   -0.683526
    1600   -0.683526
    1601   -0.683419
    1602   -0.683419
    1603   -0.683862
    1604   -0.683862
    1605   -0.684716
    1606   -0.684716
    1607   -0.685043
    1608   -0.685043
    1609   -0.684725
    1610   -0.684725
    1611   -0.684383
    1612   -0.684383
    1613   -0.684191
    1614   -0.684191
    1615   -0.683916
    1616   -0.683916
    1617   -0.683521
    1618   -0.683521
    1619   -0.683139
    1620   -0.683139
    1621   -0.682786
    1622   -0.682786
    1623   -0.682289
    1624   -0.682289
    1625   -0.681624
    1626   -0.681624
    1627   -0.680980
    1628   -0.680980
    1629   -0.680416
    1630   -0.680416
    1631   -0.679829
    1632   -0.679829
    1633   -0.679168
    1634   -0.679168
    1635   -0.678442
    1636   -0.678442
    1637   -0.677678
    1638   -0.677678
    1639   -0.676894
    1640   -0.676894
    1641   -0.676071
    1642   -0.676071
    1643   -0.675159
    1644   -0.675159
    1645   -0.674120
    1646   -0.674120
    1647   -0.672957
    1648   -0.672957
    1649   -0.671723
    1650   -0.671723
    1651   -0.670475
    1652   -0.670475
    1653   -0.669212
    1654   -0.669212
    1655   -0.667897
    1656   -0.667897
    1657   -0.666519
    1658   -0.666519
    1659   -0.665094
    1660   -0.665094
    1661   -0.663597
    1662   -0.663597
    1663   -0.661966
    1664   -0.661966
    1665   -0.660234
    1666   -0.660234
    1667   -0.658488
    1668   -0.658488
    1669   -0.656725
    1670   -0.656725
    1671   -0.654902
    1672   -0.654902
    1673   -0.652991
    1674   -0.652991
    1675   -0.650919
    1676   -0.650919
    1677   -0.648688
    1678   -0.648688
    1679   -0.646379
    1680   -0.646379
    1681   -0.643972
    1682   -0.643972
    1683   -0.641362
    1684   -0.641362
    1685   -0.638525
    1686   -0.638525
    1687   -0.635492
    1688   -0.635492
    1689   -0.632283
    1690   -0.632283
    1691   -0.628908
    1692   -0.628908
    1693   -0.625293
    1694   -0.625293
    1695   -0.621354
    1696   -0.621354
    1697   -0.617149
    1698   -0.617149
    1699   -0.612841
    1700   -0.612841
    1701   -0.608654
    1702   -0.608654
    1703   -0.605148
    1704   -0.605148
    1705   -0.603380
    1706   -0.603380
    1707   -0.603644
    1708   -0.603644
    1709   -0.604798
    1710   -0.604798
    1711   -0.605541
    1712   -0.605541
    1713   -0.605717
    1714   -0.605717
    1715   -0.605957
    1716   -0.605957
    1717   -0.606262
    1718   -0.606262
    1719   -0.606009
    1720   -0.606009
    1721   -0.605068
    1722   -0.605068
    1723   -0.603952
    1724   -0.603952
    1725   -0.602789
    1726   -0.602789
    1727   -0.601176
    1728   -0.601176
    1729   -0.599054
    1730   -0.599054
    1731   -0.596766
    1732   -0.596766
    1733   -0.594231
    1734   -0.594231
    1735   -0.590981
    1736   -0.590981
    1737   -0.586961
    1738   -0.586961
    1739   -0.582505
    1740   -0.582505
    1741   -0.577547
    1742   -0.577547
    1743   -0.571638
    1744   -0.571638
    1745   -0.564876
    1746   -0.564876
    1747   -0.557830
    1748   -0.557830
    1749   -0.550284
    1750   -0.550284
    1751   -0.541229
    1752   -0.541229
    1753   -0.530609
    1754   -0.530609
    1755   -0.519257
    1756   -0.519257
    1757   -0.507300
    1758   -0.507300
    1759   -0.494139
    1760   -0.494139
    1761   -0.479379
    1762   -0.479379
    1763   -0.463101
    1764   -0.463101
    1765   -0.446204
    1766   -0.446204
    1767   -0.426965
    1768   -0.426965
    1769   -0.401819
    1770   -0.401819
    1771   -0.373078
    1772   -0.373078
    1773   -0.342898
    1774   -0.342898
    1775   -0.308878
    1776   -0.308878
    1777   -0.268986
    1778   -0.268986
    1779   -0.224823
    1780   -0.224823
    1781   -0.188867
    1782   -0.188867
    1783   -0.829747
    1784   -0.829747
    1785   -0.827417
    1786   -0.827417
    1787   -0.824158
    1788   -0.824158
    1789   -0.821339
    1790   -0.821339
    1791   -0.819348
    1792   -0.819348
    1793   -0.819396
    1794   -0.819396
    1795   -0.821527
    1796   -0.821527
    1797   -0.824676
    1798   -0.824676
    1799   -0.828140
    1800   -0.828140
    1801   -0.831107
    1802   -0.831107
    1803   -0.833125
    1804   -0.833125
    1805   -0.834171
    1806   -0.834171
    1807   -0.834492
    1808   -0.834492
    1809   -0.834617
    1810   -0.834617
    1811   -0.834753
    1812   -0.834753
    1813   -0.834800
    1814   -0.834800
    1815   -0.834696
    1816   -0.834696
    1817   -0.834475
    1818   -0.834475
    1819   -0.834166
    1820   -0.834166
    1821   -0.833715
    1822   -0.833715
    1823   -0.833087
    1824   -0.833087
    1825   -0.832350
    1826   -0.832350
    1827   -0.831570
    1828   -0.831570
    1829   -0.830727
    1830   -0.830727
    1831   -0.829794
    1832   -0.829794
    1833   -0.828823
    1834   -0.828823
    1835   -0.827877
    1836   -0.827877
    1837   -0.826938
    1838   -0.826938
    1839   -0.825939
    1840   -0.825939
    1841   -0.824842
    1842   -0.824842
    1843   -0.823650
    1844   -0.823650
    1845   -0.822354
    1846   -0.822354
    1847   -0.820940
    1848   -0.820940
    1849   -0.819445
    1850   -0.819445
    1851   -0.817921
    1852   -0.817921
    1853   -0.816355
    1854   -0.816355
    1855   -0.814721
    1856   -0.814721
    1857   -0.813031
    1858   -0.813031
    1859   -0.811297
    1860   -0.811297
    1861   -0.809485
    1862   -0.809485
    1863   -0.807586
    1864   -0.807586
    1865   -0.805654
    1866   -0.805654
    1867   -0.803709
    1868   -0.803709
    1869   -0.801694
    1870   -0.801694
    1871   -0.799568
    1872   -0.799568
    1873   -0.797302
    1874   -0.797302
    1875   -0.794850
    1876   -0.794850
    1877   -0.792187
    1878   -0.792187
    1879   -0.789312
    1880   -0.789312
    1881   -0.786237
    1882   -0.786237
    1883   -0.783026
    1884   -0.783026
    1885   -0.779687
    1886   -0.779687
    1887   -0.776171
    1888   -0.776171
    1889   -0.772449
    1890   -0.772449
    1891   -0.768453
    1892   -0.768453
    1893   -0.764129
    1894   -0.764129
    1895   -0.759530
    1896   -0.759530
    1897   -0.754818
    1898   -0.754818
    1899   -0.750214
    1900   -0.750214
    1901   -0.746260
    1902   -0.746260
    1903   -0.744013
    1904   -0.744013
    1905   -0.743788
    1906   -0.743788
    1907   -0.744546
    1908   -0.744546
    1909   -0.745178
    1910   -0.745178
    1911   -0.745479
    1912   -0.745479
    1913   -0.745786
    1914   -0.745786
    1915   -0.746039
    1916   -0.746039
    1917   -0.745826
    1918   -0.745826
    1919   -0.745066
    1920   -0.745066
    1921   -0.744012
    1922   -0.744012
    1923   -0.742700
    1924   -0.742700
    1925   -0.740952
    1926   -0.740952
    1927   -0.738737
    1928   -0.738737
    1929   -0.736181
    1930   -0.736181
    1931   -0.733215
    1932   -0.733215
    1933   -0.729599
    1934   -0.729599
    1935   -0.725308
    1936   -0.725308
    1937   -0.720447
    1938   -0.720447
    1939   -0.714989
    1940   -0.714989
    1941   -0.708595
    1942   -0.708595
    1943   -0.701190
    1944   -0.701190
    1945   -0.693138
    1946   -0.693138
    1947   -0.684272
    1948   -0.684272
    1949   -0.673962
    1950   -0.673962
    1951   -0.662226
    1952   -0.662226
    1953   -0.649598
    1954   -0.649598
    1955   -0.635881
    1956   -0.635881
    1957   -0.620210
    1958   -0.620210
    1959   -0.602306
    1960   -0.602306
    1961   -0.582502
    1962   -0.582502
    1963   -0.560984
    1964   -0.560984
    1965   -0.536683
    1966   -0.536683
    1967   -0.507389
    1968   -0.507389
    1969   -0.473067
    1970   -0.473067
    1971   -0.434356
    1972   -0.434356
    1973   -0.389944
    1974   -0.389944
    1975   -0.338675
    1976   -0.338675
    1977   -0.283069
    1978   -0.283069
    1979   -0.237846
    1980   -0.237846
    1981   -1.003886
    1982   -1.003886
    1983   -1.002412
    1984   -1.002412
    1985   -1.000140
    1986   -1.000140
    1987   -0.997789
    1988   -0.997789
    1989   -0.995881
    1990   -0.995881
    1991   -0.996181
    1992   -0.996181
    1993   -0.998902
    1994   -0.998902
    1995   -1.002851
    1996   -1.002851
    1997   -1.007104
    1998   -1.007104
    1999   -1.010566
    2000   -1.010566
    2001   -1.012902
    2002   -1.012902
    2003   -1.014456
    2004   -1.014456
    2005   -1.015479
    2006   -1.015479
    2007   -1.016189
    2008   -1.016189
    2009   -1.016727
    2010   -1.016727
    2011   -1.017143
    2012   -1.017143
    2013   -1.017391
    2014   -1.017391
    2015   -1.017399
    2016   -1.017399
    2017   -1.017200
    2018   -1.017200
    2019   -1.016854
    2020   -1.016854
    2021   -1.016343
    2022   -1.016343
    2023   -1.015648
    2024   -1.015648
    2025   -1.014813
    2026   -1.014813
    2027   -1.013866
    2028   -1.013866
    2029   -1.012793
    2030   -1.012793
    2031   -1.011650
    2032   -1.011650
    2033   -1.010520
    2034   -1.010520
    2035   -1.009396
    2036   -1.009396
    2037   -1.008202
    2038   -1.008202
    2039   -1.006906
    2040   -1.006906
    2041   -1.005541
    2042   -1.005541
    2043   -1.004091
    2044   -1.004091
    2045   -1.002501
    2046   -1.002501
    2047   -1.000783
    2048   -1.000783
    2049   -0.998996
    2050   -0.998996
    2051   -0.997152
    2052   -0.997152
    2053   -0.995228
    2054   -0.995228
    2055   -0.993246
    2056   -0.993246
    2057   -0.991254
    2058   -0.991254
    2059   -0.989249
    2060   -0.989249
    2061   -0.987154
    2062   -0.987154
    2063   -0.984940
    2064   -0.984940
    2065   -0.982666
    2066   -0.982666
    2067   -0.980356
    2068   -0.980356
    2069   -0.977959
    2070   -0.977959
    2071   -0.975404
    2072   -0.975404
    2073   -0.972599
    2074   -0.972599
    2075   -0.969430
    2076   -0.969430
    2077   -0.965916
    2078   -0.965916
    2079   -0.962227
    2080   -0.962227
    2081   -0.958470
    2082   -0.958470
    2083   -0.954608
    2084   -0.954608
    2085   -0.950565
    2086   -0.950565
    2087   -0.946309
    2088   -0.946309
    2089   -0.941825
    2090   -0.941825
    2091   -0.937069
    2092   -0.937069
    2093   -0.932031
    2094   -0.932031
    2095   -0.926826
    2096   -0.926826
    2097   -0.921739
    2098   -0.921739
    2099   -0.917491
    2100   -0.917491
    2101   -0.915075
    2102   -0.915075
    2103   -0.914567
    2104   -0.914567
    2105   -0.915040
    2106   -0.915040
    2107   -0.915655
    2108   -0.915655
    2109   -0.916116
    2110   -0.916116
    2111   -0.916451
    2112   -0.916451
    2113   -0.916580
    2114   -0.916580
    2115   -0.916273
    2116   -0.916273
    2117   -0.915520
    2118   -0.915520
    2119   -0.914430
    2120   -0.914430
    2121   -0.912947
    2122   -0.912947
    2123   -0.910975
    2124   -0.910975
    2125   -0.908487
    2126   -0.908487
    2127   -0.905499
    2128   -0.905499
    2129   -0.901946
    2130   -0.901946
    2131   -0.897718
    2132   -0.897718
    2133   -0.892849
    2134   -0.892849
    2135   -0.887400
    2136   -0.887400
    2137   -0.881354
    2138   -0.881354
    2139   -0.874423
    2140   -0.874423
    2141   -0.866393
    2142   -0.866393
    2143   -0.857348
    2144   -0.857348
    2145   -0.847127
    2146   -0.847127
    2147   -0.835489
    2148   -0.835489
    2149   -0.822500
    2150   -0.822500
    2151   -0.808323
    2152   -0.808323
    2153   -0.792657
    2154   -0.792657
    2155   -0.774725
    2156   -0.774725
    2157   -0.754094
    2158   -0.754094
    2159   -0.730548
    2160   -0.730548
    2161   -0.703651
    2162   -0.703651
    2163   -0.673704
    2164   -0.673704
    2165   -0.639794
    2166   -0.639794
    2167   -0.599254
    2168   -0.599254
    2169   -0.550928
    2170   -0.550928
    2171   -0.494219
    2172   -0.494219
    2173   -0.428891
    2174   -0.428891
    2175   -0.358858
    2176   -0.358858
    2177   -0.302030
    2178   -0.302030
    2179   -1.230264
    2180   -1.230264
    2181   -1.231226
    2182   -1.231226
    2183   -1.232415
    2184   -1.232415
    2185   -1.233704
    2186   -1.233704
    2187   -1.235246
    2188   -1.235246
    2189   -1.237569
    2190   -1.237569
    2191   -1.240509
    2192   -1.240509
    2193   -1.243183
    2194   -1.243183
    2195   -1.245366
    2196   -1.245366
    2197   -1.247282
    2198   -1.247282
    2199   -1.249038
    2200   -1.249038
    2201   -1.250673
    2202   -1.250673
    2203   -1.252144
    2204   -1.252144
    2205   -1.253295
    2206   -1.253295
    2207   -1.254141
    2208   -1.254141
    2209   -1.254845
    2210   -1.254845
    2211   -1.255393
    2212   -1.255393
    2213   -1.255630
    2214   -1.255630
    2215   -1.255564
    2216   -1.255564
    2217   -1.255325
    2218   -1.255325
    2219   -1.254926
    2220   -1.254926
    2221   -1.254322
    2222   -1.254322
    2223   -1.253536
    2224   -1.253536
    2225   -1.252604
    2226   -1.252604
    2227   -1.251529
    2228   -1.251529
    2229   -1.250331
    2230   -1.250331
    2231   -1.249047
    2232   -1.249047
    2233   -1.247697
    2234   -1.247697
    2235   -1.246262
    2236   -1.246262
    2237   -1.244728
    2238   -1.244728
    2239   -1.243118
    2240   -1.243118
    2241   -1.241428
    2242   -1.241428
    2243   -1.239614
    2244   -1.239614
    2245   -1.237660
    2246   -1.237660
    2247   -1.235584
    2248   -1.235584
    2249   -1.233410
    2250   -1.233410
    2251   -1.231149
    2252   -1.231149
    2253   -1.228820
    2254   -1.228820
    2255   -1.226479
    2256   -1.226479
    2257   -1.224138
    2258   -1.224138
    2259   -1.221701
    2260   -1.221701
    2261   -1.219078
    2262   -1.219078
    2263   -1.216337
    2264   -1.216337
    2265   -1.213607
    2266   -1.213607
    2267   -1.210818
    2268   -1.210818
    2269   -1.207781
    2270   -1.207781
    2271   -1.204411
    2272   -1.204411
    2273   -1.200587
    2274   -1.200587
    2275   -1.196326
    2276   -1.196326
    2277   -1.191874
    2278   -1.191874
    2279   -1.187340
    2280   -1.187340
    2281   -1.182711
    2282   -1.182711
    2283   -1.177924
    2284   -1.177924
    2285   -1.172920
    2286   -1.172920
    2287   -1.167723
    2288   -1.167723
    2289   -1.162381
    2290   -1.162381
    2291   -1.156890
    2292   -1.156890
    2293   -1.151258
    2294   -1.151258
    2295   -1.145828
    2296   -1.145828
    2297   -1.141738
    2298   -1.141738
    2299   -1.139900
    2300   -1.139900
    2301   -1.139779
    2302   -1.139779
    2303   -1.140438
    2304   -1.140438
    2305   -1.141382
    2306   -1.141382
    2307   -1.142215
    2308   -1.142215
    2309   -1.142664
    2310   -1.142664
    2311   -1.142648
    2312   -1.142648
    2313   -1.142071
    2314   -1.142071
    2315   -1.140992
    2316   -1.140992
    2317   -1.139607
    2318   -1.139607
    2319   -1.137869
    2320   -1.137869
    2321   -1.135536
    2322   -1.135536
    2323   -1.132476
    2324   -1.132476
    2325   -1.128782
    2326   -1.128782
    2327   -1.124457
    2328   -1.124457
    2329   -1.119345
    2330   -1.119345
    2331   -1.113476
    2332   -1.113476
    2333   -1.106999
    2334   -1.106999
    2335   -1.099871
    2336   -1.099871
    2337   -1.091888
    2338   -1.091888
    2339   -1.082753
    2340   -1.082753
    2341   -1.072251
    2342   -1.072251
    2343   -1.060258
    2344   -1.060258
    2345   -1.046800
    2346   -1.046800
    2347   -1.031867
    2348   -1.031867
    2349   -1.015368
    2350   -1.015368
    2351   -0.997228
    2352   -0.997228
    2353   -0.977071
    2354   -0.977071
    2355   -0.954033
    2356   -0.954033
    2357   -0.926843
    2358   -0.926843
    2359   -0.894157
    2360   -0.894157
    2361   -0.857015
    2362   -0.857015
    2363   -0.816085
    2364   -0.816085
    2365   -0.767716
    2366   -0.767716
    2367   -0.708852
    2368   -0.708852
    2369   -0.637939
    2370   -0.637939
    2371   -0.554978
    2372   -0.554978
    2373   -0.465667
    2374   -0.465667
    2375   -0.392933
    2376   -0.392933
    2377   -1.542846
    2378   -1.542846
    2379   -1.548375
    2380   -1.548375
    2381   -1.556076
    2382   -1.556076
    2383   -1.564353
    2384   -1.564353
    2385   -1.572735
    2386   -1.572735
    2387   -1.579383
    2388   -1.579383
    2389   -1.583672
    2390   -1.583672
    2391   -1.585866
    2392   -1.585866
    2393   -1.586815
    2394   -1.586815
    2395   -1.587814
    2396   -1.587814
    2397   -1.589268
    2398   -1.589268
    2399   -1.590948
    2400   -1.590948
    2401   -1.592654
    2402   -1.592654
    2403   -1.594106
    2404   -1.594106
    2405   -1.595233
    2406   -1.595233
    2407   -1.596169
    2408   -1.596169
    2409   -1.596914
    2410   -1.596914
    2411   -1.597325
    2412   -1.597325
    2413   -1.597391
    2414   -1.597391
    2415   -1.597228
    2416   -1.597228
    2417   -1.596868
    2418   -1.596868
    2419   -1.596282
    2420   -1.596282
    2421   -1.595478
    2422   -1.595478
    2423   -1.594465
    2424   -1.594465
    2425   -1.593275
    2426   -1.593275
    2427   -1.591951
    2428   -1.591951
    2429   -1.590478
    2430   -1.590478
    2431   -1.588842
    2432   -1.588842
    2433   -1.587070
    2434   -1.587070
    2435   -1.585191
    2436   -1.585191
    2437   -1.583218
    2438   -1.583218
    2439   -1.581145
    2440   -1.581145
    2441   -1.578952
    2442   -1.578952
    2443   -1.576612
    2444   -1.576612
    2445   -1.574106
    2446   -1.574106
    2447   -1.571442
    2448   -1.571442
    2449   -1.568658
    2450   -1.568658
    2451   -1.565804
    2452   -1.565804
    2453   -1.562916
    2454   -1.562916
    2455   -1.560003
    2456   -1.560003
    2457   -1.556997
    2458   -1.556997
    2459   -1.553797
    2460   -1.553797
    2461   -1.550420
    2462   -1.550420
    2463   -1.546990
    2464   -1.546990
    2465   -1.543444
    2466   -1.543444
    2467   -1.539608
    2468   -1.539608
    2469   -1.535450
    2470   -1.535450
    2471   -1.530907
    2472   -1.530907
    2473   -1.525976
    2474   -1.525976
    2475   -1.520797
    2476   -1.520797
    2477   -1.515415
    2478   -1.515415
    2479   -1.509857
    2480   -1.509857
    2481   -1.504109
    2482   -1.504109
    2483   -1.498097
    2484   -1.498097
    2485   -1.491824
    2486   -1.491824
    2487   -1.485389
    2488   -1.485389
    2489   -1.478884
    2490   -1.478884
    2491   -1.472341
    2492   -1.472341
    2493   -1.466116
    2494   -1.466116
    2495   -1.461566
    2496   -1.461566
    2497   -1.459784
    2498   -1.459784
    2499   -1.459947
    2500   -1.459947
    2501   -1.460872
    2502   -1.460872
    2503   -1.462131
    2504   -1.462131
    2505   -1.463259
    2506   -1.463259
    2507   -1.463815
    2508   -1.463815
    2509   -1.463691
    2510   -1.463691
    2511   -1.462875
    2512   -1.462875
    2513   -1.461424
    2514   -1.461424
    2515   -1.459581
    2516   -1.459581
    2517   -1.457372
    2518   -1.457372
    2519   -1.454351
    2520   -1.454351
    2521   -1.450315
    2522   -1.450315
    2523   -1.445526
    2524   -1.445526
    2525   -1.440076
    2526   -1.440076
    2527   -1.433798
    2528   -1.433798
    2529   -1.426627
    2530   -1.426627
    2531   -1.418597
    2532   -1.418597
    2533   -1.409624
    2534   -1.409624
    2535   -1.399637
    2536   -1.399637
    2537   -1.388358
    2538   -1.388358
    2539   -1.375492
    2540   -1.375492
    2541   -1.360995
    2542   -1.360995
    2543   -1.344881
    2544   -1.344881
    2545   -1.326999
    2546   -1.326999
    2547   -1.307126
    2548   -1.307126
    2549   -1.285246
    2550   -1.285246
    2551   -1.261187
    2552   -1.261187
    2553   -1.233942
    2554   -1.233942
    2555   -1.201823
    2556   -1.201823
    2557   -1.162616
    2558   -1.162616
    2559   -1.116282
    2560   -1.116282
    2561   -1.064257
    2562   -1.064257
    2563   -1.004455
    2564   -1.004455
    2565   -0.932488
    2566   -0.932488
    2567   -0.843808
    2568   -0.843808
    2569   -0.737838
    2570   -0.737838
    2571   -0.622169
    2572   -0.622169
    2573   -0.526905
    2574   -0.526905
    2575   -1.989668
    2576   -1.989668
    2577   -2.002650
    2578   -2.002650
    2579   -2.020686
    2580   -2.020686
    2581   -2.038897
    2582   -2.038897
    2583   -2.056287
    2584   -2.056287
    2585   -2.068948
    2586   -2.068948
    2587   -2.076246
    2588   -2.076246
    2589   -2.080241
    2590   -2.080241
    2591   -2.082687
    2592   -2.082687
    2593   -2.084988
    2594   -2.084988
    2595   -2.087511
    2596   -2.087511
    2597   -2.089975
    2598   -2.089975
    2599   -2.092248
    2600   -2.092248
    2601   -2.094231
    2602   -2.094231
    2603   -2.095882
    2604   -2.095882
    2605   -2.097213
    2606   -2.097213
    2607   -2.098199
    2608   -2.098199
    2609   -2.098788
    2610   -2.098788
    2611   -2.098996
    2612   -2.098996
    2613   -2.098897
    2614   -2.098897
    2615   -2.098522
    2616   -2.098522
    2617   -2.097861
    2618   -2.097861
    2619   -2.096916
    2620   -2.096916
    2621   -2.095677
    2622   -2.095677
    2623   -2.094177
    2624   -2.094177
    2625   -2.092508
    2626   -2.092508
    2627   -2.090678
    2628   -2.090678
    2629   -2.088633
    2630   -2.088633
    2631   -2.086374
    2632   -2.086374
    2633   -2.083954
    2634   -2.083954
    2635   -2.081410
    2636   -2.081410
    2637   -2.078731
    2638   -2.078731
    2639   -2.075892
    2640   -2.075892
    2641   -2.072882
    2642   -2.072882
    2643   -2.069687
    2644   -2.069687
    2645   -2.066275
    2646   -2.066275
    2647   -2.062669
    2648   -2.062669
    2649   -2.058959
    2650   -2.058959
    2651   -2.055179
    2652   -2.055179
    2653   -2.051323
    2654   -2.051323
    2655   -2.047370
    2656   -2.047370
    2657   -2.043234
    2658   -2.043234
    2659   -2.038866
    2660   -2.038866
    2661   -2.034274
    2662   -2.034274
    2663   -2.029433
    2664   -2.029433
    2665   -2.024342
    2666   -2.024342
    2667   -2.019040
    2668   -2.019040
    2669   -2.013513
    2670   -2.013513
    2671   -2.007738
    2672   -2.007738
    2673   -2.001701
    2674   -2.001701
    2675   -1.995319
    2676   -1.995319
    2677   -1.988530
    2678   -1.988530
    2679   -1.981380
    2680   -1.981380
    2681   -1.973884
    2682   -1.973884
    2683   -1.966003
    2684   -1.966003
    2685   -1.957752
    2686   -1.957752
    2687   -1.949248
    2688   -1.949248
    2689   -1.940661
    2690   -1.940661
    2691   -1.932390
    2692   -1.932390
    2693   -1.925800
    2694   -1.925800
    2695   -1.922532
    2696   -1.922532
    2697   -1.922096
    2698   -1.922096
    2699   -1.922749
    2700   -1.922749
    2701   -1.923602
    2702   -1.923602
    2703   -1.924180
    2704   -1.924180
    2705   -1.924084
    2706   -1.924084
    2707   -1.923218
    2708   -1.923218
    2709   -1.921785
    2710   -1.921785
    2711   -1.919737
    2712   -1.919737
    2713   -1.916919
    2714   -1.916919
    2715   -1.913382
    2716   -1.913382
    2717   -1.908854
    2718   -1.908854
    2719   -1.903239
    2720   -1.903239
    2721   -1.896765
    2722   -1.896765
    2723   -1.889494
    2724   -1.889494
    2725   -1.881390
    2726   -1.881390
    2727   -1.872255
    2728   -1.872255
    2729   -1.861801
    2730   -1.861801
    2731   -1.849879
    2732   -1.849879
    2733   -1.836504
    2734   -1.836504
    2735   -1.821538
    2736   -1.821538
    2737   -1.804863
    2738   -1.804863
    2739   -1.786512
    2740   -1.786512
    2741   -1.766344
    2742   -1.766344
    2743   -1.744013
    2744   -1.744013
    2745   -1.719077
    2746   -1.719077
    2747   -1.691256
    2748   -1.691256
    2749   -1.660381
    2750   -1.660381
    2751   -1.625619
    2752   -1.625619
    2753   -1.585375
    2754   -1.585375
    2755   -1.537613
    2756   -1.537613
    2757   -1.481149
    2758   -1.481149
    2759   -1.414982
    2760   -1.414982
    2761   -1.337766
    2762   -1.337766
    2763   -1.246396
    2764   -1.246396
    2765   -1.133801
    2766   -1.133801
    2767   -0.997887
    2768   -0.997887
    2769   -0.847687
    2770   -0.847687
    2771   -0.722453
    2772   -0.722453
    2773   -2.642334
    2774   -2.642334
    2775   -2.666048
    2776   -2.666048
    2777   -2.697520
    2778   -2.697520
    2779   -2.725002
    2780   -2.725002
    2781   -2.748597
    2782   -2.748597
    2783   -2.766161
    2784   -2.766161
    2785   -2.777908
    2786   -2.777908
    2787   -2.786671
    2788   -2.786671
    2789   -2.794200
    2790   -2.794200
    2791   -2.800843
    2792   -2.800843
    2793   -2.806602
    2794   -2.806602
    2795   -2.811528
    2796   -2.811528
    2797   -2.815705
    2798   -2.815705
    2799   -2.819171
    2800   -2.819171
    2801   -2.821972
    2802   -2.821972
    2803   -2.824160
    2804   -2.824160
    2805   -2.825743
    2806   -2.825743
    2807   -2.826710
    2808   -2.826710
    2809   -2.827133
    2810   -2.827133
    2811   -2.827156
    2812   -2.827156
    2813   -2.826828
    2814   -2.826828
    2815   -2.826068
    2816   -2.826068
    2817   -2.824868
    2818   -2.824868
    2819   -2.823300
    2820   -2.823300
    2821   -2.821399
    2822   -2.821399
    2823   -2.819193
    2824   -2.819193
    2825   -2.816717
    2826   -2.816717
    2827   -2.813963
    2828   -2.813963
    2829   -2.810916
    2830   -2.810916
    2831   -2.807621
    2832   -2.807621
    2833   -2.804141
    2834   -2.804141
    2835   -2.800488
    2836   -2.800488
    2837   -2.796636
    2838   -2.796636
    2839   -2.792560
    2840   -2.792560
    2841   -2.788262
    2842   -2.788262
    2843   -2.783727
    2844   -2.783727
    2845   -2.778942
    2846   -2.778942
    2847   -2.773938
    2848   -2.773938
    2849   -2.768721
    2850   -2.768721
    2851   -2.763297
    2852   -2.763297
    2853   -2.757699
    2854   -2.757699
    2855   -2.751903
    2856   -2.751903
    2857   -2.745844
    2858   -2.745844
    2859   -2.739451
    2860   -2.739451
    2861   -2.732719
    2862   -2.732719
    2863   -2.725720
    2864   -2.725720
    2865   -2.718520
    2866   -2.718520
    2867   -2.711151
    2868   -2.711151
    2869   -2.703605
    2870   -2.703605
    2871   -2.695836
    2872   -2.695836
    2873   -2.687673
    2874   -2.687673
    2875   -2.678910
    2876   -2.678910
    2877   -2.669575
    2878   -2.669575
    2879   -2.659719
    2880   -2.659719
    2881   -2.649299
    2882   -2.649299
    2883   -2.638308
    2884   -2.638308
    2885   -2.626784
    2886   -2.626784
    2887   -2.614888
    2888   -2.614888
    2889   -2.603269
    2890   -2.603269
    2891   -2.593641
    2892   -2.593641
    2893   -2.588170
    2894   -2.588170
    2895   -2.586595
    2896   -2.586595
    2897   -2.586452
    2898   -2.586452
    2899   -2.586281
    2900   -2.586281
    2901   -2.585621
    2902   -2.585621
    2903   -2.584049
    2904   -2.584049
    2905   -2.581562
    2906   -2.581562
    2907   -2.578757
    2908   -2.578757
    2909   -2.575542
    2910   -2.575542
    2911   -2.571077
    2912   -2.571077
    2913   -2.565235
    2914   -2.565235
    2915   -2.558369
    2916   -2.558369
    2917   -2.550552
    2918   -2.550552
    2919   -2.541523
    2920   -2.541523
    2921   -2.531253
    2922   -2.531253
    2923   -2.519963
    2924   -2.519963
    2925   -2.507358
    2926   -2.507358
    2927   -2.492868
    2928   -2.492868
    2929   -2.476294
    2930   -2.476294
    2931   -2.457793
    2932   -2.457793
    2933   -2.437419
    2934   -2.437419
    2935   -2.414919
    2936   -2.414919
    2937   -2.390201
    2938   -2.390201
    2939   -2.363276
    2940   -2.363276
    2941   -2.333665
    2942   -2.333665
    2943   -2.300469
    2944   -2.300469
    2945   -2.263127
    2946   -2.263127
    2947   -2.221621
    2948   -2.221621
    2949   -2.175236
    2950   -2.175236
    2951   -2.122293
    2952   -2.122293
    2953   -2.061117
    2954   -2.061117
    2955   -1.990404
    2956   -1.990404
    2957   -1.906167
    2958   -1.906167
    2959   -1.804678
    2960   -1.804678
    2961   -1.683950
    2962   -1.683950
    2963   -1.537945
    2964   -1.537945
    2965   -1.363358
    2966   -1.363358
    2967   -1.168556
    2968   -1.168556
    2969   -1.004531
    2970   -1.004531
    2971   -3.650674
    2972   -3.650674
    2973   -3.688878
    2974   -3.688878
    2975   -3.736460
    2976   -3.736460
    2977   -3.772339
    2978   -3.772339
    2979   -3.800222
    2980   -3.800222
    2981   -3.822683
    2982   -3.822683
    2983   -3.841127
    2984   -3.841127
    2985   -3.858129
    2986   -3.858129
    2987   -3.874579
    2988   -3.874579
    2989   -3.888802
    2990   -3.888802
    2991   -3.900255
    2992   -3.900255
    2993   -3.909728
    2994   -3.909728
    2995   -3.917637
    2996   -3.917637
    2997   -3.923984
    2998   -3.923984
    2999   -3.928889
    3000   -3.928889
    3001   -3.932621
    3002   -3.932621
    3003   -3.935325
    3004   -3.935325
    3005   -3.937034
    3006   -3.937034
    3007   -3.937863
    3008   -3.937863
    3009   -3.938056
    3010   -3.938056
    3011   -3.937727
    3012   -3.937727
    3013   -3.936750
    3014   -3.936750
    3015   -3.935106
    3016   -3.935106
    3017   -3.932958
    3018   -3.932958
    3019   -3.930384
    3020   -3.930384
    3021   -3.927327
    3022   -3.927327
    3023   -3.923769
    3024   -3.923769
    3025   -3.919759
    3026   -3.919759
    3027   -3.915333
    3028   -3.915333
    3029   -3.910557
    3030   -3.910557
    3031   -3.905497
    3032   -3.905497
    3033   -3.900182
    3034   -3.900182
    3035   -3.894606
    3036   -3.894606
    3037   -3.888733
    3038   -3.888733
    3039   -3.882572
    3040   -3.882572
    3041   -3.876162
    3042   -3.876162
    3043   -3.869460
    3044   -3.869460
    3045   -3.862349
    3046   -3.862349
    3047   -3.854781
    3048   -3.854781
    3049   -3.846779
    3050   -3.846779
    3051   -3.838404
    3052   -3.838404
    3053   -3.829733
    3054   -3.829733
    3055   -3.820756
    3056   -3.820756
    3057   -3.811381
    3058   -3.811381
    3059   -3.801589
    3060   -3.801589
    3061   -3.791416
    3062   -3.791416
    3063   -3.780926
    3064   -3.780926
    3065   -3.770215
    3066   -3.770215
    3067   -3.759286
    3068   -3.759286
    3069   -3.748086
    3070   -3.748086
    3071   -3.736449
    3072   -3.736449
    3073   -3.724123
    3074   -3.724123
    3075   -3.711039
    3076   -3.711039
    3077   -3.697195
    3078   -3.697195
    3079   -3.682571
    3080   -3.682571
    3081   -3.667216
    3082   -3.667216
    3083   -3.651084
    3084   -3.651084
    3085   -3.634156
    3086   -3.634156
    3087   -3.617469
    3088   -3.617469
    3089   -3.603723
    3090   -3.603723
    3091   -3.595706
    3092   -3.595706
    3093   -3.592816
    3094   -3.592816
    3095   -3.591654
    3096   -3.591654
    3097   -3.590304
    3098   -3.590304
    3099   -3.588305
    3100   -3.588305
    3101   -3.585076
    3102   -3.585076
    3103   -3.580566
    3104   -3.580566
    3105   -3.575345
    3106   -3.575345
    3107   -3.569466
    3108   -3.569466
    3109   -3.562109
    3110   -3.562109
    3111   -3.552840
    3112   -3.552840
    3113   -3.542340
    3114   -3.542340
    3115   -3.530775
    3116   -3.530775
    3117   -3.517403
    3118   -3.517403
    3119   -3.502065
    3120   -3.502065
    3121   -3.485031
    3122   -3.485031
    3123   -3.466089
    3124   -3.466089
    3125   -3.444803
    3126   -3.444803
    3127   -3.420930
    3128   -3.420930
    3129   -3.394570
    3130   -3.394570
    3131   -3.365857
    3132   -3.365857
    3133   -3.334197
    3134   -3.334197
    3135   -3.299153
    3136   -3.299153
    3137   -3.260863
    3138   -3.260863
    3139   -3.218843
    3140   -3.218843
    3141   -3.171912
    3142   -3.171912
    3143   -3.119259
    3144   -3.119259
    3145   -3.060650
    3146   -3.060650
    3147   -2.995316
    3148   -2.995316
    3149   -2.921674
    3150   -2.921674
    3151   -2.837658
    3152   -2.837658
    3153   -2.741151
    3154   -2.741151
    3155   -2.627257
    3156   -2.627257
    3157   -2.489851
    3158   -2.489851
    3159   -2.324767
    3160   -2.324767
    3161   -2.128292
    3162   -2.128292
    3163   -1.897058
    3164   -1.897058
    3165   -1.637952
    3166   -1.637952
    3167   -1.419226
    3168   -1.419226
    3169   -5.373660
    3170   -5.373660
    3171   -5.436876
    3172   -5.436876
    3173   -5.513010
    3174   -5.513010
    3175   -5.567681
    3176   -5.567681
    3177   -5.609631
    3178   -5.609631
    3179   -5.644753
    3180   -5.644753
    3181   -5.675577
    3182   -5.675577
    3183   -5.705228
    3184   -5.705228
    3185   -5.734006
    3186   -5.734006
    3187   -5.758833
    3188   -5.758833
    3189   -5.778791
    3190   -5.778791
    3191   -5.795279
    3192   -5.795279
    3193   -5.809052
    3194   -5.809052
    3195   -5.820065
    3196   -5.820065
    3197   -5.828461
    3198   -5.828461
    3199   -5.834712
    3200   -5.834712
    3201   -5.839194
    3202   -5.839194
    3203   -5.842125
    3204   -5.842125
    3205   -5.843631
    3206   -5.843631
    3207   -5.843898
    3208   -5.843898
    3209   -5.843176
    3210   -5.843176
    3211   -5.841566
    3212   -5.841566
    3213   -5.839049
    3214   -5.839049
    3215   -5.835668
    3216   -5.835668
    3217   -5.831574
    3218   -5.831574
    3219   -5.826859
    3220   -5.826859
    3221   -5.821429
    3222   -5.821429
    3223   -5.815162
    3224   -5.815162
    3225   -5.808148
    3226   -5.808148
    3227   -5.800660
    3228   -5.800660
    3229   -5.792757
    3230   -5.792757
    3231   -5.784313
    3232   -5.784313
    3233   -5.775384
    3234   -5.775384
    3235   -5.766161
    3236   -5.766161
    3237   -5.756646
    3238   -5.756646
    3239   -5.746681
    3240   -5.746681
    3241   -5.736194
    3242   -5.736194
    3243   -5.725167
    3244   -5.725167
    3245   -5.713502
    3246   -5.713502
    3247   -5.701014
    3248   -5.701014
    3249   -5.687758
    3250   -5.687758
    3251   -5.674057
    3252   -5.674057
    3253   -5.659906
    3254   -5.659906
    3255   -5.644952
    3256   -5.644952
    3257   -5.629238
    3258   -5.629238
    3259   -5.613173
    3260   -5.613173
    3261   -5.596884
    3262   -5.596884
    3263   -5.580260
    3264   -5.580260
    3265   -5.563224
    3266   -5.563224
    3267   -5.545772
    3268   -5.545772
    3269   -5.527701
    3270   -5.527701
    3271   -5.508569
    3272   -5.508569
    3273   -5.488268
    3274   -5.488268
    3275   -5.467074
    3276   -5.467074
    3277   -5.444965
    3278   -5.444965
    3279   -5.421623
    3280   -5.421623
    3281   -5.396975
    3282   -5.396975
    3283   -5.371340
    3284   -5.371340
    3285   -5.345763
    3286   -5.345763
    3287   -5.323779
    3288   -5.323779
    3289   -5.310321
    3290   -5.310321
    3291   -5.305125
    3292   -5.305125
    3293   -5.302794
    3294   -5.302794
    3295   -5.299836
    3296   -5.299836
    3297   -5.295668
    3298   -5.295668
    3299   -5.290059
    3300   -5.290059
    3301   -5.282703
    3302   -5.282703
    3303   -5.273255
    3304   -5.273255
    3305   -5.261935
    3306   -5.261935
    3307   -5.249068
    3308   -5.249068
    3309   -5.234117
    3310   -5.234117
    3311   -5.216849
    3312   -5.216849
    3313   -5.197484
    3314   -5.197484
    3315   -5.176114
    3316   -5.176114
    3317   -5.152249
    3318   -5.152249
    3319   -5.124802
    3320   -5.124802
    3321   -5.093808
    3322   -5.093808
    3323   -5.060392
    3324   -5.060392
    3325   -5.024263
    3326   -5.024263
    3327   -4.983970
    3328   -4.983970
    3329   -4.939457
    3330   -4.939457
    3331   -4.891265
    3332   -4.891265
    3333   -4.838579
    3334   -4.838579
    3335   -4.779780
    3336   -4.779780
    3337   -4.714447
    3338   -4.714447
    3339   -4.643053
    3340   -4.643053
    3341   -4.564245
    3342   -4.564245
    3343   -4.475062
    3344   -4.475062
    3345   -4.374509
    3346   -4.374509
    3347   -4.263211
    3348   -4.263211
    3349   -4.138199
    3350   -4.138199
    3351   -3.993221
    3352   -3.993221
    3353   -3.822419
    3354   -3.822419
    3355   -3.620286
    3356   -3.620286
    3357   -3.379620
    3358   -3.379620
    3359   -3.094824
    3360   -3.094824
    3361   -2.761380
    3362   -2.761380
    3363   -2.390935
    3364   -2.390935
    3365   -2.081449
    3366   -2.081449
    3367   -8.607316
    3368   -8.607316
    3369   -8.721170
    3370   -8.721170
    3371   -8.856887
    3372   -8.856887
    3373   -8.954772
    3374   -8.954772
    3375   -9.031776
    3376   -9.031776
    3377   -9.095625
    3378   -9.095625
    3379   -9.150907
    3380   -9.150907
    3381   -9.202844
    3382   -9.202844
    3383   -9.251817
    3384   -9.251817
    3385   -9.294004
    3386   -9.294004
    3387   -9.328284
    3388   -9.328284
    3389   -9.356803
    3390   -9.356803
    3391   -9.380792
    3392   -9.380792
    3393   -9.400037
    3394   -9.400037
    3395   -9.414617
    3396   -9.414617
    3397   -9.425250
    3398   -9.425250
    3399   -9.432747
    3400   -9.432747
    3401   -9.437777
    3402   -9.437777
    3403   -9.440467
    3404   -9.440467
    3405   -9.440700
    3406   -9.440700
    3407   -9.438952
    3408   -9.438952
    3409   -9.435932
    3410   -9.435932
    3411   -9.431617
    3412   -9.431617
    3413   -9.425633
    3414   -9.425633
    3415   -9.418249
    3416   -9.418249
    3417   -9.410147
    3418   -9.410147
    3419   -9.401188
    3420   -9.401188
    3421   -9.390563
    3422   -9.390563
    3423   -9.378391
    3424   -9.378391
    3425   -9.365619
    3426   -9.365619
    3427   -9.352308
    3428   -9.352308
    3429   -9.337704
    3430   -9.337704
    3431   -9.321991
    3432   -9.321991
    3433   -9.306201
    3434   -9.306201
    3435   -9.290310
    3436   -9.290310
    3437   -9.273331
    3438   -9.273331
    3439   -9.255163
    3440   -9.255163
    3441   -9.236495
    3442   -9.236495
    3443   -9.217112
    3444   -9.217112
    3445   -9.196060
    3446   -9.196060
    3447   -9.173437
    3448   -9.173437
    3449   -9.150255
    3450   -9.150255
    3451   -9.126348
    3452   -9.126348
    3453   -9.100423
    3454   -9.100423
    3455   -9.072762
    3456   -9.072762
    3457   -9.045188
    3458   -9.045188
    3459   -9.018034
    3460   -9.018034
    3461   -8.990246
    3462   -8.990246
    3463   -8.961523
    3464   -8.961523
    3465   -8.932242
    3466   -8.932242
    3467   -8.901972
    3468   -8.901972
    3469   -8.869391
    3470   -8.869391
    3471   -8.834476
    3472   -8.834476
    3473   -8.798755
    3474   -8.798755
    3475   -8.762188
    3476   -8.762188
    3477   -8.722964
    3478   -8.722964
    3479   -8.681072
    3480   -8.681072
    3481   -8.638629
    3482   -8.638629
    3483   -8.596286
    3484   -8.596286
    3485   -8.557336
    3486   -8.557336
    3487   -8.531525
    3488   -8.531525
    3489   -8.521516
    3490   -8.521516
    3491   -8.518131
    3492   -8.518131
    3493   -8.512935
    3494   -8.512935
    3495   -8.504276
    3496   -8.504276
    3497   -8.493961
    3498   -8.493961
    3499   -8.481733
    3500   -8.481733
    3501   -8.464938
    3502   -8.464938
    3503   -8.443755
    3504   -8.443755
    3505   -8.420995
    3506   -8.420995
    3507   -8.396176
    3508   -8.396176
    3509   -8.366184
    3510   -8.366184
    3511   -8.331360
    3512   -8.331360
    3513   -8.295066
    3514   -8.295066
    3515   -8.256182
    3516   -8.256182
    3517   -8.209395
    3518   -8.209395
    3519   -8.154984
    3520   -8.154984
    3521   -8.098520
    3522   -8.098520
    3523   -8.039665
    3524   -8.039665
    3525   -7.972164
    3526   -7.972164
    3527   -7.895524
    3528   -7.895524
    3529   -7.814857
    3530   -7.814857
    3531   -7.728953
    3532   -7.728953
    3533   -7.630395
    3534   -7.630395
    3535   -7.518740
    3536   -7.518740
    3537   -7.400228
    3538   -7.400228
    3539   -7.272412
    3540   -7.272412
    3541   -7.124244
    3542   -7.124244
    3543   -6.954162
    3544   -6.954162
    3545   -6.769609
    3546   -6.769609
    3547   -6.566191
    3548   -6.566191
    3549   -6.327204
    3550   -6.327204
    3551   -6.043585
    3552   -6.043585
    3553   -5.714057
    3554   -5.714057
    3555   -5.328462
    3556   -5.328462
    3557   -4.870859
    3558   -4.870859
    3559   -4.332555
    3560   -4.332555
    3561   -3.743147
    3562   -3.743147
    3563   -3.257452
    3564   -3.257452
    3565  -14.780328
    3566  -14.780328
    3567  -14.998311
    3568  -14.998311
    3569  -15.255159
    3570  -15.255159
    3571  -15.434240
    3572  -15.434240
    3573  -15.575179
    3574  -15.575179
    3575  -15.691453
    3576  -15.691453
    3577  -15.792533
    3578  -15.792533
    3579  -15.886814
    3580  -15.886814
    3581  -15.974758
    3582  -15.974758
    3583  -16.049995
    3584  -16.049995
    3585  -16.110847
    3586  -16.110847
    3587  -16.161823
    3588  -16.161823
    3589  -16.205158
    3590  -16.205158
    3591  -16.239859
    3592  -16.239859
    3593  -16.265865
    3594  -16.265865
    3595  -16.284525
    3596  -16.284525
    3597  -16.297487
    3598  -16.297487
    3599  -16.306360
    3600  -16.306360
    3601  -16.311276
    3602  -16.311276
    3603  -16.311465
    3604  -16.311465
    3605  -16.307812
    3606  -16.307812
    3607  -16.302129
    3608  -16.302129
    3609  -16.294312
    3610  -16.294312
    3611  -16.283213
    3612  -16.283213
    3613  -16.269350
    3614  -16.269350
    3615  -16.254722
    3616  -16.254722
    3617  -16.239150
    3618  -16.239150
    3619  -16.220157
    3620  -16.220157
    3621  -16.197903
    3622  -16.197903
    3623  -16.175025
    3624  -16.175025
    3625  -16.151588
    3626  -16.151588
    3627  -16.125236
    3628  -16.125236
    3629  -16.096362
    3630  -16.096362
    3631  -16.068016
    3632  -16.068016
    3633  -16.040147
    3634  -16.040147
    3635  -16.009850
    3636  -16.009850
    3637  -15.976981
    3638  -15.976981
    3639  -15.943841
    3640  -15.943841
    3641  -15.909901
    3642  -15.909901
    3643  -15.872448
    3644  -15.872448
    3645  -15.831793
    3646  -15.831793
    3647  -15.790608
    3648  -15.790608
    3649  -15.748406
    3650  -15.748406
    3651  -15.701613
    3652  -15.701613
    3653  -15.650880
    3654  -15.650880
    3655  -15.601339
    3656  -15.601339
    3657  -15.553760
    3658  -15.553760
    3659  -15.504745
    3660  -15.504745
    3661  -15.453596
    3662  -15.453596
    3663  -15.401861
    3664  -15.401861
    3665  -15.348593
    3666  -15.348593
    3667  -15.290109
    3668  -15.290109
    3669  -15.226561
    3670  -15.226561
    3671  -15.162679
    3672  -15.162679
    3673  -15.098441
    3674  -15.098441
    3675  -15.028547
    3676  -15.028547
    3677  -14.953030
    3678  -14.953030
    3679  -14.877873
    3680  -14.877873
    3681  -14.803302
    3682  -14.803302
    3683  -14.732046
    3684  -14.732046
    3685  -14.682717
    3686  -14.682717
    3687  -14.663957
    3688  -14.663957
    3689  -14.660396
    3690  -14.660396
    3691  -14.652845
    3692  -14.652845
    3693  -14.635646
    3694  -14.635646
    3695  -14.616218
    3696  -14.616218
    3697  -14.595654
    3698  -14.595654
    3699  -14.565732
    3700  -14.565732
    3701  -14.526331
    3702  -14.526331
    3703  -14.485740
    3704  -14.485740
    3705  -14.443370
    3706  -14.443370
    3707  -14.389882
    3708  -14.389882
    3709  -14.326095
    3710  -14.326095
    3711  -14.262316
    3712  -14.262316
    3713  -14.196204
    3714  -14.196204
    3715  -14.113298
    3716  -14.113298
    3717  -14.014181
    3718  -14.014181
    3719  -13.914283
    3720  -13.914283
    3721  -13.813105
    3722  -13.813105
    3723  -13.693411
    3724  -13.693411
    3725  -13.554044
    3726  -13.554044
    3727  -13.410870
    3728  -13.410870
    3729  -13.262206
    3730  -13.262206
    3731  -13.087773
    3732  -13.087773
    3733  -12.886630
    3734  -12.886630
    3735  -12.678183
    3736  -12.678183
    3737  -12.458125
    3738  -12.458125
    3739  -12.197344
    3740  -12.197344
    3741  -11.893139
    3742  -11.893139
    3743  -11.568727
    3744  -11.568727
    3745  -11.217169
    3746  -11.217169
    3747  -10.799251
    3748  -10.799251
    3749  -10.299115
    3750  -10.299115
    3751   -9.724970
    3752   -9.724970
    3753   -9.061134
    3754   -9.061134
    3755   -8.268045
    3756   -8.268045
    3757   -7.324597
    3758   -7.324597
    3759   -6.289404
    3760   -6.289404
    3761   -5.435199
    3762   -5.435199
    3763  -24.099926
    3764  -24.099926
    3765  -24.488108
    3766  -24.488108
    3767  -24.940685
    3768  -24.940685
    3769  -25.236789
    3770  -25.236789
    3771  -25.466359
    3772  -25.466359
    3773  -25.656375
    3774  -25.656375
    3775  -25.824282
    3776  -25.824282
    3777  -25.981849
    3778  -25.981849
    3779  -26.129173
    3780  -26.129173
    3781  -26.254379
    3782  -26.254379
    3783  -26.354582
    3784  -26.354582
    3785  -26.438928
    3786  -26.438928
    3787  -26.511268
    3788  -26.511268
    3789  -26.568937
    3790  -26.568937
    3791  -26.611730
    3792  -26.611730
    3793  -26.642143
    3794  -26.642143
    3795  -26.663066
    3796  -26.663066
    3797  -26.677621
    3798  -26.677621
    3799  -26.685886
    3800  -26.685886
    3801  -26.685973
    3802  -26.685973
    3803  -26.679492
    3804  -26.679492
    3805  -26.669947
    3806  -26.669947
    3807  -26.656939
    3808  -26.656939
    3809  -26.638135
    3810  -26.638135
    3811  -26.614481
    3812  -26.614481
    3813  -26.590179
    3814  -26.590179
    3815  -26.564988
    3816  -26.564988
    3817  -26.533494
    3818  -26.533494
    3819  -26.495958
    3820  -26.495958
    3821  -26.458023
    3822  -26.458023
    3823  -26.419750
    3824  -26.419750
    3825  -26.375920
    3826  -26.375920
    3827  -26.327228
    3828  -26.327228
    3829  -26.280220
    3830  -26.280220
    3831  -26.234779
    3832  -26.234779
    3833  -26.184746
    3834  -26.184746
    3835  -26.129948
    3836  -26.129948
    3837  -26.075385
    3838  -26.075385
    3839  -26.019969
    3840  -26.019969
    3841  -25.958002
    3842  -25.958002
    3843  -25.890216
    3844  -25.890216
    3845  -25.822262
    3846  -25.822262
    3847  -25.753225
    3848  -25.753225
    3849  -25.675471
    3850  -25.675471
    3851  -25.590049
    3852  -25.590049
    3853  -25.507771
    3854  -25.507771
    3855  -25.430061
    3856  -25.430061
    3857  -25.349409
    3858  -25.349409
    3859  -25.264609
    3860  -25.264609
    3861  -25.179483
    3862  -25.179483
    3863  -25.092306
    3864  -25.092306
    3865  -24.995105
    3866  -24.995105
    3867  -24.888247
    3868  -24.888247
    3869  -24.782155
    3870  -24.782155
    3871  -24.676891
    3872  -24.676891
    3873  -24.561134
    3874  -24.561134
    3875  -24.434835
    3876  -24.434835
    3877  -24.309969
    3878  -24.309969
    3879  -24.185846
    3880  -24.185846
    3881  -24.065320
    3882  -24.065320
    3883  -23.981582
    3884  -23.981582
    3885  -23.951303
    3886  -23.951303
    3887  -23.949596
    3888  -23.949596
    3889  -23.940288
    3890  -23.940288
    3891  -23.910190
    3892  -23.910190
    3893  -23.877161
    3894  -23.877161
    3895  -23.845339
    3896  -23.845339
    3897  -23.796304
    3898  -23.796304
    3899  -23.729422
    3900  -23.729422
    3901  -23.662761
    3902  -23.662761
    3903  -23.595361
    3904  -23.595361
    3905  -23.507256
    3906  -23.507256
    3907  -23.400267
    3908  -23.400267
    3909  -23.296350
    3910  -23.296350
    3911  -23.191186
    3912  -23.191186
    3913  -23.054787
    3914  -23.054787
    3915  -22.888219
    3916  -22.888219
    3917  -22.724024
    3918  -22.724024
    3919  -22.561444
    3920  -22.561444
    3921  -22.364064
    3922  -22.364064
    3923  -22.129778
    3924  -22.129778
    3925  -21.893298
    3926  -21.893298
    3927  -21.652461
    3928  -21.652461
    3929  -21.364961
    3930  -21.364961
    3931  -21.028709
    3932  -21.028709
    3933  -20.686300
    3934  -20.686300
    3935  -20.330858
    3936  -20.330858
    3937  -19.902010
    3938  -19.902010
    3939  -19.395445
    3940  -19.395445
    3941  -18.862736
    3942  -18.862736
    3943  -18.293230
    3944  -18.293230
    3945  -17.609131
    3946  -17.609131
    3947  -16.783962
    3948  -16.783962
    3949  -15.843366
    3950  -15.843366
    3951  -14.763105
    3952  -14.763105
    3953  -13.464510
    3954  -13.464510
    3955  -11.897781
    3956  -11.897781
    3957  -10.147479
    3958  -10.147479
    3959   -8.684090
    3960   -8.684090
