       1   -0.021983
       2   -0.021983
       3   -0.021376
       4   -0.021376
       5   -0.020487
       6   -0.020487
       7   -0.019383
       8   -0.019383
       9   -0.018082
      10   -0.018082
      11   -0.017267
      12   -0.017267
      13   -0.017089
      14   -0.017089
      15   -0.017197
      16   -0.017197
      17   -0.017364
      18   -0.017364
      19   -0.017399
      20   -0.017399
      21   -0.017294
      22   -0.017294
      23   -0.017143
      24   -0.017143
      25   -0.016990
      26   -0.016990
      27   -0.016873
      28   -0.016873
      29   -0.016809
      30   -0.016809
      31   -0.016778
      32   -0.016778
      33   -0.016742
      34   -0.016742
      35   -0.016703
      36   -0.016703
      37   -0.016687
      38   -0.016687
      39   -0.016690
      40   -0.016690
      41   -0.016697
      42   -0.016697
      43   -0.016705
      44   -0.016705
      45   -0.016711
      46   -0.016711
      47   -0.016686
      48   -0.016686
      49   -0.016631
      50   -0.016631
      51   -0.016581
      52   -0.016581
      53   -0.016553
      54   -0.016553
      55   -0.016537
      56   -0.016537
      57   -0.016514
      58   -0.016514
      59   -0.016478
      60   -0.016478
      61   -0.016444
      62   -0.016444
      63   -0.016413
      64   -0.016413
      65   -0.016386
      66   -0.016386
      67   -0.016363
      68   -0.016363
      69   -0.016337
      70   -0.016337
      71   -0.016295
      72   -0.016295
      73   -0.016244
      74   -0.016244
      75   -0.016188
      76   -0.016188
      77   -0.016121
      78   -0.016121
      79   -0.016048
      80   -0.016048
      81   -0.015967
      82   -0.015967
      83   -0.015877
      84   -0.015877
      85   -0.015783
      86   -0.015783
      87   -0.015696
      88   -0.015696
      89   -0.015628
      90   -0.015628
      91   -0.015562
      92   -0.015562
      93   -0.015482
      94   -0.015482
      95   -0.015393
      96   -0.015393
      97   -0.015285
      98   -0.015285
      99   -0.015141
     100   -0.015141
     101   -0.014977
     102   -0.014977
     103   -0.014816
     104   -0.014816
     105   -0.014678
     106   -0.014678
     107   -0.014556
     108   -0.014556
     109   -0.014390
     110   -0.014390
     111   -0.014150
     112   -0.014150
     113   -0.013866
     114   -0.013866
     115   -0.013592
     116   -0.013592
     117   -0.013334
     118   -0.013334
     119   -0.013198
     120   -0.013198
     121   -0.013276
     122   -0.013276
     123   -0.013454
     124   -0.013454
     125   -0.013636
     126   -0.013636
     127   -0.013786
     128   -0.013786
     129   -0.013899
     130   -0.013899
     131   -0.013981
     132   -0.013981
     133   -0.014003
     134   -0.014003
     135   -0.013993
     136   -0.013993
     137   -0.013987
     138   -0.013987
     139   -0.013966
     140   -0.013966
     141   -0.013912
     142   -0.013912
     143   -0.013841
     144   -0.013841
     145   -0.013756
     146   -0.013756
     147   -0.013675
     148   -0.013675
     149   -0.013576
     150   -0.013576
     151   -0.013409
     152   -0.013409
     153   -0.013222
     154   -0.013222
     155   -0.013100
     156   -0.013100
     157   -0.013008
     158   -0.013008
     159   -0.012905
     160   -0.012905
     161   -0.012821
     162   -0.012821
     163   -0.012748
     164   -0.012748
     165   -0.012603
     166   -0.012603
     167   -0.012327
     168   -0.012327
     169   -0.011910
     170   -0.011910
     171   -0.011334
     172   -0.011334
     173   -0.010577
     174   -0.010577
     175   -0.009646
     176   -0.009646
     177   -0.008642
     178   -0.008642
     179   -0.007683
     180   -0.007683
     181   -0.006707
     182   -0.006707
     183   -0.005576
     184   -0.005576
     185   -0.004129
     186   -0.004129
     187   -0.002390
     188   -0.002390
     189   -0.000359
     190   -0.000359
     191    0.001863
     192    0.001863
     193    0.005073
     194    0.005073
     195    0.010581
     196    0.010581
     197    0.015932
     198    0.015932
     199   -0.062487
     200   -0.062487
     201   -0.061001
     202   -0.061001
     203   -0.058880
     204   -0.058880
     205   -0.056276
     206   -0.056276
     207   -0.053218
     208   -0.053218
     209   -0.051332
     210   -0.051332
     211   -0.050939
     212   -0.050939
     213   -0.051149
     214   -0.051149
     215   -0.051432
     216   -0.051432
     217   -0.051373
     218   -0.051373
     219   -0.050983
     220   -0.050983
     221   -0.050496
     222   -0.050496
     223   -0.050028
     224   -0.050028
     225   -0.049681
     226   -0.049681
     227   -0.049500
     228   -0.049500
     229   -0.049409
     230   -0.049409
     231   -0.049309
     232   -0.049309
     233   -0.049207
     234   -0.049207
     235   -0.049161
     236   -0.049161
     237   -0.049167
     238   -0.049167
     239   -0.049177
     240   -0.049177
     241   -0.049189
     242   -0.049189
     243   -0.049190
     244   -0.049190
     245   -0.049121
     246   -0.049121
     247   -0.048981
     248   -0.048981
     249   -0.048852
     250   -0.048852
     251   -0.048774
     252   -0.048774
     253   -0.048722
     254   -0.048722
     255   -0.048650
     256   -0.048650
     257   -0.048550
     258   -0.048550
     259   -0.048452
     260   -0.048452
     261   -0.048367
     262   -0.048367
     263   -0.048285
     264   -0.048285
     265   -0.048210
     266   -0.048210
     267   -0.048128
     268   -0.048128
     269   -0.048012
     270   -0.048012
     271   -0.047873
     272   -0.047873
     273   -0.047718
     274   -0.047718
     275   -0.047534
     276   -0.047534
     277   -0.047320
     278   -0.047320
     279   -0.047073
     280   -0.047073
     281   -0.046811
     282   -0.046811
     283   -0.046553
     284   -0.046553
     285   -0.046308
     286   -0.046308
     287   -0.046098
     288   -0.046098
     289   -0.045901
     290   -0.045901
     291   -0.045679
     292   -0.045679
     293   -0.045415
     294   -0.045415
     295   -0.045080
     296   -0.045080
     297   -0.044673
     298   -0.044673
     299   -0.044251
     300   -0.044251
     301   -0.043847
     302   -0.043847
     303   -0.043473
     304   -0.043473
     305   -0.043098
     306   -0.043098
     307   -0.042623
     308   -0.042623
     309   -0.041989
     310   -0.041989
     311   -0.041266
     312   -0.041266
     313   -0.040547
     314   -0.040547
     315   -0.039815
     316   -0.039815
     317   -0.039374
     318   -0.039374
     319   -0.039535
     320   -0.039535
     321   -0.040027
     322   -0.040027
     323   -0.040543
     324   -0.040543
     325   -0.040947
     326   -0.040947
     327   -0.041239
     328   -0.041239
     329   -0.041462
     330   -0.041462
     331   -0.041590
     332   -0.041590
     333   -0.041617
     334   -0.041617
     335   -0.041575
     336   -0.041575
     337   -0.041522
     338   -0.041522
     339   -0.041445
     340   -0.041445
     341   -0.041259
     342   -0.041259
     343   -0.040972
     344   -0.040972
     345   -0.040726
     346   -0.040726
     347   -0.040473
     348   -0.040473
     349   -0.040000
     350   -0.040000
     351   -0.039429
     352   -0.039429
     353   -0.039074
     354   -0.039074
     355   -0.038848
     356   -0.038848
     357   -0.038522
     358   -0.038522
     359   -0.038141
     360   -0.038141
     361   -0.037817
     362   -0.037817
     363   -0.037392
     364   -0.037392
     365   -0.036595
     366   -0.036595
     367   -0.035367
     368   -0.035367
     369   -0.033807
     370   -0.033807
     371   -0.031859
     372   -0.031859
     373   -0.029332
     374   -0.029332
     375   -0.026474
     376   -0.026474
     377   -0.023815
     378   -0.023815
     379   -0.021267
     380   -0.021267
     381   -0.018364
     382   -0.018364
     383   -0.014690
     384   -0.014690
     385   -0.010323
     386   -0.010323
     387   -0.005210
     388   -0.005210
     389    0.000585
     390    0.000585
     391    0.008452
     392    0.008452
     393    0.020187
     394    0.020187
     395    0.030631
     396    0.030631
     397   -0.097150
     398   -0.097150
     399   -0.095249
     400   -0.095249
     401   -0.092730
     402   -0.092730
     403   -0.090186
     404   -0.090186
     405   -0.087532
     406   -0.087532
     407   -0.085980
     408   -0.085980
     409   -0.085696
     410   -0.085696
     411   -0.085714
     412   -0.085714
     413   -0.085531
     414   -0.085531
     415   -0.084958
     416   -0.084958
     417   -0.084097
     418   -0.084097
     419   -0.083187
     420   -0.083187
     421   -0.082366
     422   -0.082366
     423   -0.081802
     424   -0.081802
     425   -0.081536
     426   -0.081536
     427   -0.081397
     428   -0.081397
     429   -0.081250
     430   -0.081250
     431   -0.081115
     432   -0.081115
     433   -0.081055
     434   -0.081055
     435   -0.081046
     436   -0.081046
     437   -0.081030
     438   -0.081030
     439   -0.081008
     440   -0.081008
     441   -0.080971
     442   -0.080971
     443   -0.080860
     444   -0.080860
     445   -0.080679
     446   -0.080679
     447   -0.080516
     448   -0.080516
     449   -0.080408
     450   -0.080408
     451   -0.080313
     452   -0.080313
     453   -0.080176
     454   -0.080176
     455   -0.080008
     456   -0.080008
     457   -0.079856
     458   -0.079856
     459   -0.079715
     460   -0.079715
     461   -0.079567
     462   -0.079567
     463   -0.079428
     464   -0.079428
     465   -0.079290
     466   -0.079290
     467   -0.079110
     468   -0.079110
     469   -0.078886
     470   -0.078886
     471   -0.078649
     472   -0.078649
     473   -0.078386
     474   -0.078386
     475   -0.078027
     476   -0.078027
     477   -0.077579
     478   -0.077579
     479   -0.077165
     480   -0.077165
     481   -0.076810
     482   -0.076810
     483   -0.076429
     484   -0.076429
     485   -0.076032
     486   -0.076032
     487   -0.075688
     488   -0.075688
     489   -0.075358
     490   -0.075358
     491   -0.074919
     492   -0.074919
     493   -0.074343
     494   -0.074343
     495   -0.073742
     496   -0.073742
     497   -0.073204
     498   -0.073204
     499   -0.072663
     500   -0.072663
     501   -0.072065
     502   -0.072065
     503   -0.071444
     504   -0.071444
     505   -0.070757
     506   -0.070757
     507   -0.069912
     508   -0.069912
     509   -0.068960
     510   -0.068960
     511   -0.067976
     512   -0.067976
     513   -0.066917
     514   -0.066917
     515   -0.066136
     516   -0.066136
     517   -0.066135
     518   -0.066135
     519   -0.066787
     520   -0.066787
     521   -0.067585
     522   -0.067585
     523   -0.068129
     524   -0.068129
     525   -0.068434
     526   -0.068434
     527   -0.068771
     528   -0.068771
     529   -0.069152
     530   -0.069152
     531   -0.069266
     532   -0.069266
     533   -0.069088
     534   -0.069088
     535   -0.069033
     536   -0.069033
     537   -0.069119
     538   -0.069119
     539   -0.068861
     540   -0.068861
     541   -0.068253
     542   -0.068253
     543   -0.067839
     544   -0.067839
     545   -0.067572
     546   -0.067572
     547   -0.066831
     548   -0.066831
     549   -0.065762
     550   -0.065762
     551   -0.065151
     552   -0.065151
     553   -0.064906
     554   -0.064906
     555   -0.064245
     556   -0.064245
     557   -0.063176
     558   -0.063176
     559   -0.062362
     560   -0.062362
     561   -0.061711
     562   -0.061711
     563   -0.060416
     564   -0.060416
     565   -0.058327
     566   -0.058327
     567   -0.056057
     568   -0.056057
     569   -0.053491
     570   -0.053491
     571   -0.049738
     572   -0.049738
     573   -0.045143
     574   -0.045143
     575   -0.041171
     576   -0.041171
     577   -0.037911
     578   -0.037911
     579   -0.034313
     580   -0.034313
     581   -0.029838
     582   -0.029838
     583   -0.024652
     584   -0.024652
     585   -0.018416
     586   -0.018416
     587   -0.010211
     588   -0.010211
     589    0.000292
     590    0.000292
     591    0.011645
     592    0.011645
     593    0.019852
     594    0.019852
     595   -0.129089
     596   -0.129089
     597   -0.126848
     598   -0.126848
     599   -0.124070
     600   -0.124070
     601   -0.122173
     602   -0.122173
     603   -0.120892
     604   -0.120892
     605   -0.120216
     606   -0.120216
     607   -0.120030
     608   -0.120030
     609   -0.119613
     610   -0.119613
     611   -0.118662
     612   -0.118662
     613   -0.117430
     614   -0.117430
     615   -0.116137
     616   -0.116137
     617   -0.114934
     618   -0.114934
     619   -0.113923
     620   -0.113923
     621   -0.113278
     622   -0.113278
     623   -0.113001
     624   -0.113001
     625   -0.112853
     626   -0.112853
     627   -0.112690
     628   -0.112690
     629   -0.112549
     630   -0.112549
     631   -0.112486
     632   -0.112486
     633   -0.112454
     634   -0.112454
     635   -0.112379
     636   -0.112379
     637   -0.112273
     638   -0.112273
     639   -0.112165
     640   -0.112165
     641   -0.112016
     642   -0.112016
     643   -0.111813
     644   -0.111813
     645   -0.111629
     646   -0.111629
     647   -0.111502
     648   -0.111502
     649   -0.111359
     650   -0.111359
     651   -0.111129
     652   -0.111129
     653   -0.110864
     654   -0.110864
     655   -0.110649
     656   -0.110649
     657   -0.110450
     658   -0.110450
     659   -0.110217
     660   -0.110217
     661   -0.109991
     662   -0.109991
     663   -0.109790
     664   -0.109790
     665   -0.109542
     666   -0.109542
     667   -0.109216
     668   -0.109216
     669   -0.108891
     670   -0.108891
     671   -0.108566
     672   -0.108566
     673   -0.108082
     674   -0.108082
     675   -0.107445
     676   -0.107445
     677   -0.106905
     678   -0.106905
     679   -0.106502
     680   -0.106502
     681   -0.106011
     682   -0.106011
     683   -0.105404
     684   -0.105404
     685   -0.104880
     686   -0.104880
     687   -0.104433
     688   -0.104433
     689   -0.103844
     690   -0.103844
     691   -0.103084
     692   -0.103084
     693   -0.102378
     694   -0.102378
     695   -0.101798
     696   -0.101798
     697   -0.101129
     698   -0.101129
     699   -0.100294
     700   -0.100294
     701   -0.099481
     702   -0.099481
     703   -0.098702
     704   -0.098702
     705   -0.097748
     706   -0.097748
     707   -0.096617
     708   -0.096617
     709   -0.095451
     710   -0.095451
     711   -0.094271
     712   -0.094271
     713   -0.093266
     714   -0.093266
     715   -0.092965
     716   -0.092965
     717   -0.093584
     718   -0.093584
     719   -0.094558
     720   -0.094558
     721   -0.095164
     722   -0.095164
     723   -0.095408
     724   -0.095408
     725   -0.095859
     726   -0.095859
     727   -0.096497
     728   -0.096497
     729   -0.096632
     730   -0.096632
     731   -0.096283
     732   -0.096283
     733   -0.096253
     734   -0.096253
     735   -0.096524
     736   -0.096524
     737   -0.096186
     738   -0.096186
     739   -0.095247
     740   -0.095247
     741   -0.094684
     742   -0.094684
     743   -0.094446
     744   -0.094446
     745   -0.093473
     746   -0.093473
     747   -0.091884
     748   -0.091884
     749   -0.090941
     750   -0.090941
     751   -0.090589
     752   -0.090589
     753   -0.089465
     754   -0.089465
     755   -0.087535
     756   -0.087535
     757   -0.086089
     758   -0.086089
     759   -0.085131
     760   -0.085131
     761   -0.083288
     762   -0.083288
     763   -0.080352
     764   -0.080352
     765   -0.077514
     766   -0.077514
     767   -0.074555
     768   -0.074555
     769   -0.069821
     770   -0.069821
     771   -0.063762
     772   -0.063762
     773   -0.058843
     774   -0.058843
     775   -0.055401
     776   -0.055401
     777   -0.051803
     778   -0.051803
     779   -0.047613
     780   -0.047613
     781   -0.043035
     782   -0.043035
     783   -0.037220
     784   -0.037220
     785   -0.027916
     786   -0.027916
     787   -0.016075
     788   -0.016075
     789   -0.006629
     790   -0.006629
     791   -0.001175
     792   -0.001175
     793   -0.161694
     794   -0.161694
     795   -0.159097
     796   -0.159097
     797   -0.155732
     798   -0.155732
     799   -0.153318
     800   -0.153318
     801   -0.151630
     802   -0.151630
     803   -0.150499
     804   -0.150499
     805   -0.149806
     806   -0.149806
     807   -0.148908
     808   -0.148908
     809   -0.147577
     810   -0.147577
     811   -0.146174
     812   -0.146174
     813   -0.144942
     814   -0.144942
     815   -0.144011
     816   -0.144011
     817   -0.143387
     818   -0.143387
     819   -0.143014
     820   -0.143014
     821   -0.142826
     822   -0.142826
     823   -0.142700
     824   -0.142700
     825   -0.142561
     826   -0.142561
     827   -0.142434
     828   -0.142434
     829   -0.142349
     830   -0.142349
     831   -0.142263
     832   -0.142263
     833   -0.142112
     834   -0.142112
     835   -0.141915
     836   -0.141915
     837   -0.141727
     838   -0.141727
     839   -0.141531
     840   -0.141531
     841   -0.141300
     842   -0.141300
     843   -0.141081
     844   -0.141081
     845   -0.140900
     846   -0.140900
     847   -0.140681
     848   -0.140681
     849   -0.140356
     850   -0.140356
     851   -0.140002
     852   -0.140002
     853   -0.139708
     854   -0.139708
     855   -0.139429
     856   -0.139429
     857   -0.139104
     858   -0.139104
     859   -0.138779
     860   -0.138779
     861   -0.138487
     862   -0.138487
     863   -0.138154
     864   -0.138154
     865   -0.137739
     866   -0.137739
     867   -0.137327
     868   -0.137327
     869   -0.136923
     870   -0.136923
     871   -0.136376
     872   -0.136376
     873   -0.135693
     874   -0.135693
     875   -0.135091
     876   -0.135091
     877   -0.134616
     878   -0.134616
     879   -0.134034
     880   -0.134034
     881   -0.133295
     882   -0.133295
     883   -0.132613
     884   -0.132613
     885   -0.132013
     886   -0.132013
     887   -0.131302
     888   -0.131302
     889   -0.130466
     890   -0.130466
     891   -0.129708
     892   -0.129708
     893   -0.129045
     894   -0.129045
     895   -0.128231
     896   -0.128231
     897   -0.127231
     898   -0.127231
     899   -0.126285
     900   -0.126285
     901   -0.125383
     902   -0.125383
     903   -0.124261
     904   -0.124261
     905   -0.122901
     906   -0.122901
     907   -0.121537
     908   -0.121537
     909   -0.120285
     910   -0.120285
     911   -0.119241
     912   -0.119241
     913   -0.118839
     914   -0.118839
     915   -0.119360
     916   -0.119360
     917   -0.120311
     918   -0.120311
     919   -0.120983
     920   -0.120983
     921   -0.121347
     922   -0.121347
     923   -0.121882
     924   -0.121882
     925   -0.122499
     926   -0.122499
     927   -0.122567
     928   -0.122567
     929   -0.122207
     930   -0.122207
     931   -0.122163
     932   -0.122163
     933   -0.122330
     934   -0.122330
     935   -0.121890
     936   -0.121890
     937   -0.120902
     938   -0.120902
     939   -0.120221
     940   -0.120221
     941   -0.119781
     942   -0.119781
     943   -0.118654
     944   -0.118654
     945   -0.116919
     946   -0.116919
     947   -0.115642
     948   -0.115642
     949   -0.114805
     950   -0.114805
     951   -0.113238
     952   -0.113238
     953   -0.110892
     954   -0.110892
     955   -0.108925
     956   -0.108925
     957   -0.107353
     958   -0.107353
     959   -0.104928
     960   -0.104928
     961   -0.101486
     962   -0.101486
     963   -0.098133
     964   -0.098133
     965   -0.094596
     966   -0.094596
     967   -0.089285
     968   -0.089285
     969   -0.082661
     970   -0.082661
     971   -0.077121
     972   -0.077121
     973   -0.073054
     974   -0.073054
     975   -0.068960
     976   -0.068960
     977   -0.065006
     978   -0.065006
     979   -0.061135
     980   -0.061135
     981   -0.055666
     982   -0.055666
     983   -0.046789
     984   -0.046789
     985   -0.035697
     986   -0.035697
     987   -0.026936
     988   -0.026936
     989   -0.021585
     990   -0.021585
     991   -0.197006
     992   -0.197006
     993   -0.194379
     994   -0.194379
     995   -0.190674
     996   -0.190674
     997   -0.187127
     998   -0.187127
     999   -0.183740
    1000   -0.183740
    1001   -0.181255
    1002   -0.181255
    1003   -0.179755
    1004   -0.179755
    1005   -0.178445
    1006   -0.178445
    1007   -0.177086
    1008   -0.177086
    1009   -0.175928
    1010   -0.175928
    1011   -0.175140
    1012   -0.175140
    1013   -0.174815
    1014   -0.174815
    1015   -0.174858
    1016   -0.174858
    1017   -0.174918
    1018   -0.174918
    1019   -0.174835
    1020   -0.174835
    1021   -0.174684
    1022   -0.174684
    1023   -0.174533
    1024   -0.174533
    1025   -0.174397
    1026   -0.174397
    1027   -0.174236
    1028   -0.174236
    1029   -0.174027
    1030   -0.174027
    1031   -0.173797
    1032   -0.173797
    1033   -0.173565
    1034   -0.173565
    1035   -0.173321
    1036   -0.173321
    1037   -0.173055
    1038   -0.173055
    1039   -0.172792
    1040   -0.172792
    1041   -0.172546
    1042   -0.172546
    1043   -0.172274
    1044   -0.172274
    1045   -0.171929
    1046   -0.171929
    1047   -0.171534
    1048   -0.171534
    1049   -0.171152
    1050   -0.171152
    1051   -0.170783
    1052   -0.170783
    1053   -0.170384
    1054   -0.170384
    1055   -0.169967
    1056   -0.169967
    1057   -0.169567
    1058   -0.169567
    1059   -0.169168
    1060   -0.169168
    1061   -0.168724
    1062   -0.168724
    1063   -0.168247
    1064   -0.168247
    1065   -0.167780
    1066   -0.167780
    1067   -0.167288
    1068   -0.167288
    1069   -0.166706
    1070   -0.166706
    1071   -0.166076
    1072   -0.166076
    1073   -0.165478
    1074   -0.165478
    1075   -0.164890
    1076   -0.164890
    1077   -0.164199
    1078   -0.164199
    1079   -0.163411
    1080   -0.163411
    1081   -0.162654
    1082   -0.162654
    1083   -0.161916
    1084   -0.161916
    1085   -0.161086
    1086   -0.161086
    1087   -0.160207
    1088   -0.160207
    1089   -0.159395
    1090   -0.159395
    1091   -0.158590
    1092   -0.158590
    1093   -0.157624
    1094   -0.157624
    1095   -0.156527
    1096   -0.156527
    1097   -0.155430
    1098   -0.155430
    1099   -0.154283
    1100   -0.154283
    1101   -0.152914
    1102   -0.152914
    1103   -0.151324
    1104   -0.151324
    1105   -0.149720
    1106   -0.149720
    1107   -0.148248
    1108   -0.148248
    1109   -0.147107
    1110   -0.147107
    1111   -0.146691
    1112   -0.146691
    1113   -0.147096
    1114   -0.147096
    1115   -0.147865
    1116   -0.147865
    1117   -0.148533
    1118   -0.148533
    1119   -0.149039
    1120   -0.149039
    1121   -0.149506
    1122   -0.149506
    1123   -0.149851
    1124   -0.149851
    1125   -0.149845
    1126   -0.149845
    1127   -0.149606
    1128   -0.149606
    1129   -0.149460
    1130   -0.149460
    1131   -0.149298
    1132   -0.149298
    1133   -0.148758
    1134   -0.148758
    1135   -0.147914
    1136   -0.147914
    1137   -0.147122
    1138   -0.147122
    1139   -0.146313
    1140   -0.146313
    1141   -0.145098
    1142   -0.145098
    1143   -0.143521
    1144   -0.143521
    1145   -0.142003
    1146   -0.142003
    1147   -0.140524
    1148   -0.140524
    1149   -0.138609
    1150   -0.138609
    1151   -0.136235
    1152   -0.136235
    1153   -0.133916
    1154   -0.133916
    1155   -0.131620
    1156   -0.131620
    1157   -0.128677
    1158   -0.128677
    1159   -0.125011
    1160   -0.125011
    1161   -0.121185
    1162   -0.121185
    1163   -0.117002
    1164   -0.117002
    1165   -0.111547
    1166   -0.111547
    1167   -0.105133
    1168   -0.105133
    1169   -0.099194
    1170   -0.099194
    1171   -0.093964
    1172   -0.093964
    1173   -0.088555
    1174   -0.088555
    1175   -0.083833
    1176   -0.083833
    1177   -0.079439
    1178   -0.079439
    1179   -0.072986
    1180   -0.072986
    1181   -0.064393
    1182   -0.064393
    1183   -0.054348
    1184   -0.054348
    1185   -0.044469
    1186   -0.044469
    1187   -0.037193
    1188   -0.037193
    1189   -0.236229
    1190   -0.236229
    1191   -0.234056
    1192   -0.234056
    1193   -0.230937
    1194   -0.230937
    1195   -0.227673
    1196   -0.227673
    1197   -0.224336
    1198   -0.224336
    1199   -0.221808
    1200   -0.221808
    1201   -0.220150
    1202   -0.220150
    1203   -0.218595
    1204   -0.218595
    1205   -0.217057
    1206   -0.217057
    1207   -0.215977
    1208   -0.215977
    1209   -0.215468
    1210   -0.215468
    1211   -0.215366
    1212   -0.215366
    1213   -0.215497
    1214   -0.215497
    1215   -0.215575
    1216   -0.215575
    1217   -0.215452
    1218   -0.215452
    1219   -0.215200
    1220   -0.215200
    1221   -0.214937
    1222   -0.214937
    1223   -0.214708
    1224   -0.214708
    1225   -0.214440
    1226   -0.214440
    1227   -0.214108
    1228   -0.214108
    1229   -0.213794
    1230   -0.213794
    1231   -0.213535
    1232   -0.213535
    1233   -0.213265
    1234   -0.213265
    1235   -0.212959
    1236   -0.212959
    1237   -0.212669
    1238   -0.212669
    1239   -0.212385
    1240   -0.212385
    1241   -0.212021
    1242   -0.212021
    1243   -0.211568
    1244   -0.211568
    1245   -0.211120
    1246   -0.211120
    1247   -0.210718
    1248   -0.210718
    1249   -0.210282
    1250   -0.210282
    1251   -0.209777
    1252   -0.209777
    1253   -0.209277
    1254   -0.209277
    1255   -0.208813
    1256   -0.208813
    1257   -0.208326
    1258   -0.208326
    1259   -0.207782
    1260   -0.207782
    1261   -0.207238
    1262   -0.207238
    1263   -0.206715
    1264   -0.206715
    1265   -0.206146
    1266   -0.206146
    1267   -0.205504
    1268   -0.205504
    1269   -0.204855
    1270   -0.204855
    1271   -0.204212
    1272   -0.204212
    1273   -0.203506
    1274   -0.203506
    1275   -0.202712
    1276   -0.202712
    1277   -0.201888
    1278   -0.201888
    1279   -0.201077
    1280   -0.201077
    1281   -0.200226
    1282   -0.200226
    1283   -0.199295
    1284   -0.199295
    1285   -0.198352
    1286   -0.198352
    1287   -0.197438
    1288   -0.197438
    1289   -0.196454
    1290   -0.196454
    1291   -0.195322
    1292   -0.195322
    1293   -0.194092
    1294   -0.194092
    1295   -0.192798
    1296   -0.192798
    1297   -0.191391
    1298   -0.191391
    1299   -0.189788
    1300   -0.189788
    1301   -0.187989
    1302   -0.187989
    1303   -0.186118
    1304   -0.186118
    1305   -0.184323
    1306   -0.184323
    1307   -0.182885
    1308   -0.182885
    1309   -0.182237
    1310   -0.182237
    1311   -0.182428
    1312   -0.182428
    1313   -0.182979
    1314   -0.182979
    1315   -0.183455
    1316   -0.183455
    1317   -0.183765
    1318   -0.183765
    1319   -0.183964
    1320   -0.183964
    1321   -0.184040
    1322   -0.184040
    1323   -0.183943
    1324   -0.183943
    1325   -0.183688
    1326   -0.183688
    1327   -0.183358
    1328   -0.183358
    1329   -0.182917
    1330   -0.182917
    1331   -0.182234
    1332   -0.182234
    1333   -0.181352
    1334   -0.181352
    1335   -0.180399
    1336   -0.180399
    1337   -0.179314
    1338   -0.179314
    1339   -0.177956
    1340   -0.177956
    1341   -0.176338
    1342   -0.176338
    1343   -0.174581
    1344   -0.174581
    1345   -0.172650
    1346   -0.172650
    1347   -0.170396
    1348   -0.170396
    1349   -0.167858
    1350   -0.167858
    1351   -0.165236
    1352   -0.165236
    1353   -0.162435
    1354   -0.162435
    1355   -0.159047
    1356   -0.159047
    1357   -0.155054
    1358   -0.155054
    1359   -0.150771
    1360   -0.150771
    1361   -0.146140
    1362   -0.146140
    1363   -0.140746
    1364   -0.140746
    1365   -0.134693
    1366   -0.134693
    1367   -0.128560
    1368   -0.128560
    1369   -0.122530
    1370   -0.122530
    1371   -0.115951
    1372   -0.115951
    1373   -0.109218
    1374   -0.109218
    1375   -0.102457
    1376   -0.102457
    1377   -0.094083
    1378   -0.094083
    1379   -0.084355
    1380   -0.084355
    1381   -0.073240
    1382   -0.073240
    1383   -0.060897
    1384   -0.060897
    1385   -0.051152
    1386   -0.051152
    1387   -0.281338
    1388   -0.281338
    1389   -0.279677
    1390   -0.279677
    1391   -0.277439
    1392   -0.277439
    1393   -0.275536
    1394   -0.275536
    1395   -0.273954
    1396   -0.273954
    1397   -0.272725
    1398   -0.272725
    1399   -0.271660
    1400   -0.271660
    1401   -0.270268
    1402   -0.270268
    1403   -0.268678
    1404   -0.268678
    1405   -0.267643
    1406   -0.267643
    1407   -0.267257
    1408   -0.267257
    1409   -0.267020
    1410   -0.267020
    1411   -0.266732
    1412   -0.266732
    1413   -0.266455
    1414   -0.266455
    1415   -0.266169
    1416   -0.266169
    1417   -0.265813
    1418   -0.265813
    1419   -0.265428
    1420   -0.265428
    1421   -0.265079
    1422   -0.265079
    1423   -0.264742
    1424   -0.264742
    1425   -0.264353
    1426   -0.264353
    1427   -0.263946
    1428   -0.263946
    1429   -0.263599
    1430   -0.263599
    1431   -0.263290
    1432   -0.263290
    1433   -0.262963
    1434   -0.262963
    1435   -0.262624
    1436   -0.262624
    1437   -0.262261
    1438   -0.262261
    1439   -0.261827
    1440   -0.261827
    1441   -0.261336
    1442   -0.261336
    1443   -0.260859
    1444   -0.260859
    1445   -0.260407
    1446   -0.260407
    1447   -0.259913
    1448   -0.259913
    1449   -0.259354
    1450   -0.259354
    1451   -0.258787
    1452   -0.258787
    1453   -0.258250
    1454   -0.258250
    1455   -0.257699
    1456   -0.257699
    1457   -0.257097
    1458   -0.257097
    1459   -0.256472
    1460   -0.256472
    1461   -0.255846
    1462   -0.255846
    1463   -0.255181
    1464   -0.255181
    1465   -0.254449
    1466   -0.254449
    1467   -0.253688
    1468   -0.253688
    1469   -0.252922
    1470   -0.252922
    1471   -0.252116
    1472   -0.252116
    1473   -0.251270
    1474   -0.251270
    1475   -0.250403
    1476   -0.250403
    1477   -0.249488
    1478   -0.249488
    1479   -0.248506
    1480   -0.248506
    1481   -0.247484
    1482   -0.247484
    1483   -0.246444
    1484   -0.246444
    1485   -0.245359
    1486   -0.245359
    1487   -0.244165
    1488   -0.244165
    1489   -0.242846
    1490   -0.242846
    1491   -0.241434
    1492   -0.241434
    1493   -0.239941
    1494   -0.239941
    1495   -0.238333
    1496   -0.238333
    1497   -0.236546
    1498   -0.236546
    1499   -0.234565
    1500   -0.234565
    1501   -0.232478
    1502   -0.232478
    1503   -0.230440
    1504   -0.230440
    1505   -0.228733
    1506   -0.228733
    1507   -0.227819
    1508   -0.227819
    1509   -0.227803
    1510   -0.227803
    1511   -0.228179
    1512   -0.228179
    1513   -0.228388
    1514   -0.228388
    1515   -0.228339
    1516   -0.228339
    1517   -0.228253
    1518   -0.228253
    1519   -0.228153
    1520   -0.228153
    1521   -0.227862
    1522   -0.227862
    1523   -0.227330
    1524   -0.227330
    1525   -0.226718
    1526   -0.226718
    1527   -0.226052
    1528   -0.226052
    1529   -0.225151
    1530   -0.225151
    1531   -0.224017
    1532   -0.224017
    1533   -0.222826
    1534   -0.222826
    1535   -0.221529
    1536   -0.221529
    1537   -0.219925
    1538   -0.219925
    1539   -0.218007
    1540   -0.218007
    1541   -0.215933
    1542   -0.215933
    1543   -0.213662
    1544   -0.213662
    1545   -0.211020
    1546   -0.211020
    1547   -0.208084
    1548   -0.208084
    1549   -0.205076
    1550   -0.205076
    1551   -0.201872
    1552   -0.201872
    1553   -0.198031
    1554   -0.198031
    1555   -0.193542
    1556   -0.193542
    1557   -0.188748
    1558   -0.188748
    1559   -0.183707
    1560   -0.183707
    1561   -0.178215
    1562   -0.178215
    1563   -0.172184
    1564   -0.172184
    1565   -0.165711
    1566   -0.165711
    1567   -0.159143
    1568   -0.159143
    1569   -0.151735
    1570   -0.151735
    1571   -0.142491
    1572   -0.142491
    1573   -0.132415
    1574   -0.132415
    1575   -0.121695
    1576   -0.121695
    1577   -0.109575
    1578   -0.109575
    1579   -0.095358
    1580   -0.095358
    1581   -0.079570
    1582   -0.079570
    1583   -0.067044
    1584   -0.067044
    1585   -0.335668
    1586   -0.335668
    1587   -0.334228
    1588   -0.334228
    1589   -0.332299
    1590   -0.332299
    1591   -0.330857
    1592   -0.330857
    1593   -0.329952
    1594   -0.329952
    1595   -0.329473
    1596   -0.329473
    1597   -0.329225
    1598   -0.329225
    1599   -0.328822
    1600   -0.328822
    1601   -0.328266
    1602   -0.328266
    1603   -0.327981
    1604   -0.327981
    1605   -0.327950
    1606   -0.327950
    1607   -0.327751
    1608   -0.327751
    1609   -0.327302
    1610   -0.327302
    1611   -0.326864
    1612   -0.326864
    1613   -0.326511
    1614   -0.326511
    1615   -0.326140
    1616   -0.326140
    1617   -0.325732
    1618   -0.325732
    1619   -0.325343
    1620   -0.325343
    1621   -0.324978
    1622   -0.324978
    1623   -0.324559
    1624   -0.324559
    1625   -0.324076
    1626   -0.324076
    1627   -0.323615
    1628   -0.323615
    1629   -0.323201
    1630   -0.323201
    1631   -0.322787
    1632   -0.322787
    1633   -0.322349
    1634   -0.322349
    1635   -0.321883
    1636   -0.321883
    1637   -0.321395
    1638   -0.321395
    1639   -0.320904
    1640   -0.320904
    1641   -0.320425
    1642   -0.320425
    1643   -0.319938
    1644   -0.319938
    1645   -0.319409
    1646   -0.319409
    1647   -0.318825
    1648   -0.318825
    1649   -0.318211
    1650   -0.318211
    1651   -0.317598
    1652   -0.317598
    1653   -0.316978
    1654   -0.316978
    1655   -0.316316
    1656   -0.316316
    1657   -0.315603
    1658   -0.315603
    1659   -0.314854
    1660   -0.314854
    1661   -0.314069
    1662   -0.314069
    1663   -0.313231
    1664   -0.313231
    1665   -0.312353
    1666   -0.312353
    1667   -0.311474
    1668   -0.311474
    1669   -0.310597
    1670   -0.310597
    1671   -0.309703
    1672   -0.309703
    1673   -0.308768
    1674   -0.308768
    1675   -0.307744
    1676   -0.307744
    1677   -0.306635
    1678   -0.306635
    1679   -0.305483
    1680   -0.305483
    1681   -0.304274
    1682   -0.304274
    1683   -0.302970
    1684   -0.302970
    1685   -0.301562
    1686   -0.301562
    1687   -0.300062
    1688   -0.300062
    1689   -0.298472
    1690   -0.298472
    1691   -0.296791
    1692   -0.296791
    1693   -0.294989
    1694   -0.294989
    1695   -0.293023
    1696   -0.293023
    1697   -0.290895
    1698   -0.290895
    1699   -0.288671
    1700   -0.288671
    1701   -0.286488
    1702   -0.286488
    1703   -0.284623
    1704   -0.284623
    1705   -0.283540
    1706   -0.283540
    1707   -0.283356
    1708   -0.283356
    1709   -0.283564
    1710   -0.283564
    1711   -0.283605
    1712   -0.283605
    1713   -0.283399
    1714   -0.283399
    1715   -0.283183
    1716   -0.283183
    1717   -0.282952
    1718   -0.282952
    1719   -0.282469
    1720   -0.282469
    1721   -0.281688
    1722   -0.281688
    1723   -0.280826
    1724   -0.280826
    1725   -0.279927
    1726   -0.279927
    1727   -0.278804
    1728   -0.278804
    1729   -0.277438
    1730   -0.277438
    1731   -0.275996
    1732   -0.275996
    1733   -0.274446
    1734   -0.274446
    1735   -0.272586
    1736   -0.272586
    1737   -0.270395
    1738   -0.270395
    1739   -0.268004
    1740   -0.268004
    1741   -0.265383
    1742   -0.265383
    1743   -0.262352
    1744   -0.262352
    1745   -0.258958
    1746   -0.258958
    1747   -0.255422
    1748   -0.255422
    1749   -0.251652
    1750   -0.251652
    1751   -0.247244
    1752   -0.247244
    1753   -0.242184
    1754   -0.242184
    1755   -0.236796
    1756   -0.236796
    1757   -0.231128
    1758   -0.231128
    1759   -0.224963
    1760   -0.224963
    1761   -0.218144
    1762   -0.218144
    1763   -0.210677
    1764   -0.210677
    1765   -0.202906
    1766   -0.202906
    1767   -0.194123
    1768   -0.194123
    1769   -0.182848
    1770   -0.182848
    1771   -0.169996
    1772   -0.169996
    1773   -0.156365
    1774   -0.156365
    1775   -0.140822
    1776   -0.140822
    1777   -0.122481
    1778   -0.122481
    1779   -0.102358
    1780   -0.102358
    1781   -0.086253
    1782   -0.086253
    1783   -0.402519
    1784   -0.402519
    1785   -0.401259
    1786   -0.401259
    1787   -0.399406
    1788   -0.399406
    1789   -0.397593
    1790   -0.397593
    1791   -0.396069
    1792   -0.396069
    1793   -0.395470
    1794   -0.395470
    1795   -0.395874
    1796   -0.395874
    1797   -0.396806
    1798   -0.396806
    1799   -0.397886
    1800   -0.397886
    1801   -0.398737
    1802   -0.398737
    1803   -0.399195
    1804   -0.399195
    1805   -0.399256
    1806   -0.399256
    1807   -0.399022
    1808   -0.399022
    1809   -0.398730
    1810   -0.398730
    1811   -0.398471
    1812   -0.398471
    1813   -0.398187
    1814   -0.398187
    1815   -0.397850
    1816   -0.397850
    1817   -0.397487
    1818   -0.397487
    1819   -0.397112
    1820   -0.397112
    1821   -0.396683
    1822   -0.396683
    1823   -0.396179
    1824   -0.396179
    1825   -0.395646
    1826   -0.395646
    1827   -0.395117
    1828   -0.395117
    1829   -0.394583
    1830   -0.394583
    1831   -0.394026
    1832   -0.394026
    1833   -0.393459
    1834   -0.393459
    1835   -0.392919
    1836   -0.392919
    1837   -0.392415
    1838   -0.392415
    1839   -0.391918
    1840   -0.391918
    1841   -0.391391
    1842   -0.391391
    1843   -0.390824
    1844   -0.390824
    1845   -0.390212
    1846   -0.390212
    1847   -0.389550
    1848   -0.389550
    1849   -0.388850
    1850   -0.388850
    1851   -0.388126
    1852   -0.388126
    1853   -0.387361
    1854   -0.387361
    1855   -0.386541
    1856   -0.386541
    1857   -0.385679
    1858   -0.385679
    1859   -0.384791
    1860   -0.384791
    1861   -0.383868
    1862   -0.383868
    1863   -0.382906
    1864   -0.382906
    1865   -0.381934
    1866   -0.381934
    1867   -0.380965
    1868   -0.380965
    1869   -0.379973
    1870   -0.379973
    1871   -0.378928
    1872   -0.378928
    1873   -0.377805
    1874   -0.377805
    1875   -0.376584
    1876   -0.376584
    1877   -0.375252
    1878   -0.375252
    1879   -0.373806
    1880   -0.373806
    1881   -0.372261
    1882   -0.372261
    1883   -0.370648
    1884   -0.370648
    1885   -0.368963
    1886   -0.368963
    1887   -0.367177
    1888   -0.367177
    1889   -0.365284
    1890   -0.365284
    1891   -0.363262
    1892   -0.363262
    1893   -0.361090
    1894   -0.361090
    1895   -0.358783
    1896   -0.358783
    1897   -0.356397
    1898   -0.356397
    1899   -0.354041
    1900   -0.354041
    1901   -0.351963
    1902   -0.351963
    1903   -0.350633
    1904   -0.350633
    1905   -0.350191
    1906   -0.350191
    1907   -0.350179
    1908   -0.350179
    1909   -0.350118
    1910   -0.350118
    1911   -0.349904
    1912   -0.349904
    1913   -0.349648
    1914   -0.349648
    1915   -0.349317
    1916   -0.349317
    1917   -0.348748
    1918   -0.348748
    1919   -0.347920
    1920   -0.347920
    1921   -0.346953
    1922   -0.346953
    1923   -0.345862
    1924   -0.345862
    1925   -0.344558
    1926   -0.344558
    1927   -0.343030
    1928   -0.343030
    1929   -0.341347
    1930   -0.341347
    1931   -0.339489
    1932   -0.339489
    1933   -0.337351
    1934   -0.337351
    1935   -0.334917
    1936   -0.334917
    1937   -0.332226
    1938   -0.332226
    1939   -0.329265
    1940   -0.329265
    1941   -0.325893
    1942   -0.325893
    1943   -0.322079
    1944   -0.322079
    1945   -0.317979
    1946   -0.317979
    1947   -0.313519
    1948   -0.313519
    1949   -0.308442
    1950   -0.308442
    1951   -0.302770
    1952   -0.302770
    1953   -0.296726
    1954   -0.296726
    1955   -0.290224
    1956   -0.290224
    1957   -0.282919
    1958   -0.282919
    1959   -0.274698
    1960   -0.274698
    1961   -0.265682
    1962   -0.265682
    1963   -0.255945
    1964   -0.255945
    1965   -0.245061
    1966   -0.245061
    1967   -0.232087
    1968   -0.232087
    1969   -0.216924
    1970   -0.216924
    1971   -0.199705
    1972   -0.199705
    1973   -0.179720
    1974   -0.179720
    1975   -0.156409
    1976   -0.156409
    1977   -0.131069
    1978   -0.131069
    1979   -0.110548
    1980   -0.110548
    1981   -0.485865
    1982   -0.485865
    1983   -0.485076
    1984   -0.485076
    1985   -0.483777
    1986   -0.483777
    1987   -0.482212
    1988   -0.482212
    1989   -0.480655
    1990   -0.480655
    1991   -0.480018
    1992   -0.480018
    1993   -0.480535
    1994   -0.480535
    1995   -0.481744
    1996   -0.481744
    1997   -0.483169
    1998   -0.483169
    1999   -0.484245
    2000   -0.484245
    2001   -0.484819
    2002   -0.484819
    2003   -0.485066
    2004   -0.485066
    2005   -0.485103
    2006   -0.485103
    2007   -0.485029
    2008   -0.485029
    2009   -0.484909
    2010   -0.484909
    2011   -0.484758
    2012   -0.484758
    2013   -0.484548
    2014   -0.484548
    2015   -0.484255
    2016   -0.484255
    2017   -0.483897
    2018   -0.483897
    2019   -0.483492
    2020   -0.483492
    2021   -0.483030
    2022   -0.483030
    2023   -0.482508
    2024   -0.482508
    2025   -0.481951
    2026   -0.481951
    2027   -0.481369
    2028   -0.481369
    2029   -0.480750
    2030   -0.480750
    2031   -0.480115
    2032   -0.480115
    2033   -0.479508
    2034   -0.479508
    2035   -0.478935
    2036   -0.478935
    2037   -0.478354
    2038   -0.478354
    2039   -0.477730
    2040   -0.477730
    2041   -0.477073
    2042   -0.477073
    2043   -0.476381
    2044   -0.476381
    2045   -0.475627
    2046   -0.475627
    2047   -0.474814
    2048   -0.474814
    2049   -0.473962
    2050   -0.473962
    2051   -0.473071
    2052   -0.473071
    2053   -0.472132
    2054   -0.472132
    2055   -0.471160
    2056   -0.471160
    2057   -0.470183
    2058   -0.470183
    2059   -0.469195
    2060   -0.469195
    2061   -0.468161
    2062   -0.468161
    2063   -0.467072
    2064   -0.467072
    2065   -0.465959
    2066   -0.465959
    2067   -0.464830
    2068   -0.464830
    2069   -0.463658
    2070   -0.463658
    2071   -0.462405
    2072   -0.462405
    2073   -0.461026
    2074   -0.461026
    2075   -0.459470
    2076   -0.459470
    2077   -0.457744
    2078   -0.457744
    2079   -0.455924
    2080   -0.455924
    2081   -0.454060
    2082   -0.454060
    2083   -0.452128
    2084   -0.452128
    2085   -0.450092
    2086   -0.450092
    2087   -0.447946
    2088   -0.447946
    2089   -0.445691
    2090   -0.445691
    2091   -0.443315
    2092   -0.443315
    2093   -0.440821
    2094   -0.440821
    2095   -0.438252
    2096   -0.438252
    2097   -0.435714
    2098   -0.435714
    2099   -0.433508
    2100   -0.433508
    2101   -0.432078
    2102   -0.432078
    2103   -0.431479
    2104   -0.431479
    2105   -0.431307
    2106   -0.431307
    2107   -0.431186
    2108   -0.431186
    2109   -0.430965
    2110   -0.430965
    2111   -0.430637
    2112   -0.430637
    2113   -0.430169
    2114   -0.430169
    2115   -0.429465
    2116   -0.429465
    2117   -0.428522
    2118   -0.428522
    2119   -0.427402
    2120   -0.427402
    2121   -0.426091
    2122   -0.426091
    2123   -0.424556
    2124   -0.424556
    2125   -0.422784
    2126   -0.422784
    2127   -0.420779
    2128   -0.420779
    2129   -0.418518
    2130   -0.418518
    2131   -0.415961
    2132   -0.415961
    2133   -0.413120
    2134   -0.413120
    2135   -0.410018
    2136   -0.410018
    2137   -0.406650
    2138   -0.406650
    2139   -0.402889
    2140   -0.402889
    2141   -0.398642
    2142   -0.398642
    2143   -0.393946
    2144   -0.393946
    2145   -0.388736
    2146   -0.388736
    2147   -0.382934
    2148   -0.382934
    2149   -0.376581
    2150   -0.376581
    2151   -0.369745
    2152   -0.369745
    2153   -0.362300
    2154   -0.362300
    2155   -0.353927
    2156   -0.353927
    2157   -0.344450
    2158   -0.344450
    2159   -0.333783
    2160   -0.333783
    2161   -0.321767
    2162   -0.321767
    2163   -0.308530
    2164   -0.308530
    2165   -0.293639
    2166   -0.293639
    2167   -0.275919
    2168   -0.275919
    2169   -0.254753
    2170   -0.254753
    2171   -0.229670
    2172   -0.229670
    2173   -0.200386
    2174   -0.200386
    2175   -0.168630
    2176   -0.168630
    2177   -0.142718
    2178   -0.142718
    2179   -0.594033
    2180   -0.594033
    2181   -0.594293
    2182   -0.594293
    2183   -0.594510
    2184   -0.594510
    2185   -0.594457
    2186   -0.594457
    2187   -0.594194
    2188   -0.594194
    2189   -0.594157
    2190   -0.594157
    2191   -0.594498
    2192   -0.594498
    2193   -0.594949
    2194   -0.594949
    2195   -0.595346
    2196   -0.595346
    2197   -0.595651
    2198   -0.595651
    2199   -0.595890
    2200   -0.595890
    2201   -0.596118
    2202   -0.596118
    2203   -0.596316
    2204   -0.596316
    2205   -0.596398
    2206   -0.596398
    2207   -0.596374
    2208   -0.596374
    2209   -0.596327
    2210   -0.596327
    2211   -0.596249
    2212   -0.596249
    2213   -0.596050
    2214   -0.596050
    2215   -0.595732
    2216   -0.595732
    2217   -0.595366
    2218   -0.595366
    2219   -0.594961
    2220   -0.594961
    2221   -0.594486
    2222   -0.594486
    2223   -0.593948
    2224   -0.593948
    2225   -0.593366
    2226   -0.593366
    2227   -0.592741
    2228   -0.592741
    2229   -0.592079
    2230   -0.592079
    2231   -0.591393
    2232   -0.591393
    2233   -0.590687
    2234   -0.590687
    2235   -0.589950
    2236   -0.589950
    2237   -0.589178
    2238   -0.589178
    2239   -0.588374
    2240   -0.588374
    2241   -0.587530
    2242   -0.587530
    2243   -0.586628
    2244   -0.586628
    2245   -0.585676
    2246   -0.585676
    2247   -0.584685
    2248   -0.584685
    2249   -0.583654
    2250   -0.583654
    2251   -0.582583
    2252   -0.582583
    2253   -0.581484
    2254   -0.581484
    2255   -0.580382
    2256   -0.580382
    2257   -0.579279
    2258   -0.579279
    2259   -0.578131
    2260   -0.578131
    2261   -0.576895
    2262   -0.576895
    2263   -0.575599
    2264   -0.575599
    2265   -0.574301
    2266   -0.574301
    2267   -0.572972
    2268   -0.572972
    2269   -0.571525
    2270   -0.571525
    2271   -0.569913
    2272   -0.569913
    2273   -0.568093
    2274   -0.568093
    2275   -0.566072
    2276   -0.566072
    2277   -0.563947
    2278   -0.563947
    2279   -0.561765
    2280   -0.561765
    2281   -0.559522
    2282   -0.559522
    2283   -0.557196
    2284   -0.557196
    2285   -0.554761
    2286   -0.554761
    2287   -0.552219
    2288   -0.552219
    2289   -0.549591
    2290   -0.549591
    2291   -0.546897
    2292   -0.546897
    2293   -0.544145
    2294   -0.544145
    2295   -0.541445
    2296   -0.541445
    2297   -0.539257
    2298   -0.539257
    2299   -0.537993
    2300   -0.537993
    2301   -0.537464
    2302   -0.537464
    2303   -0.537267
    2304   -0.537267
    2305   -0.537157
    2306   -0.537157
    2307   -0.536941
    2308   -0.536941
    2309   -0.536503
    2310   -0.536503
    2311   -0.535818
    2312   -0.535818
    2313   -0.534848
    2314   -0.534848
    2315   -0.533609
    2316   -0.533609
    2317   -0.532172
    2318   -0.532172
    2319   -0.530538
    2320   -0.530538
    2321   -0.528643
    2322   -0.528643
    2323   -0.526434
    2324   -0.526434
    2325   -0.523928
    2326   -0.523928
    2327   -0.521123
    2328   -0.521123
    2329   -0.517969
    2330   -0.517969
    2331   -0.514486
    2332   -0.514486
    2333   -0.510730
    2334   -0.510730
    2335   -0.506677
    2336   -0.506677
    2337   -0.502247
    2338   -0.502247
    2339   -0.497306
    2340   -0.497306
    2341   -0.491758
    2342   -0.491758
    2343   -0.485566
    2344   -0.485566
    2345   -0.478773
    2346   -0.478773
    2347   -0.471393
    2348   -0.471393
    2349   -0.463385
    2350   -0.463385
    2351   -0.454728
    2352   -0.454728
    2353   -0.445262
    2354   -0.445262
    2355   -0.434646
    2356   -0.434646
    2357   -0.422385
    2358   -0.422385
    2359   -0.407953
    2360   -0.407953
    2361   -0.391765
    2362   -0.391765
    2363   -0.374005
    2364   -0.374005
    2365   -0.353096
    2366   -0.353096
    2367   -0.327730
    2368   -0.327730
    2369   -0.297047
    2370   -0.297047
    2371   -0.260655
    2372   -0.260655
    2373   -0.220759
    2374   -0.220759
    2375   -0.187838
    2376   -0.187838
    2377   -0.740798
    2378   -0.740798
    2379   -0.742787
    2380   -0.742787
    2381   -0.745554
    2382   -0.745554
    2383   -0.748319
    2384   -0.748319
    2385   -0.750817
    2386   -0.750817
    2387   -0.752394
    2388   -0.752394
    2389   -0.752992
    2390   -0.752992
    2391   -0.752902
    2392   -0.752902
    2393   -0.752442
    2394   -0.752442
    2395   -0.752068
    2396   -0.752068
    2397   -0.751958
    2398   -0.751958
    2399   -0.752041
    2400   -0.752041
    2401   -0.752214
    2402   -0.752214
    2403   -0.752322
    2404   -0.752322
    2405   -0.752331
    2406   -0.752331
    2407   -0.752319
    2408   -0.752319
    2409   -0.752283
    2410   -0.752283
    2411   -0.752131
    2412   -0.752131
    2413   -0.751846
    2414   -0.751846
    2415   -0.751496
    2416   -0.751496
    2417   -0.751097
    2418   -0.751097
    2419   -0.750616
    2420   -0.750616
    2421   -0.750050
    2422   -0.750050
    2423   -0.749416
    2424   -0.749416
    2425   -0.748731
    2426   -0.748731
    2427   -0.748008
    2428   -0.748008
    2429   -0.747232
    2430   -0.747232
    2431   -0.746380
    2432   -0.746380
    2433   -0.745468
    2434   -0.745468
    2435   -0.744520
    2436   -0.744520
    2437   -0.743536
    2438   -0.743536
    2439   -0.742499
    2440   -0.742499
    2441   -0.741413
    2442   -0.741413
    2443   -0.740285
    2444   -0.740285
    2445   -0.739112
    2446   -0.739112
    2447   -0.737888
    2448   -0.737888
    2449   -0.736621
    2450   -0.736621
    2451   -0.735328
    2452   -0.735328
    2453   -0.734019
    2454   -0.734019
    2455   -0.732699
    2456   -0.732699
    2457   -0.731342
    2458   -0.731342
    2459   -0.729898
    2460   -0.729898
    2461   -0.728366
    2462   -0.728366
    2463   -0.726801
    2464   -0.726801
    2465   -0.725180
    2466   -0.725180
    2467   -0.723423
    2468   -0.723423
    2469   -0.721505
    2470   -0.721505
    2471   -0.719407
    2472   -0.719407
    2473   -0.717136
    2474   -0.717136
    2475   -0.714741
    2476   -0.714741
    2477   -0.712237
    2478   -0.712237
    2479   -0.709641
    2480   -0.709641
    2481   -0.706954
    2482   -0.706954
    2483   -0.704139
    2484   -0.704139
    2485   -0.701186
    2486   -0.701186
    2487   -0.698127
    2488   -0.698127
    2489   -0.695013
    2490   -0.695013
    2491   -0.691862
    2492   -0.691862
    2493   -0.688773
    2494   -0.688773
    2495   -0.686280
    2496   -0.686280
    2497   -0.684877
    2498   -0.684877
    2499   -0.684273
    2500   -0.684273
    2501   -0.683967
    2502   -0.683967
    2503   -0.683740
    2504   -0.683740
    2505   -0.683381
    2506   -0.683381
    2507   -0.682717
    2508   -0.682717
    2509   -0.681717
    2510   -0.681717
    2511   -0.680388
    2512   -0.680388
    2513   -0.678733
    2514   -0.678733
    2515   -0.676825
    2516   -0.676825
    2517   -0.674696
    2518   -0.674696
    2519   -0.672210
    2520   -0.672210
    2521   -0.669289
    2522   -0.669289
    2523   -0.666018
    2524   -0.666018
    2525   -0.662427
    2526   -0.662427
    2527   -0.658466
    2528   -0.658466
    2529   -0.654118
    2530   -0.654118
    2531   -0.649385
    2532   -0.649385
    2533   -0.644224
    2534   -0.644224
    2535   -0.638616
    2536   -0.638616
    2537   -0.632441
    2538   -0.632441
    2539   -0.625577
    2540   -0.625577
    2541   -0.618026
    2542   -0.618026
    2543   -0.609810
    2544   -0.609810
    2545   -0.600886
    2546   -0.600886
    2547   -0.591185
    2548   -0.591185
    2549   -0.580715
    2550   -0.580715
    2551   -0.569405
    2552   -0.569405
    2553   -0.556872
    2554   -0.556872
    2555   -0.542470
    2556   -0.542470
    2557   -0.525312
    2558   -0.525312
    2559   -0.505390
    2560   -0.505390
    2561   -0.483198
    2562   -0.483198
    2563   -0.457749
    2564   -0.457749
    2565   -0.427339
    2566   -0.427339
    2567   -0.390020
    2568   -0.390020
    2569   -0.344970
    2570   -0.344970
    2571   -0.294734
    2572   -0.294734
    2573   -0.252599
    2574   -0.252599
    2575   -0.939885
    2576   -0.939885
    2577   -0.944176
    2578   -0.944176
    2579   -0.950237
    2580   -0.950237
    2581   -0.956450
    2582   -0.956450
    2583   -0.962342
    2584   -0.962342
    2585   -0.966116
    2586   -0.966116
    2587   -0.967547
    2588   -0.967547
    2589   -0.967714
    2590   -0.967714
    2591   -0.967360
    2592   -0.967360
    2593   -0.967070
    2594   -0.967070
    2595   -0.967034
    2596   -0.967034
    2597   -0.967128
    2598   -0.967128
    2599   -0.967264
    2600   -0.967264
    2601   -0.967375
    2602   -0.967375
    2603   -0.967436
    2604   -0.967436
    2605   -0.967450
    2606   -0.967450
    2607   -0.967395
    2608   -0.967395
    2609   -0.967224
    2610   -0.967224
    2611   -0.966933
    2612   -0.966933
    2613   -0.966560
    2614   -0.966560
    2615   -0.966119
    2616   -0.966119
    2617   -0.965581
    2618   -0.965581
    2619   -0.964939
    2620   -0.964939
    2621   -0.964192
    2622   -0.964192
    2623   -0.963361
    2624   -0.963361
    2625   -0.962493
    2626   -0.962493
    2627   -0.961580
    2628   -0.961580
    2629   -0.960577
    2630   -0.960577
    2631   -0.959480
    2632   -0.959480
    2633   -0.958322
    2634   -0.958322
    2635   -0.957112
    2636   -0.957112
    2637   -0.955845
    2638   -0.955845
    2639   -0.954520
    2640   -0.954520
    2641   -0.953143
    2642   -0.953143
    2643   -0.951709
    2644   -0.951709
    2645   -0.950204
    2646   -0.950204
    2647   -0.948635
    2648   -0.948635
    2649   -0.947031
    2650   -0.947031
    2651   -0.945392
    2652   -0.945392
    2653   -0.943714
    2654   -0.943714
    2655   -0.941995
    2656   -0.941995
    2657   -0.940198
    2658   -0.940198
    2659   -0.938296
    2660   -0.938296
    2661   -0.936291
    2662   -0.936291
    2663   -0.934173
    2664   -0.934173
    2665   -0.931939
    2666   -0.931939
    2667   -0.929592
    2668   -0.929592
    2669   -0.927131
    2670   -0.927131
    2671   -0.924554
    2672   -0.924554
    2673   -0.921850
    2674   -0.921850
    2675   -0.918982
    2676   -0.918982
    2677   -0.915925
    2678   -0.915925
    2679   -0.912700
    2680   -0.912700
    2681   -0.909317
    2682   -0.909317
    2683   -0.905757
    2684   -0.905757
    2685   -0.902011
    2686   -0.902011
    2687   -0.898120
    2688   -0.898120
    2689   -0.894139
    2690   -0.894139
    2691   -0.890180
    2692   -0.890180
    2693   -0.886747
    2694   -0.886747
    2695   -0.884527
    2696   -0.884527
    2697   -0.883376
    2698   -0.883376
    2699   -0.882598
    2700   -0.882598
    2701   -0.881819
    2702   -0.881819
    2703   -0.880845
    2704   -0.880845
    2705   -0.879529
    2706   -0.879529
    2707   -0.877843
    2708   -0.877843
    2709   -0.875880
    2710   -0.875880
    2711   -0.873603
    2712   -0.873603
    2713   -0.870925
    2714   -0.870925
    2715   -0.867885
    2716   -0.867885
    2717   -0.864394
    2718   -0.864394
    2719   -0.860410
    2720   -0.860410
    2721   -0.856018
    2722   -0.856018
    2723   -0.851244
    2724   -0.851244
    2725   -0.846095
    2726   -0.846095
    2727   -0.840495
    2728   -0.840495
    2729   -0.834313
    2730   -0.834313
    2731   -0.827483
    2732   -0.827483
    2733   -0.820033
    2734   -0.820033
    2735   -0.811913
    2736   -0.811913
    2737   -0.803073
    2738   -0.803073
    2739   -0.793546
    2740   -0.793546
    2741   -0.783294
    2742   -0.783294
    2743   -0.772191
    2744   -0.772191
    2745   -0.760069
    2746   -0.760069
    2747   -0.746827
    2748   -0.746827
    2749   -0.732433
    2750   -0.732433
    2751   -0.716598
    2752   -0.716598
    2753   -0.698695
    2754   -0.698695
    2755   -0.677923
    2756   -0.677923
    2757   -0.653844
    2758   -0.653844
    2759   -0.626101
    2760   -0.626101
    2761   -0.594125
    2762   -0.594125
    2763   -0.556678
    2764   -0.556678
    2765   -0.510865
    2766   -0.510865
    2767   -0.455344
    2768   -0.455344
    2769   -0.392809
    2770   -0.392809
    2771   -0.339650
    2772   -0.339650
    2773   -1.200501
    2774   -1.200501
    2775   -1.207479
    2776   -1.207479
    2777   -1.216868
    2778   -1.216868
    2779   -1.225165
    2780   -1.225165
    2781   -1.232362
    2782   -1.232362
    2783   -1.237294
    2784   -1.237294
    2785   -1.239878
    2786   -1.239878
    2787   -1.241379
    2788   -1.241379
    2789   -1.242515
    2790   -1.242515
    2791   -1.243453
    2792   -1.243453
    2793   -1.244237
    2794   -1.244237
    2795   -1.244892
    2796   -1.244892
    2797   -1.245424
    2798   -1.245424
    2799   -1.245818
    2800   -1.245818
    2801   -1.246081
    2802   -1.246081
    2803   -1.246221
    2804   -1.246221
    2805   -1.246217
    2806   -1.246217
    2807   -1.246047
    2808   -1.246047
    2809   -1.245730
    2810   -1.245730
    2811   -1.245327
    2812   -1.245327
    2813   -1.244851
    2814   -1.244851
    2815   -1.244246
    2816   -1.244246
    2817   -1.243491
    2818   -1.243491
    2819   -1.242609
    2820   -1.242609
    2821   -1.241620
    2822   -1.241620
    2823   -1.240547
    2824   -1.240547
    2825   -1.239392
    2826   -1.239392
    2827   -1.238136
    2828   -1.238136
    2829   -1.236769
    2830   -1.236769
    2831   -1.235309
    2832   -1.235309
    2833   -1.233776
    2834   -1.233776
    2835   -1.232174
    2836   -1.232174
    2837   -1.230502
    2838   -1.230502
    2839   -1.228752
    2840   -1.228752
    2841   -1.226923
    2842   -1.226923
    2843   -1.225016
    2844   -1.225016
    2845   -1.223028
    2846   -1.223028
    2847   -1.220961
    2848   -1.220961
    2849   -1.218805
    2850   -1.218805
    2851   -1.216556
    2852   -1.216556
    2853   -1.214224
    2854   -1.214224
    2855   -1.211806
    2856   -1.211806
    2857   -1.209273
    2858   -1.209273
    2859   -1.206594
    2860   -1.206594
    2861   -1.203770
    2862   -1.203770
    2863   -1.200831
    2864   -1.200831
    2865   -1.197789
    2866   -1.197789
    2867   -1.194657
    2868   -1.194657
    2869   -1.191432
    2870   -1.191432
    2871   -1.188092
    2872   -1.188092
    2873   -1.184565
    2874   -1.184565
    2875   -1.180774
    2876   -1.180774
    2877   -1.176732
    2878   -1.176732
    2879   -1.172466
    2880   -1.172466
    2881   -1.167959
    2882   -1.167959
    2883   -1.163191
    2884   -1.163191
    2885   -1.158158
    2886   -1.158158
    2887   -1.152902
    2888   -1.152902
    2889   -1.147630
    2890   -1.147630
    2891   -1.142910
    2892   -1.142910
    2893   -1.139537
    2894   -1.139537
    2895   -1.137454
    2896   -1.137454
    2897   -1.135778
    2898   -1.135778
    2899   -1.133999
    2900   -1.133999
    2901   -1.131955
    2902   -1.131955
    2903   -1.129479
    2904   -1.129479
    2905   -1.126573
    2906   -1.126573
    2907   -1.123493
    2908   -1.123493
    2909   -1.120195
    2910   -1.120195
    2911   -1.116315
    2912   -1.116315
    2913   -1.111805
    2914   -1.111805
    2915   -1.106814
    2916   -1.106814
    2917   -1.101361
    2918   -1.101361
    2919   -1.095327
    2920   -1.095327
    2921   -1.088719
    2922   -1.088719
    2923   -1.081674
    2924   -1.081674
    2925   -1.074069
    2926   -1.074069
    2927   -1.065632
    2928   -1.065632
    2929   -1.056285
    2930   -1.056285
    2931   -1.046156
    2932   -1.046156
    2933   -1.035291
    2934   -1.035291
    2935   -1.023552
    2936   -1.023552
    2937   -1.010911
    2938   -1.010911
    2939   -0.997436
    2940   -0.997436
    2941   -0.982950
    2942   -0.982950
    2943   -0.967045
    2944   -0.967045
    2945   -0.949510
    2946   -0.949510
    2947   -0.930448
    2948   -0.930448
    2949   -0.909634
    2950   -0.909634
    2951   -0.886377
    2952   -0.886377
    2953   -0.860051
    2954   -0.860051
    2955   -0.830231
    2956   -0.830231
    2957   -0.795571
    2958   -0.795571
    2959   -0.754828
    2960   -0.754828
    2961   -0.707095
    2962   -0.707095
    2963   -0.649920
    2964   -0.649920
    2965   -0.581941
    2966   -0.581941
    2967   -0.505421
    2968   -0.505421
    2969   -0.440070
    2970   -0.440070
    2971   -1.545127
    2972   -1.545127
    2973   -1.554801
    2974   -1.554801
    2975   -1.566845
    2976   -1.566845
    2977   -1.575551
    2978   -1.575551
    2979   -1.582081
    2980   -1.582081
    2981   -1.587242
    2982   -1.587242
    2983   -1.591331
    2984   -1.591331
    2985   -1.595219
    2986   -1.595219
    2987   -1.599141
    2988   -1.599141
    2989   -1.602364
    2990   -1.602364
    2991   -1.604708
    2992   -1.604708
    2993   -1.606553
    2994   -1.606553
    2995   -1.608038
    2996   -1.608038
    2997   -1.609111
    2998   -1.609111
    2999   -1.609804
    3000   -1.609804
    3001   -1.610214
    3002   -1.610214
    3003   -1.610371
    3004   -1.610371
    3005   -1.610269
    3006   -1.610269
    3007   -1.609947
    3008   -1.609947
    3009   -1.609490
    3010   -1.609490
    3011   -1.608923
    3012   -1.608923
    3013   -1.608175
    3014   -1.608175
    3015   -1.607221
    3016   -1.607221
    3017   -1.606119
    3018   -1.606119
    3019   -1.604896
    3020   -1.604896
    3021   -1.603509
    3022   -1.603509
    3023   -1.601943
    3024   -1.601943
    3025   -1.600230
    3026   -1.600230
    3027   -1.598387
    3028   -1.598387
    3029   -1.596430
    3030   -1.596430
    3031   -1.594371
    3032   -1.594371
    3033   -1.592216
    3034   -1.592216
    3035   -1.589965
    3036   -1.589965
    3037   -1.587597
    3038   -1.587597
    3039   -1.585117
    3040   -1.585117
    3041   -1.582553
    3042   -1.582553
    3043   -1.579893
    3044   -1.579893
    3045   -1.577079
    3046   -1.577079
    3047   -1.574088
    3048   -1.574088
    3049   -1.570926
    3050   -1.570926
    3051   -1.567599
    3052   -1.567599
    3053   -1.564132
    3054   -1.564132
    3055   -1.560530
    3056   -1.560530
    3057   -1.556764
    3058   -1.556764
    3059   -1.552833
    3060   -1.552833
    3061   -1.548754
    3062   -1.548754
    3063   -1.544536
    3064   -1.544536
    3065   -1.540200
    3066   -1.540200
    3067   -1.535741
    3068   -1.535741
    3069   -1.531139
    3070   -1.531139
    3071   -1.526336
    3072   -1.526336
    3073   -1.521242
    3074   -1.521242
    3075   -1.515833
    3076   -1.515833
    3077   -1.510109
    3078   -1.510109
    3079   -1.504057
    3080   -1.504057
    3081   -1.497685
    3082   -1.497685
    3083   -1.490958
    3084   -1.490958
    3085   -1.483847
    3086   -1.483847
    3087   -1.476697
    3088   -1.476697
    3089   -1.470330
    3090   -1.470330
    3091   -1.465582
    3092   -1.465582
    3093   -1.462260
    3094   -1.462260
    3095   -1.459295
    3096   -1.459295
    3097   -1.456138
    3098   -1.456138
    3099   -1.452671
    3100   -1.452671
    3101   -1.448639
    3102   -1.448639
    3103   -1.444013
    3104   -1.444013
    3105   -1.439048
    3106   -1.439048
    3107   -1.433779
    3108   -1.433779
    3109   -1.427838
    3110   -1.427838
    3111   -1.421030
    3112   -1.421030
    3113   -1.413660
    3114   -1.413660
    3115   -1.405791
    3116   -1.405791
    3117   -1.397079
    3118   -1.397079
    3119   -1.387487
    3120   -1.387487
    3121   -1.377214
    3122   -1.377214
    3123   -1.366166
    3124   -1.366166
    3125   -1.354077
    3126   -1.354077
    3127   -1.340860
    3128   -1.340860
    3129   -1.326677
    3130   -1.326677
    3131   -1.311628
    3132   -1.311628
    3133   -1.295395
    3134   -1.295395
    3135   -1.277798
    3136   -1.277798
    3137   -1.259004
    3138   -1.259004
    3139   -1.238844
    3140   -1.238844
    3141   -1.216761
    3142   -1.216761
    3143   -1.192473
    3144   -1.192473
    3145   -1.166072
    3146   -1.166072
    3147   -1.137320
    3148   -1.137320
    3149   -1.105552
    3150   -1.105552
    3151   -1.070044
    3152   -1.070044
    3153   -1.030201
    3154   -1.030201
    3155   -0.984448
    3156   -0.984448
    3157   -0.930695
    3158   -0.930695
    3159   -0.867443
    3160   -0.867443
    3161   -0.793610
    3162   -0.793610
    3163   -0.708431
    3164   -0.708431
    3165   -0.613795
    3166   -0.613795
    3167   -0.533782
    3168   -0.533782
    3169   -2.060898
    3170   -2.060898
    3171   -2.074671
    3172   -2.074671
    3173   -2.091219
    3174   -2.091219
    3175   -2.102553
    3176   -2.102553
    3177   -2.110874
    3178   -2.110874
    3179   -2.118054
    3180   -2.118054
    3181   -2.124749
    3182   -2.124749
    3183   -2.131725
    3184   -2.131725
    3185   -2.138816
    3186   -2.138816
    3187   -2.144734
    3188   -2.144734
    3189   -2.149153
    3190   -2.149153
    3191   -2.152646
    3192   -2.152646
    3193   -2.155457
    3194   -2.155457
    3195   -2.157525
    3196   -2.157525
    3197   -2.158886
    3198   -2.158886
    3199   -2.159691
    3200   -2.159691
    3201   -2.160054
    3202   -2.160054
    3203   -2.160042
    3204   -2.160042
    3205   -2.159693
    3206   -2.159693
    3207   -2.159039
    3208   -2.159039
    3209   -2.158137
    3210   -2.158137
    3211   -2.157023
    3212   -2.157023
    3213   -2.155678
    3214   -2.155678
    3215   -2.154096
    3216   -2.154096
    3217   -2.152303
    3218   -2.152303
    3219   -2.150293
    3220   -2.150293
    3221   -2.148034
    3222   -2.148034
    3223   -2.145514
    3224   -2.145514
    3225   -2.142777
    3226   -2.142777
    3227   -2.139905
    3228   -2.139905
    3229   -2.136908
    3230   -2.136908
    3231   -2.133725
    3232   -2.133725
    3233   -2.130362
    3234   -2.130362
    3235   -2.126868
    3236   -2.126868
    3237   -2.123242
    3238   -2.123242
    3239   -2.119448
    3240   -2.119448
    3241   -2.115461
    3242   -2.115461
    3243   -2.111268
    3244   -2.111268
    3245   -2.106843
    3246   -2.106843
    3247   -2.102114
    3248   -2.102114
    3249   -2.097071
    3250   -2.097071
    3251   -2.091820
    3252   -2.091820
    3253   -2.086377
    3254   -2.086377
    3255   -2.080629
    3256   -2.080629
    3257   -2.074605
    3258   -2.074605
    3259   -2.068453
    3260   -2.068453
    3261   -2.062202
    3262   -2.062202
    3263   -2.055769
    3264   -2.055769
    3265   -2.049113
    3266   -2.049113
    3267   -2.042257
    3268   -2.042257
    3269   -2.035133
    3270   -2.035133
    3271   -2.027575
    3272   -2.027575
    3273   -2.019550
    3274   -2.019550
    3275   -2.011159
    3276   -2.011159
    3277   -2.002388
    3278   -2.002388
    3279   -1.993111
    3280   -1.993111
    3281   -1.983302
    3282   -1.983302
    3283   -1.973063
    3284   -1.973063
    3285   -1.962684
    3286   -1.962684
    3287   -1.953078
    3288   -1.953078
    3289   -1.945605
    3290   -1.945605
    3291   -1.940225
    3292   -1.940225
    3293   -1.935352
    3294   -1.935352
    3295   -1.930029
    3296   -1.930029
    3297   -1.924173
    3298   -1.924173
    3299   -1.917676
    3300   -1.917676
    3301   -1.910382
    3302   -1.910382
    3303   -1.902164
    3304   -1.902164
    3305   -1.893136
    3306   -1.893136
    3307   -1.883417
    3308   -1.883417
    3309   -1.872760
    3310   -1.872760
    3311   -1.861101
    3312   -1.861101
    3313   -1.848531
    3314   -1.848531
    3315   -1.835049
    3316   -1.835049
    3317   -1.820492
    3318   -1.820492
    3319   -1.804508
    3320   -1.804508
    3321   -1.787104
    3322   -1.787104
    3323   -1.768642
    3324   -1.768642
    3325   -1.749023
    3326   -1.749023
    3327   -1.727800
    3328   -1.727800
    3329   -1.705022
    3330   -1.705022
    3331   -1.680834
    3332   -1.680834
    3333   -1.654902
    3334   -1.654902
    3335   -1.626689
    3336   -1.626689
    3337   -1.596068
    3338   -1.596068
    3339   -1.563182
    3340   -1.563182
    3341   -1.527586
    3342   -1.527586
    3343   -1.488335
    3344   -1.488335
    3345   -1.445116
    3346   -1.445116
    3347   -1.398156
    3348   -1.398156
    3349   -1.346489
    3350   -1.346489
    3351   -1.288120
    3352   -1.288120
    3353   -1.221240
    3354   -1.221240
    3355   -1.144120
    3356   -1.144120
    3357   -1.054696
    3358   -1.054696
    3359   -0.952028
    3360   -0.952028
    3361   -0.835703
    3362   -0.835703
    3363   -0.710014
    3364   -0.710014
    3365   -0.606804
    3366   -0.606804
    3367   -2.975964
    3368   -2.975964
    3369   -2.998425
    3370   -2.998425
    3371   -3.025615
    3372   -3.025615
    3373   -3.045425
    3374   -3.045425
    3375   -3.060887
    3376   -3.060887
    3377   -3.073944
    3378   -3.073944
    3379   -3.085819
    3380   -3.085819
    3381   -3.097571
    3382   -3.097571
    3383   -3.108910
    3384   -3.108910
    3385   -3.118520
    3386   -3.118520
    3387   -3.126022
    3388   -3.126022
    3389   -3.132020
    3390   -3.132020
    3391   -3.136862
    3392   -3.136862
    3393   -3.140497
    3394   -3.140497
    3395   -3.142925
    3396   -3.142925
    3397   -3.144302
    3398   -3.144302
    3399   -3.144886
    3400   -3.144886
    3401   -3.144945
    3402   -3.144945
    3403   -3.144500
    3404   -3.144500
    3405   -3.143400
    3406   -3.143400
    3407   -3.141757
    3408   -3.141757
    3409   -3.139868
    3410   -3.139868
    3411   -3.137725
    3412   -3.137725
    3413   -3.135110
    3414   -3.135110
    3415   -3.132054
    3416   -3.132054
    3417   -3.128775
    3418   -3.128775
    3419   -3.125239
    3420   -3.125239
    3421   -3.121195
    3422   -3.121195
    3423   -3.116685
    3424   -3.116685
    3425   -3.112035
    3426   -3.112035
    3427   -3.107263
    3428   -3.107263
    3429   -3.102074
    3430   -3.102074
    3431   -3.096482
    3432   -3.096482
    3433   -3.090815
    3434   -3.090815
    3435   -3.085058
    3436   -3.085058
    3437   -3.078856
    3438   -3.078856
    3439   -3.072187
    3440   -3.072187
    3441   -3.065338
    3442   -3.065338
    3443   -3.058254
    3444   -3.058254
    3445   -3.050559
    3446   -3.050559
    3447   -3.042253
    3448   -3.042253
    3449   -3.033703
    3450   -3.033703
    3451   -3.024865
    3452   -3.024865
    3453   -3.015287
    3454   -3.015287
    3455   -3.005089
    3456   -3.005089
    3457   -2.994940
    3458   -2.994940
    3459   -2.984920
    3460   -2.984920
    3461   -2.974562
    3462   -2.974562
    3463   -2.963747
    3464   -2.963747
    3465   -2.952679
    3466   -2.952679
    3467   -2.941209
    3468   -2.941209
    3469   -2.928822
    3470   -2.928822
    3471   -2.915522
    3472   -2.915522
    3473   -2.901895
    3474   -2.901895
    3475   -2.887910
    3476   -2.887910
    3477   -2.872885
    3478   -2.872885
    3479   -2.856852
    3480   -2.856852
    3481   -2.840602
    3482   -2.840602
    3483   -2.824156
    3484   -2.824156
    3485   -2.807846
    3486   -2.807846
    3487   -2.794346
    3488   -2.794346
    3489   -2.784867
    3490   -2.784867
    3491   -2.776895
    3492   -2.776895
    3493   -2.767874
    3494   -2.767874
    3495   -2.757419
    3496   -2.757419
    3497   -2.746267
    3498   -2.746267
    3499   -2.734257
    3500   -2.734257
    3501   -2.720288
    3502   -2.720288
    3503   -2.704457
    3504   -2.704457
    3505   -2.687940
    3506   -2.687940
    3507   -2.670531
    3508   -2.670531
    3509   -2.650942
    3510   -2.650942
    3511   -2.629304
    3512   -2.629304
    3513   -2.607010
    3514   -2.607010
    3515   -2.583665
    3516   -2.583665
    3517   -2.557174
    3518   -2.557174
    3519   -2.527641
    3520   -2.527641
    3521   -2.497252
    3522   -2.497252
    3523   -2.465901
    3524   -2.465901
    3525   -2.431219
    3526   -2.431219
    3527   -2.393107
    3528   -2.393107
    3529   -2.353593
    3530   -2.353593
    3531   -2.312197
    3532   -2.312197
    3533   -2.266047
    3534   -2.266047
    3535   -2.215031
    3536   -2.215031
    3537   -2.161678
    3538   -2.161678
    3539   -2.105207
    3540   -2.105207
    3541   -2.041560
    3542   -2.041560
    3543   -1.970222
    3544   -1.970222
    3545   -1.894113
    3546   -1.894113
    3547   -1.811894
    3548   -1.811894
    3549   -1.717879
    3550   -1.717879
    3551   -1.609386
    3552   -1.609386
    3553   -1.486829
    3554   -1.486829
    3555   -1.347826
    3556   -1.347826
    3557   -1.188678
    3558   -1.188678
    3559   -1.008683
    3560   -1.008683
    3561   -0.819767
    3562   -0.819767
    3563   -0.669492
    3564   -0.669492
    3565   -4.734949
    3566   -4.734949
    3567   -4.775809
    3568   -4.775809
    3569   -4.825297
    3570   -4.825297
    3571   -4.861432
    3572   -4.861432
    3573   -4.889934
    3574   -4.889934
    3575   -4.913806
    3576   -4.913806
    3577   -4.935645
    3578   -4.935645
    3579   -4.956660
    3580   -4.956660
    3581   -4.976353
    3582   -4.976353
    3583   -4.993028
    3584   -4.993028
    3585   -5.006170
    3586   -5.006170
    3587   -5.016782
    3588   -5.016782
    3589   -5.025445
    3590   -5.025445
    3591   -5.032001
    3592   -5.032001
    3593   -5.036371
    3594   -5.036371
    3595   -5.038740
    3596   -5.038740
    3597   -5.039637
    3598   -5.039637
    3599   -5.039779
    3600   -5.039779
    3601   -5.039158
    3602   -5.039158
    3603   -5.037232
    3604   -5.037232
    3605   -5.034196
    3606   -5.034196
    3607   -5.030822
    3608   -5.030822
    3609   -5.027108
    3610   -5.027108
    3611   -5.022436
    3612   -5.022436
    3613   -5.016862
    3614   -5.016862
    3615   -5.011115
    3616   -5.011115
    3617   -5.005163
    3618   -5.005163
    3619   -4.998164
    3620   -4.998164
    3621   -4.990155
    3622   -4.990155
    3623   -4.982061
    3624   -4.982061
    3625   -4.973932
    3626   -4.973932
    3627   -4.964874
    3628   -4.964874
    3629   -4.954896
    3630   -4.954896
    3631   -4.945028
    3632   -4.945028
    3633   -4.935241
    3634   -4.935241
    3635   -4.924419
    3636   -4.924419
    3637   -4.912546
    3638   -4.912546
    3639   -4.900622
    3640   -4.900622
    3641   -4.888489
    3642   -4.888489
    3643   -4.875047
    3644   -4.875047
    3645   -4.860374
    3646   -4.860374
    3647   -4.845504
    3648   -4.845504
    3649   -4.830266
    3650   -4.830266
    3651   -4.813322
    3652   -4.813322
    3653   -4.794951
    3654   -4.794951
    3655   -4.777087
    3656   -4.777087
    3657   -4.759918
    3658   -4.759918
    3659   -4.742002
    3660   -4.742002
    3661   -4.723089
    3662   -4.723089
    3663   -4.703929
    3664   -4.703929
    3665   -4.684181
    3666   -4.684181
    3667   -4.662385
    3668   -4.662385
    3669   -4.638628
    3670   -4.638628
    3671   -4.614741
    3672   -4.614741
    3673   -4.590677
    3674   -4.590677
    3675   -4.564410
    3676   -4.564410
    3677   -4.536051
    3678   -4.536051
    3679   -4.507949
    3680   -4.507949
    3681   -4.479801
    3682   -4.479801
    3683   -4.450641
    3684   -4.450641
    3685   -4.425353
    3686   -4.425353
    3687   -4.407881
    3688   -4.407881
    3689   -4.394638
    3690   -4.394638
    3691   -4.379411
    3692   -4.379411
    3693   -4.360207
    3694   -4.360207
    3695   -4.340117
    3696   -4.340117
    3697   -4.319532
    3698   -4.319532
    3699   -4.294956
    3700   -4.294956
    3701   -4.266368
    3702   -4.266368
    3703   -4.237302
    3704   -4.237302
    3705   -4.207534
    3706   -4.207534
    3707   -4.173093
    3708   -4.173093
    3709   -4.134263
    3710   -4.134263
    3711   -4.095448
    3712   -4.095448
    3713   -4.055832
    3714   -4.055832
    3715   -4.009505
    3716   -4.009505
    3717   -3.956677
    3718   -3.956677
    3719   -3.903614
    3720   -3.903614
    3721   -3.850167
    3722   -3.850167
    3723   -3.789522
    3724   -3.789522
    3725   -3.721382
    3726   -3.721382
    3727   -3.652215
    3728   -3.652215
    3729   -3.581380
    3730   -3.581380
    3731   -3.500780
    3732   -3.500780
    3733   -3.410124
    3734   -3.410124
    3735   -3.317403
    3736   -3.317403
    3737   -3.221305
    3738   -3.221305
    3739   -3.110735
    3740   -3.110735
    3741   -2.984754
    3742   -2.984754
    3743   -2.852530
    3744   -2.852530
    3745   -2.712042
    3746   -2.712042
    3747   -2.549466
    3748   -2.549466
    3749   -2.360206
    3750   -2.360206
    3751   -2.149390
    3752   -2.149390
    3753   -1.913827
    3754   -1.913827
    3755   -1.642741
    3756   -1.642741
    3757   -1.333612
    3758   -1.333612
    3759   -1.011765
    3760   -1.011765
    3761   -0.758363
    3762   -0.758363
    3763   -7.452153
    3764   -7.452153
    3765   -7.524057
    3766   -7.524057
    3767   -7.610749
    3768   -7.610749
    3769   -7.670776
    3770   -7.670776
    3771   -7.716913
    3772   -7.716913
    3773   -7.755857
    3774   -7.755857
    3775   -7.792670
    3776   -7.792670
    3777   -7.828111
    3778   -7.828111
    3779   -7.861148
    3780   -7.861148
    3781   -7.888937
    3782   -7.888937
    3783   -7.910635
    3784   -7.910635
    3785   -7.928257
    3786   -7.928257
    3787   -7.942801
    3788   -7.942801
    3789   -7.953793
    3790   -7.953793
    3791   -7.961077
    3792   -7.961077
    3793   -7.964907
    3794   -7.964907
    3795   -7.966207
    3796   -7.966207
    3797   -7.966471
    3798   -7.966471
    3799   -7.965632
    3800   -7.965632
    3801   -7.962453
    3802   -7.962453
    3803   -7.957283
    3804   -7.957283
    3805   -7.951682
    3806   -7.951682
    3807   -7.945611
    3808   -7.945611
    3809   -7.937789
    3810   -7.937789
    3811   -7.928330
    3812   -7.928330
    3813   -7.918833
    3814   -7.918833
    3815   -7.909274
    3816   -7.909274
    3817   -7.897759
    3818   -7.897759
    3819   -7.884319
    3820   -7.884319
    3821   -7.870975
    3822   -7.870975
    3823   -7.857834
    3824   -7.857834
    3825   -7.842887
    3826   -7.842887
    3827   -7.826121
    3828   -7.826121
    3829   -7.809855
    3830   -7.809855
    3831   -7.794044
    3832   -7.794044
    3833   -7.776219
    3834   -7.776219
    3835   -7.756376
    3836   -7.756376
    3837   -7.736764
    3838   -7.736764
    3839   -7.717045
    3840   -7.717045
    3841   -7.694821
    3842   -7.694821
    3843   -7.670319
    3844   -7.670319
    3845   -7.645839
    3846   -7.645839
    3847   -7.621029
    3848   -7.621029
    3849   -7.592894
    3850   -7.592894
    3851   -7.561907
    3852   -7.561907
    3853   -7.532279
    3854   -7.532279
    3855   -7.504367
    3856   -7.504367
    3857   -7.474934
    3858   -7.474934
    3859   -7.443561
    3860   -7.443561
    3861   -7.412091
    3862   -7.412091
    3863   -7.379888
    3864   -7.379888
    3865   -7.343711
    3866   -7.343711
    3867   -7.303766
    3868   -7.303766
    3869   -7.264171
    3870   -7.264171
    3871   -7.224868
    3872   -7.224868
    3873   -7.181403
    3874   -7.181403
    3875   -7.133967
    3876   -7.133967
    3877   -7.087515
    3878   -7.087515
    3879   -7.041254
    3880   -7.041254
    3881   -6.992338
    3882   -6.992338
    3883   -6.949173
    3884   -6.949173
    3885   -6.919742
    3886   -6.919742
    3887   -6.899196
    3888   -6.899196
    3889   -6.875289
    3890   -6.875289
    3891   -6.842666
    3892   -6.842666
    3893   -6.808946
    3894   -6.808946
    3895   -6.775843
    3896   -6.775843
    3897   -6.735301
    3898   -6.735301
    3899   -6.687094
    3900   -6.687094
    3901   -6.639127
    3902   -6.639127
    3903   -6.591066
    3904   -6.591066
    3905   -6.534172
    3906   -6.534172
    3907   -6.469059
    3908   -6.469059
    3909   -6.405393
    3910   -6.405393
    3911   -6.341668
    3912   -6.341668
    3913   -6.265259
    3914   -6.265259
    3915   -6.176544
    3916   -6.176544
    3917   -6.089114
    3918   -6.089114
    3919   -6.002741
    3920   -6.002741
    3921   -5.902579
    3922   -5.902579
    3923   -5.788065
    3924   -5.788065
    3925   -5.673688
    3926   -5.673688
    3927   -5.558649
    3928   -5.558649
    3929   -5.425605
    3930   -5.425605
    3931   -5.273785
    3932   -5.273785
    3933   -5.121100
    3934   -5.121100
    3935   -4.965551
    3936   -4.965551
    3937   -4.783440
    3938   -4.783440
    3939   -4.573213
    3940   -4.573213
    3941   -4.355611
    3942   -4.355611
    3943   -4.127578
    3944   -4.127578
    3945   -3.860760
    3946   -3.860760
    3947   -3.547427
    3948   -3.547427
    3949   -3.201240
    3950   -3.201240
    3951   -2.817564
    3952   -2.817564
    3953   -2.373175
    3954   -2.373175
    3955   -1.860026
    3956   -1.860026
    3957   -1.320166
    3958   -1.320166
    3959   -0.892368
    3960   -0.892368
