       1   -0.016766
       2   -0.016766
       3   -0.016277
       4   -0.016277
       5   -0.015558
       6   -0.015558
       7   -0.014684
       8   -0.014684
       9   -0.013679
      10   -0.013679
      11   -0.013049
      12   -0.013049
      13   -0.012896
      14   -0.012896
      15   -0.012960
      16   -0.012960
      17   -0.013076
      18   -0.013076
      19   -0.013089
      20   -0.013089
      21   -0.012990
      22   -0.012990
      23   -0.012854
      24   -0.012854
      25   -0.012718
      26   -0.012718
      27   -0.012612
      28   -0.012612
      29   -0.012553
      30   -0.012553
      31   -0.012522
      32   -0.012522
      33   -0.012486
      34   -0.012486
      35   -0.012450
      36   -0.012450
      37   -0.012435
      38   -0.012435
      39   -0.012439
      40   -0.012439
      41   -0.012445
      42   -0.012445
      43   -0.012450
      44   -0.012450
      45   -0.012449
      46   -0.012449
      47   -0.012423
      48   -0.012423
      49   -0.012371
      50   -0.012371
      51   -0.012317
      52   -0.012317
      53   -0.012273
      54   -0.012273
      55   -0.012229
      56   -0.012229
      57   -0.012181
      58   -0.012181
      59   -0.012135
      60   -0.012135
      61   -0.012101
      62   -0.012101
      63   -0.012075
      64   -0.012075
      65   -0.012053
      66   -0.012053
      67   -0.012036
      68   -0.012036
      69   -0.012017
      70   -0.012017
      71   -0.011987
      72   -0.011987
      73   -0.011950
      74   -0.011950
      75   -0.011909
      76   -0.011909
      77   -0.011857
      78   -0.011857
      79   -0.011800
      80   -0.011800
      81   -0.011740
      82   -0.011740
      83   -0.011672
      84   -0.011672
      85   -0.011596
      86   -0.011596
      87   -0.011523
      88   -0.011523
      89   -0.011471
      90   -0.011471
      91   -0.011422
      92   -0.011422
      93   -0.011364
      94   -0.011364
      95   -0.011300
      96   -0.011300
      97   -0.011218
      98   -0.011218
      99   -0.011103
     100   -0.011103
     101   -0.010973
     102   -0.010973
     103   -0.010844
     104   -0.010844
     105   -0.010735
     106   -0.010735
     107   -0.010640
     108   -0.010640
     109   -0.010514
     110   -0.010514
     111   -0.010332
     112   -0.010332
     113   -0.010118
     114   -0.010118
     115   -0.009915
     116   -0.009915
     117   -0.009727
     118   -0.009727
     119   -0.009630
     120   -0.009630
     121   -0.009692
     122   -0.009692
     123   -0.009822
     124   -0.009822
     125   -0.009952
     126   -0.009952
     127   -0.010055
     128   -0.010055
     129   -0.010130
     130   -0.010130
     131   -0.010183
     132   -0.010183
     133   -0.010196
     134   -0.010196
     135   -0.010184
     136   -0.010184
     137   -0.010169
     138   -0.010169
     139   -0.010141
     140   -0.010141
     141   -0.010092
     142   -0.010092
     143   -0.010030
     144   -0.010030
     145   -0.009951
     146   -0.009951
     147   -0.009871
     148   -0.009871
     149   -0.009782
     150   -0.009782
     151   -0.009639
     152   -0.009639
     153   -0.009472
     154   -0.009472
     155   -0.009342
     156   -0.009342
     157   -0.009229
     158   -0.009229
     159   -0.009102
     160   -0.009102
     161   -0.008972
     162   -0.008972
     163   -0.008826
     164   -0.008826
     165   -0.008614
     166   -0.008614
     167   -0.008326
     168   -0.008326
     169   -0.007994
     170   -0.007994
     171   -0.007618
     172   -0.007618
     173   -0.007134
     174   -0.007134
     175   -0.006522
     176   -0.006522
     177   -0.005856
     178   -0.005856
     179   -0.005245
     180   -0.005245
     181   -0.004697
     182   -0.004697
     183   -0.004161
     184   -0.004161
     185   -0.003601
     186   -0.003601
     187   -0.003048
     188   -0.003048
     189   -0.002544
     190   -0.002544
     191   -0.002296
     192   -0.002296
     193   -0.001732
     194   -0.001732
     195    0.000546
     196    0.000546
     197    0.003446
     198    0.003446
     199   -0.047657
     200   -0.047657
     201   -0.046440
     202   -0.046440
     203   -0.044701
     204   -0.044701
     205   -0.042622
     206   -0.042622
     207   -0.040240
     208   -0.040240
     209   -0.038761
     210   -0.038761
     211   -0.038401
     212   -0.038401
     213   -0.038504
     214   -0.038504
     215   -0.038682
     216   -0.038682
     217   -0.038593
     218   -0.038593
     219   -0.038238
     220   -0.038238
     221   -0.037807
     222   -0.037807
     223   -0.037395
     224   -0.037395
     225   -0.037086
     226   -0.037086
     227   -0.036921
     228   -0.036921
     229   -0.036832
     230   -0.036832
     231   -0.036732
     232   -0.036732
     233   -0.036635
     234   -0.036635
     235   -0.036596
     236   -0.036596
     237   -0.036604
     238   -0.036604
     239   -0.036614
     240   -0.036614
     241   -0.036618
     242   -0.036618
     243   -0.036606
     244   -0.036606
     245   -0.036530
     246   -0.036530
     247   -0.036392
     248   -0.036392
     249   -0.036251
     250   -0.036251
     251   -0.036128
     252   -0.036128
     253   -0.036002
     254   -0.036002
     255   -0.035867
     256   -0.035867
     257   -0.035747
     258   -0.035747
     259   -0.035659
     260   -0.035659
     261   -0.035592
     262   -0.035592
     263   -0.035530
     264   -0.035530
     265   -0.035476
     266   -0.035476
     267   -0.035417
     268   -0.035417
     269   -0.035334
     270   -0.035334
     271   -0.035233
     272   -0.035233
     273   -0.035119
     274   -0.035119
     275   -0.034975
     276   -0.034975
     277   -0.034810
     278   -0.034810
     279   -0.034623
     280   -0.034623
     281   -0.034420
     282   -0.034420
     283   -0.034210
     284   -0.034210
     285   -0.034013
     286   -0.034013
     287   -0.033854
     288   -0.033854
     289   -0.033708
     290   -0.033708
     291   -0.033547
     292   -0.033547
     293   -0.033352
     294   -0.033352
     295   -0.033094
     296   -0.033094
     297   -0.032773
     298   -0.032773
     299   -0.032439
     300   -0.032439
     301   -0.032118
     302   -0.032118
     303   -0.031822
     304   -0.031822
     305   -0.031533
     306   -0.031533
     307   -0.031171
     308   -0.031171
     309   -0.030688
     310   -0.030688
     311   -0.030144
     312   -0.030144
     313   -0.029613
     314   -0.029613
     315   -0.029075
     316   -0.029075
     317   -0.028755
     318   -0.028755
     319   -0.028877
     320   -0.028877
     321   -0.029234
     322   -0.029234
     323   -0.029601
     324   -0.029601
     325   -0.029877
     326   -0.029877
     327   -0.030067
     328   -0.030067
     329   -0.030210
     330   -0.030210
     331   -0.030294
     332   -0.030294
     333   -0.030299
     334   -0.030299
     335   -0.030238
     336   -0.030238
     337   -0.030163
     338   -0.030163
     339   -0.030078
     340   -0.030078
     341   -0.029911
     342   -0.029911
     343   -0.029652
     344   -0.029652
     345   -0.029417
     346   -0.029417
     347   -0.029183
     348   -0.029183
     349   -0.028779
     350   -0.028779
     351   -0.028278
     352   -0.028278
     353   -0.027912
     354   -0.027912
     355   -0.027627
     356   -0.027627
     357   -0.027250
     358   -0.027250
     359   -0.026796
     360   -0.026796
     361   -0.026330
     362   -0.026330
     363   -0.025769
     364   -0.025769
     365   -0.024988
     366   -0.024988
     367   -0.024030
     368   -0.024030
     369   -0.022970
     370   -0.022970
     371   -0.021677
     372   -0.021677
     373   -0.019986
     374   -0.019986
     375   -0.018089
     376   -0.018089
     377   -0.016389
     378   -0.016389
     379   -0.014940
     380   -0.014940
     381   -0.013541
     382   -0.013541
     383   -0.012082
     384   -0.012082
     385   -0.010648
     386   -0.010648
     387   -0.009311
     388   -0.009311
     389   -0.008425
     390   -0.008425
     391   -0.006874
     392   -0.006874
     393   -0.002186
     394   -0.002186
     395    0.003347
     396    0.003347
     397   -0.074096
     398   -0.074096
     399   -0.072492
     400   -0.072492
     401   -0.070367
     402   -0.070367
     403   -0.068272
     404   -0.068272
     405   -0.066137
     406   -0.066137
     407   -0.064853
     408   -0.064853
     409   -0.064519
     410   -0.064519
     411   -0.064425
     412   -0.064425
     413   -0.064201
     414   -0.064201
     415   -0.063680
     416   -0.063680
     417   -0.062927
     418   -0.062927
     419   -0.062135
     420   -0.062135
     421   -0.061418
     422   -0.061418
     423   -0.060924
     424   -0.060924
     425   -0.060688
     426   -0.060688
     427   -0.060554
     428   -0.060554
     429   -0.060410
     430   -0.060410
     431   -0.060285
     432   -0.060285
     433   -0.060238
     434   -0.060238
     435   -0.060238
     436   -0.060238
     437   -0.060225
     438   -0.060225
     439   -0.060199
     440   -0.060199
     441   -0.060149
     442   -0.060149
     443   -0.060028
     444   -0.060028
     445   -0.059842
     446   -0.059842
     447   -0.059659
     448   -0.059659
     449   -0.059492
     450   -0.059492
     451   -0.059306
     452   -0.059306
     453   -0.059112
     454   -0.059112
     455   -0.058959
     456   -0.058959
     457   -0.058857
     458   -0.058857
     459   -0.058771
     460   -0.058771
     461   -0.058676
     462   -0.058676
     463   -0.058582
     464   -0.058582
     465   -0.058484
     466   -0.058484
     467   -0.058354
     468   -0.058354
     469   -0.058191
     470   -0.058191
     471   -0.058014
     472   -0.058014
     473   -0.057808
     474   -0.057808
     475   -0.057528
     476   -0.057528
     477   -0.057179
     478   -0.057179
     479   -0.056851
     480   -0.056851
     481   -0.056565
     482   -0.056565
     483   -0.056269
     484   -0.056269
     485   -0.055973
     486   -0.055973
     487   -0.055719
     488   -0.055719
     489   -0.055475
     490   -0.055475
     491   -0.055145
     492   -0.055145
     493   -0.054702
     494   -0.054702
     495   -0.054234
     496   -0.054234
     497   -0.053813
     498   -0.053813
     499   -0.053388
     500   -0.053388
     501   -0.052920
     502   -0.052920
     503   -0.052440
     504   -0.052440
     505   -0.051913
     506   -0.051913
     507   -0.051263
     508   -0.051263
     509   -0.050541
     510   -0.050541
     511   -0.049806
     512   -0.049806
     513   -0.049020
     514   -0.049020
     515   -0.048435
     516   -0.048435
     517   -0.048421
     518   -0.048421
     519   -0.048885
     520   -0.048885
     521   -0.049450
     522   -0.049450
     523   -0.049818
     524   -0.049818
     525   -0.050002
     526   -0.050002
     527   -0.050219
     528   -0.050219
     529   -0.050484
     530   -0.050484
     531   -0.050544
     532   -0.050544
     533   -0.050366
     534   -0.050366
     535   -0.050274
     536   -0.050274
     537   -0.050296
     538   -0.050296
     539   -0.050057
     540   -0.050057
     541   -0.049539
     542   -0.049539
     543   -0.049163
     544   -0.049163
     545   -0.048902
     546   -0.048902
     547   -0.048282
     548   -0.048282
     549   -0.047392
     550   -0.047392
     551   -0.046816
     552   -0.046816
     553   -0.046494
     554   -0.046494
     555   -0.045847
     556   -0.045847
     557   -0.044862
     558   -0.044862
     559   -0.044017
     560   -0.044017
     561   -0.043284
     562   -0.043284
     563   -0.042150
     564   -0.042150
     565   -0.040570
     566   -0.040570
     567   -0.038976
     568   -0.038976
     569   -0.037228
     570   -0.037228
     571   -0.034712
     572   -0.034712
     573   -0.031677
     574   -0.031677
     575   -0.029131
     576   -0.029131
     577   -0.027219
     578   -0.027219
     579   -0.025356
     580   -0.025356
     581   -0.023335
     582   -0.023335
     583   -0.021279
     584   -0.021279
     585   -0.019067
     586   -0.019067
     587   -0.016367
     588   -0.016367
     589   -0.012595
     590   -0.012595
     591   -0.007450
     592   -0.007450
     593   -0.002889
     594   -0.002889
     595   -0.098395
     596   -0.098395
     597   -0.096465
     598   -0.096465
     599   -0.094069
     600   -0.094069
     601   -0.092408
     602   -0.092408
     603   -0.091251
     604   -0.091251
     605   -0.090573
     606   -0.090573
     607   -0.090260
     608   -0.090260
     609   -0.089783
     610   -0.089783
     611   -0.088921
     612   -0.088921
     613   -0.087855
     614   -0.087855
     615   -0.086741
     616   -0.086741
     617   -0.085695
     618   -0.085695
     619   -0.084808
     620   -0.084808
     621   -0.084241
     622   -0.084241
     623   -0.083995
     624   -0.083995
     625   -0.083853
     626   -0.083853
     627   -0.083697
     628   -0.083697
     629   -0.083573
     630   -0.083573
     631   -0.083531
     632   -0.083531
     633   -0.083511
     634   -0.083511
     635   -0.083444
     636   -0.083444
     637   -0.083341
     638   -0.083341
     639   -0.083227
     640   -0.083227
     641   -0.083068
     642   -0.083068
     643   -0.082860
     644   -0.082860
     645   -0.082660
     646   -0.082660
     647   -0.082484
     648   -0.082484
     649   -0.082290
     650   -0.082290
     651   -0.082086
     652   -0.082086
     653   -0.081935
     654   -0.081935
     655   -0.081846
     656   -0.081846
     657   -0.081758
     658   -0.081758
     659   -0.081629
     660   -0.081629
     661   -0.081484
     662   -0.081484
     663   -0.081343
     664   -0.081343
     665   -0.081163
     666   -0.081163
     667   -0.080924
     668   -0.080924
     669   -0.080678
     670   -0.080678
     671   -0.080423
     672   -0.080423
     673   -0.080040
     674   -0.080040
     675   -0.079538
     676   -0.079538
     677   -0.079109
     678   -0.079109
     679   -0.078791
     680   -0.078791
     681   -0.078418
     682   -0.078418
     683   -0.077969
     684   -0.077969
     685   -0.077582
     686   -0.077582
     687   -0.077246
     688   -0.077246
     689   -0.076797
     690   -0.076797
     691   -0.076218
     692   -0.076218
     693   -0.075677
     694   -0.075677
     695   -0.075229
     696   -0.075229
     697   -0.074713
     698   -0.074713
     699   -0.074065
     700   -0.074065
     701   -0.073433
     702   -0.073433
     703   -0.072825
     704   -0.072825
     705   -0.072080
     706   -0.072080
     707   -0.071202
     708   -0.071202
     709   -0.070309
     710   -0.070309
     711   -0.069414
     712   -0.069414
     713   -0.068641
     714   -0.068641
     715   -0.068382
     716   -0.068382
     717   -0.068810
     718   -0.068810
     719   -0.069504
     720   -0.069504
     721   -0.069914
     722   -0.069914
     723   -0.070046
     724   -0.070046
     725   -0.070345
     726   -0.070345
     727   -0.070801
     728   -0.070801
     729   -0.070872
     730   -0.070872
     731   -0.070562
     732   -0.070562
     733   -0.070490
     734   -0.070490
     735   -0.070650
     736   -0.070650
     737   -0.070348
     738   -0.070348
     739   -0.069586
     740   -0.069586
     741   -0.069107
     742   -0.069107
     743   -0.068878
     744   -0.068878
     745   -0.068098
     746   -0.068098
     747   -0.066846
     748   -0.066846
     749   -0.066058
     750   -0.066058
     751   -0.065703
     752   -0.065703
     753   -0.064770
     754   -0.064770
     755   -0.063220
     756   -0.063220
     757   -0.062003
     758   -0.062003
     759   -0.061159
     760   -0.061159
     761   -0.059733
     762   -0.059733
     763   -0.057601
     764   -0.057601
     765   -0.055618
     766   -0.055618
     767   -0.053620
     768   -0.053620
     769   -0.050474
     770   -0.050474
     771   -0.046481
     772   -0.046481
     773   -0.043275
     774   -0.043275
     775   -0.041095
     776   -0.041095
     777   -0.038881
     778   -0.038881
     779   -0.036392
     780   -0.036392
     781   -0.033732
     782   -0.033732
     783   -0.030352
     784   -0.030352
     785   -0.024870
     786   -0.024870
     787   -0.017615
     788   -0.017615
     789   -0.011412
     790   -0.011412
     791   -0.007537
     792   -0.007537
     793   -0.123033
     794   -0.123033
     795   -0.120791
     796   -0.120791
     797   -0.117892
     798   -0.117892
     799   -0.115793
     800   -0.115793
     801   -0.114291
     802   -0.114291
     803   -0.113234
     804   -0.113234
     805   -0.112508
     806   -0.112508
     807   -0.111643
     808   -0.111643
     809   -0.110471
     810   -0.110471
     811   -0.109258
     812   -0.109258
     813   -0.108182
     814   -0.108182
     815   -0.107341
     816   -0.107341
     817   -0.106753
     818   -0.106753
     819   -0.106399
     820   -0.106399
     821   -0.106219
     822   -0.106219
     823   -0.106096
     824   -0.106096
     825   -0.105964
     826   -0.105964
     827   -0.105854
     828   -0.105854
     829   -0.105788
     830   -0.105788
     831   -0.105712
     832   -0.105712
     833   -0.105571
     834   -0.105571
     835   -0.105382
     836   -0.105382
     837   -0.105197
     838   -0.105197
     839   -0.105000
     840   -0.105000
     841   -0.104771
     842   -0.104771
     843   -0.104554
     844   -0.104554
     845   -0.104370
     846   -0.104370
     847   -0.104185
     848   -0.104185
     849   -0.103999
     850   -0.103999
     851   -0.103855
     852   -0.103855
     853   -0.103755
     854   -0.103755
     855   -0.103635
     856   -0.103635
     857   -0.103451
     858   -0.103451
     859   -0.103238
     860   -0.103238
     861   -0.103031
     862   -0.103031
     863   -0.102787
     864   -0.102787
     865   -0.102479
     866   -0.102479
     867   -0.102168
     868   -0.102168
     869   -0.101851
     870   -0.101851
     871   -0.101421
     872   -0.101421
     873   -0.100890
     874   -0.100890
     875   -0.100424
     876   -0.100424
     877   -0.100059
     878   -0.100059
     879   -0.099623
     880   -0.099623
     881   -0.099075
     882   -0.099075
     883   -0.098565
     884   -0.098565
     885   -0.098108
     886   -0.098108
     887   -0.097563
     888   -0.097563
     889   -0.096928
     890   -0.096928
     891   -0.096354
     892   -0.096354
     893   -0.095849
     894   -0.095849
     895   -0.095226
     896   -0.095226
     897   -0.094454
     898   -0.094454
     899   -0.093713
     900   -0.093713
     901   -0.092996
     902   -0.092996
     903   -0.092104
     904   -0.092104
     905   -0.091029
     906   -0.091029
     907   -0.089960
     908   -0.089960
     909   -0.088988
     910   -0.088988
     911   -0.088169
     912   -0.088169
     913   -0.087826
     914   -0.087826
     915   -0.088181
     916   -0.088181
     917   -0.088862
     918   -0.088862
     919   -0.089325
     920   -0.089325
     921   -0.089549
     922   -0.089549
     923   -0.089912
     924   -0.089912
     925   -0.090352
     926   -0.090352
     927   -0.090376
     928   -0.090376
     929   -0.090067
     930   -0.090067
     931   -0.089997
     932   -0.089997
     933   -0.090091
     934   -0.090091
     935   -0.089728
     936   -0.089728
     937   -0.088952
     938   -0.088952
     939   -0.088408
     940   -0.088408
     941   -0.088049
     942   -0.088049
     943   -0.087178
     944   -0.087178
     945   -0.085851
     946   -0.085851
     947   -0.084865
     948   -0.084865
     949   -0.084212
     950   -0.084212
     951   -0.083024
     952   -0.083024
     953   -0.081256
     954   -0.081256
     955   -0.079768
     956   -0.079768
     957   -0.078597
     958   -0.078597
     959   -0.076853
     960   -0.076853
     961   -0.074423
     962   -0.074423
     963   -0.072106
     964   -0.072106
     965   -0.069716
     966   -0.069716
     967   -0.066139
     968   -0.066139
     969   -0.061673
     970   -0.061673
     971   -0.057900
     972   -0.057900
     973   -0.055045
     974   -0.055045
     975   -0.052060
     976   -0.052060
     977   -0.049019
     978   -0.049019
     979   -0.045848
     980   -0.045848
     981   -0.041383
     982   -0.041383
     983   -0.034418
     984   -0.034418
     985   -0.025732
     986   -0.025732
     987   -0.018647
     988   -0.018647
     989   -0.014387
     990   -0.014387
     991   -0.149538
     992   -0.149538
     993   -0.147255
     994   -0.147255
     995   -0.144065
     996   -0.144065
     997   -0.141075
     998   -0.141075
     999   -0.138263
    1000   -0.138263
    1001   -0.136159
    1002   -0.136159
    1003   -0.134813
    1004   -0.134813
    1005   -0.133637
    1006   -0.133637
    1007   -0.132449
    1008   -0.132449
    1009   -0.131432
    1010   -0.131432
    1011   -0.130707
    1012   -0.130707
    1013   -0.130351
    1014   -0.130351
    1015   -0.130299
    1016   -0.130299
    1017   -0.130286
    1018   -0.130286
    1019   -0.130186
    1020   -0.130186
    1021   -0.130042
    1022   -0.130042
    1023   -0.129902
    1024   -0.129902
    1025   -0.129774
    1026   -0.129774
    1027   -0.129624
    1028   -0.129624
    1029   -0.129432
    1030   -0.129432
    1031   -0.129216
    1032   -0.129216
    1033   -0.128995
    1034   -0.128995
    1035   -0.128766
    1036   -0.128766
    1037   -0.128521
    1038   -0.128521
    1039   -0.128278
    1040   -0.128278
    1041   -0.128058
    1042   -0.128058
    1043   -0.127842
    1044   -0.127842
    1045   -0.127614
    1046   -0.127614
    1047   -0.127411
    1048   -0.127411
    1049   -0.127251
    1050   -0.127251
    1051   -0.127085
    1052   -0.127085
    1053   -0.126861
    1054   -0.126861
    1055   -0.126590
    1056   -0.126590
    1057   -0.126306
    1058   -0.126306
    1059   -0.126014
    1060   -0.126014
    1061   -0.125687
    1062   -0.125687
    1063   -0.125330
    1064   -0.125330
    1065   -0.124976
    1066   -0.124976
    1067   -0.124597
    1068   -0.124597
    1069   -0.124154
    1070   -0.124154
    1071   -0.123680
    1072   -0.123680
    1073   -0.123234
    1074   -0.123234
    1075   -0.122794
    1076   -0.122794
    1077   -0.122277
    1078   -0.122277
    1079   -0.121684
    1080   -0.121684
    1081   -0.121111
    1082   -0.121111
    1083   -0.120547
    1084   -0.120547
    1085   -0.119912
    1086   -0.119912
    1087   -0.119243
    1088   -0.119243
    1089   -0.118627
    1090   -0.118627
    1091   -0.118014
    1092   -0.118014
    1093   -0.117277
    1094   -0.117277
    1095   -0.116428
    1096   -0.116428
    1097   -0.115562
    1098   -0.115562
    1099   -0.114641
    1100   -0.114641
    1101   -0.113541
    1102   -0.113541
    1103   -0.112276
    1104   -0.112276
    1105   -0.111013
    1106   -0.111013
    1107   -0.109867
    1108   -0.109867
    1109   -0.108975
    1110   -0.108975
    1111   -0.108626
    1112   -0.108626
    1113   -0.108892
    1114   -0.108892
    1115   -0.109432
    1116   -0.109432
    1117   -0.109887
    1118   -0.109887
    1119   -0.110214
    1120   -0.110214
    1121   -0.110519
    1122   -0.110519
    1123   -0.110742
    1124   -0.110742
    1125   -0.110704
    1126   -0.110704
    1127   -0.110492
    1128   -0.110492
    1129   -0.110349
    1130   -0.110349
    1131   -0.110198
    1132   -0.110198
    1133   -0.109768
    1134   -0.109768
    1135   -0.109109
    1136   -0.109109
    1137   -0.108487
    1138   -0.108487
    1139   -0.107851
    1140   -0.107851
    1141   -0.106910
    1142   -0.106910
    1143   -0.105700
    1144   -0.105700
    1145   -0.104538
    1146   -0.104538
    1147   -0.103416
    1148   -0.103416
    1149   -0.101980
    1150   -0.101980
    1151   -0.100210
    1152   -0.100210
    1153   -0.098491
    1154   -0.098491
    1155   -0.096813
    1156   -0.096813
    1157   -0.094698
    1158   -0.094698
    1159   -0.092089
    1160   -0.092089
    1161   -0.089396
    1162   -0.089396
    1163   -0.086469
    1164   -0.086469
    1165   -0.082647
    1166   -0.082647
    1167   -0.078124
    1168   -0.078124
    1169   -0.073863
    1170   -0.073863
    1171   -0.069993
    1172   -0.069993
    1173   -0.065870
    1174   -0.065870
    1175   -0.062028
    1176   -0.062028
    1177   -0.058215
    1178   -0.058215
    1179   -0.052835
    1180   -0.052835
    1181   -0.045849
    1182   -0.045849
    1183   -0.037865
    1184   -0.037865
    1185   -0.030314
    1186   -0.030314
    1187   -0.025022
    1188   -0.025022
    1189   -0.178784
    1190   -0.178784
    1191   -0.176845
    1192   -0.176845
    1193   -0.174091
    1194   -0.174091
    1195   -0.171294
    1196   -0.171294
    1197   -0.168489
    1198   -0.168489
    1199   -0.166330
    1200   -0.166330
    1201   -0.164860
    1202   -0.164860
    1203   -0.163498
    1204   -0.163498
    1205   -0.162175
    1206   -0.162175
    1207   -0.161226
    1208   -0.161226
    1209   -0.160735
    1210   -0.160735
    1211   -0.160575
    1212   -0.160575
    1213   -0.160607
    1214   -0.160607
    1215   -0.160612
    1216   -0.160612
    1217   -0.160476
    1218   -0.160476
    1219   -0.160248
    1220   -0.160248
    1221   -0.160013
    1222   -0.160013
    1223   -0.159796
    1224   -0.159796
    1225   -0.159544
    1226   -0.159544
    1227   -0.159246
    1228   -0.159246
    1229   -0.158965
    1230   -0.158965
    1231   -0.158728
    1232   -0.158728
    1233   -0.158489
    1234   -0.158489
    1235   -0.158227
    1236   -0.158227
    1237   -0.157986
    1238   -0.157986
    1239   -0.157766
    1240   -0.157766
    1241   -0.157513
    1242   -0.157513
    1243   -0.157222
    1244   -0.157222
    1245   -0.156952
    1246   -0.156952
    1247   -0.156714
    1248   -0.156714
    1249   -0.156435
    1250   -0.156435
    1251   -0.156085
    1252   -0.156085
    1253   -0.155720
    1254   -0.155720
    1255   -0.155371
    1256   -0.155371
    1257   -0.155004
    1258   -0.155004
    1259   -0.154598
    1260   -0.154598
    1261   -0.154190
    1262   -0.154190
    1263   -0.153792
    1264   -0.153792
    1265   -0.153360
    1266   -0.153360
    1267   -0.152881
    1268   -0.152881
    1269   -0.152402
    1270   -0.152402
    1271   -0.151928
    1272   -0.151928
    1273   -0.151404
    1274   -0.151404
    1275   -0.150810
    1276   -0.150810
    1277   -0.150187
    1278   -0.150187
    1279   -0.149571
    1280   -0.149571
    1281   -0.148925
    1282   -0.148925
    1283   -0.148217
    1284   -0.148217
    1285   -0.147499
    1286   -0.147499
    1287   -0.146802
    1288   -0.146802
    1289   -0.146053
    1290   -0.146053
    1291   -0.145187
    1292   -0.145187
    1293   -0.144233
    1294   -0.144233
    1295   -0.143206
    1296   -0.143206
    1297   -0.142067
    1298   -0.142067
    1299   -0.140770
    1300   -0.140770
    1301   -0.139343
    1302   -0.139343
    1303   -0.137894
    1304   -0.137894
    1305   -0.136524
    1306   -0.136524
    1307   -0.135428
    1308   -0.135428
    1309   -0.134915
    1310   -0.134915
    1311   -0.135014
    1312   -0.135014
    1313   -0.135372
    1314   -0.135372
    1315   -0.135667
    1316   -0.135667
    1317   -0.135836
    1318   -0.135836
    1319   -0.135920
    1320   -0.135920
    1321   -0.135912
    1322   -0.135912
    1323   -0.135783
    1324   -0.135783
    1325   -0.135546
    1326   -0.135546
    1327   -0.135251
    1328   -0.135251
    1329   -0.134871
    1330   -0.134871
    1331   -0.134315
    1332   -0.134315
    1333   -0.133611
    1334   -0.133611
    1335   -0.132846
    1336   -0.132846
    1337   -0.131975
    1338   -0.131975
    1339   -0.130898
    1340   -0.130898
    1341   -0.129629
    1342   -0.129629
    1343   -0.128257
    1344   -0.128257
    1345   -0.126763
    1346   -0.126763
    1347   -0.125043
    1348   -0.125043
    1349   -0.123122
    1350   -0.123122
    1351   -0.121143
    1352   -0.121143
    1353   -0.119045
    1354   -0.119045
    1355   -0.116553
    1356   -0.116553
    1357   -0.113650
    1358   -0.113650
    1359   -0.110546
    1360   -0.110546
    1361   -0.107185
    1362   -0.107185
    1363   -0.103264
    1364   -0.103264
    1365   -0.098845
    1366   -0.098845
    1367   -0.094328
    1368   -0.094328
    1369   -0.089821
    1370   -0.089821
    1371   -0.084873
    1372   -0.084873
    1373   -0.079721
    1374   -0.079721
    1375   -0.074439
    1376   -0.074439
    1377   -0.067996
    1378   -0.067996
    1379   -0.060607
    1380   -0.060607
    1381   -0.052353
    1382   -0.052353
    1383   -0.043483
    1384   -0.043483
    1385   -0.036611
    1386   -0.036611
    1387   -0.212148
    1388   -0.212148
    1389   -0.210624
    1390   -0.210624
    1391   -0.208576
    1392   -0.208576
    1393   -0.206830
    1394   -0.206830
    1395   -0.205354
    1396   -0.205354
    1397   -0.204189
    1398   -0.204189
    1399   -0.203190
    1400   -0.203190
    1401   -0.201962
    1402   -0.201962
    1403   -0.200597
    1404   -0.200597
    1405   -0.199685
    1406   -0.199685
    1407   -0.199304
    1408   -0.199304
    1409   -0.199052
    1410   -0.199052
    1411   -0.198766
    1412   -0.198766
    1413   -0.198491
    1414   -0.198491
    1415   -0.198216
    1416   -0.198216
    1417   -0.197897
    1418   -0.197897
    1419   -0.197558
    1420   -0.197558
    1421   -0.197244
    1422   -0.197244
    1423   -0.196935
    1424   -0.196935
    1425   -0.196595
    1426   -0.196595
    1427   -0.196252
    1428   -0.196252
    1429   -0.195960
    1430   -0.195960
    1431   -0.195701
    1432   -0.195701
    1433   -0.195437
    1434   -0.195437
    1435   -0.195180
    1436   -0.195180
    1437   -0.194924
    1438   -0.194924
    1439   -0.194639
    1440   -0.194639
    1441   -0.194319
    1442   -0.194319
    1443   -0.193981
    1444   -0.193981
    1445   -0.193626
    1446   -0.193626
    1447   -0.193234
    1448   -0.193234
    1449   -0.192800
    1450   -0.192800
    1451   -0.192365
    1452   -0.192365
    1453   -0.191956
    1454   -0.191956
    1455   -0.191542
    1456   -0.191542
    1457   -0.191088
    1458   -0.191088
    1459   -0.190615
    1460   -0.190615
    1461   -0.190137
    1462   -0.190137
    1463   -0.189631
    1464   -0.189631
    1465   -0.189081
    1466   -0.189081
    1467   -0.188513
    1468   -0.188513
    1469   -0.187942
    1470   -0.187942
    1471   -0.187341
    1472   -0.187341
    1473   -0.186709
    1474   -0.186709
    1475   -0.186058
    1476   -0.186058
    1477   -0.185367
    1478   -0.185367
    1479   -0.184626
    1480   -0.184626
    1481   -0.183852
    1482   -0.183852
    1483   -0.183061
    1484   -0.183061
    1485   -0.182234
    1486   -0.182234
    1487   -0.181326
    1488   -0.181326
    1489   -0.180318
    1490   -0.180318
    1491   -0.179226
    1492   -0.179226
    1493   -0.178046
    1494   -0.178046
    1495   -0.176748
    1496   -0.176748
    1497   -0.175311
    1498   -0.175311
    1499   -0.173769
    1500   -0.173769
    1501   -0.172201
    1502   -0.172201
    1503   -0.170691
    1504   -0.170691
    1505   -0.169421
    1506   -0.169421
    1507   -0.168722
    1508   -0.168722
    1509   -0.168661
    1510   -0.168661
    1511   -0.168868
    1512   -0.168868
    1513   -0.168950
    1514   -0.168950
    1515   -0.168843
    1516   -0.168843
    1517   -0.168693
    1518   -0.168693
    1519   -0.168518
    1520   -0.168518
    1521   -0.168214
    1522   -0.168214
    1523   -0.167746
    1524   -0.167746
    1525   -0.167217
    1526   -0.167217
    1527   -0.166639
    1528   -0.166639
    1529   -0.165886
    1530   -0.165886
    1531   -0.164960
    1532   -0.164960
    1533   -0.163984
    1534   -0.163984
    1535   -0.162922
    1536   -0.162922
    1537   -0.161636
    1538   -0.161636
    1539   -0.160123
    1540   -0.160123
    1541   -0.158493
    1542   -0.158493
    1543   -0.156717
    1544   -0.156717
    1545   -0.154687
    1546   -0.154687
    1547   -0.152456
    1548   -0.152456
    1549   -0.150167
    1550   -0.150167
    1551   -0.147743
    1552   -0.147743
    1553   -0.144895
    1554   -0.144895
    1555   -0.141615
    1556   -0.141615
    1557   -0.138110
    1558   -0.138110
    1559   -0.134409
    1560   -0.134409
    1561   -0.130380
    1562   -0.130380
    1563   -0.125962
    1564   -0.125962
    1565   -0.121218
    1566   -0.121218
    1567   -0.116369
    1568   -0.116369
    1569   -0.110924
    1570   -0.110924
    1571   -0.104199
    1572   -0.104199
    1573   -0.096832
    1574   -0.096832
    1575   -0.088944
    1576   -0.088944
    1577   -0.080041
    1578   -0.080041
    1579   -0.069691
    1580   -0.069691
    1581   -0.058294
    1582   -0.058294
    1583   -0.049252
    1584   -0.049252
    1585   -0.252229
    1586   -0.252229
    1587   -0.250946
    1588   -0.250946
    1589   -0.249231
    1590   -0.249231
    1591   -0.247916
    1592   -0.247916
    1593   -0.247026
    1594   -0.247026
    1595   -0.246490
    1596   -0.246490
    1597   -0.246155
    1598   -0.246155
    1599   -0.245708
    1600   -0.245708
    1601   -0.245142
    1602   -0.245142
    1603   -0.244801
    1604   -0.244801
    1605   -0.244683
    1606   -0.244683
    1607   -0.244448
    1608   -0.244448
    1609   -0.244023
    1610   -0.244023
    1611   -0.243609
    1612   -0.243609
    1613   -0.243265
    1614   -0.243265
    1615   -0.242915
    1616   -0.242915
    1617   -0.242546
    1618   -0.242546
    1619   -0.242196
    1620   -0.242196
    1621   -0.241867
    1622   -0.241867
    1623   -0.241504
    1624   -0.241504
    1625   -0.241103
    1626   -0.241103
    1627   -0.240725
    1628   -0.240725
    1629   -0.240390
    1630   -0.240390
    1631   -0.240067
    1632   -0.240067
    1633   -0.239742
    1634   -0.239742
    1635   -0.239411
    1636   -0.239411
    1637   -0.239081
    1638   -0.239081
    1639   -0.238744
    1640   -0.238744
    1641   -0.238375
    1642   -0.238375
    1643   -0.237963
    1644   -0.237963
    1645   -0.237520
    1646   -0.237520
    1647   -0.237056
    1648   -0.237056
    1649   -0.236585
    1650   -0.236585
    1651   -0.236127
    1652   -0.236127
    1653   -0.235668
    1654   -0.235668
    1655   -0.235172
    1656   -0.235172
    1657   -0.234631
    1658   -0.234631
    1659   -0.234056
    1660   -0.234056
    1661   -0.233454
    1662   -0.233454
    1663   -0.232817
    1664   -0.232817
    1665   -0.232154
    1666   -0.232154
    1667   -0.231491
    1668   -0.231491
    1669   -0.230831
    1670   -0.230831
    1671   -0.230163
    1672   -0.230163
    1673   -0.229462
    1674   -0.229462
    1675   -0.228689
    1676   -0.228689
    1677   -0.227852
    1678   -0.227852
    1679   -0.226979
    1680   -0.226979
    1681   -0.226059
    1682   -0.226059
    1683   -0.225066
    1684   -0.225066
    1685   -0.223995
    1686   -0.223995
    1687   -0.222851
    1688   -0.222851
    1689   -0.221629
    1690   -0.221629
    1691   -0.220323
    1692   -0.220323
    1693   -0.218909
    1694   -0.218909
    1695   -0.217380
    1696   -0.217380
    1697   -0.215774
    1698   -0.215774
    1699   -0.214140
    1700   -0.214140
    1701   -0.212543
    1702   -0.212543
    1703   -0.211163
    1704   -0.211163
    1705   -0.210340
    1706   -0.210340
    1707   -0.210149
    1708   -0.210149
    1709   -0.210219
    1710   -0.210219
    1711   -0.210163
    1712   -0.210163
    1713   -0.209927
    1714   -0.209927
    1715   -0.209661
    1716   -0.209661
    1717   -0.209360
    1718   -0.209360
    1719   -0.208877
    1720   -0.208877
    1721   -0.208184
    1722   -0.208184
    1723   -0.207431
    1724   -0.207431
    1725   -0.206642
    1726   -0.206642
    1727   -0.205682
    1728   -0.205682
    1729   -0.204539
    1730   -0.204539
    1731   -0.203337
    1732   -0.203337
    1733   -0.202055
    1734   -0.202055
    1735   -0.200553
    1736   -0.200553
    1737   -0.198815
    1738   -0.198815
    1739   -0.196925
    1740   -0.196925
    1741   -0.194860
    1742   -0.194860
    1743   -0.192510
    1744   -0.192510
    1745   -0.189913
    1746   -0.189913
    1747   -0.187219
    1748   -0.187219
    1749   -0.184368
    1750   -0.184368
    1751   -0.181094
    1752   -0.181094
    1753   -0.177385
    1754   -0.177385
    1755   -0.173444
    1756   -0.173444
    1757   -0.169296
    1758   -0.169296
    1759   -0.164808
    1760   -0.164808
    1761   -0.159867
    1762   -0.159867
    1763   -0.154461
    1764   -0.154461
    1765   -0.148808
    1766   -0.148808
    1767   -0.142437
    1768   -0.142437
    1769   -0.134342
    1770   -0.134342
    1771   -0.125095
    1772   -0.125095
    1773   -0.115192
    1774   -0.115192
    1775   -0.103846
    1776   -0.103846
    1777   -0.090473
    1778   -0.090473
    1779   -0.075794
    1780   -0.075794
    1781   -0.063988
    1782   -0.063988
    1783   -0.301861
    1784   -0.301861
    1785   -0.300804
    1786   -0.300804
    1787   -0.299260
    1788   -0.299260
    1789   -0.297754
    1790   -0.297754
    1791   -0.296474
    1792   -0.296474
    1793   -0.295889
    1794   -0.295889
    1795   -0.296061
    1796   -0.296061
    1797   -0.296638
    1798   -0.296638
    1799   -0.297326
    1800   -0.297326
    1801   -0.297845
    1802   -0.297845
    1803   -0.298075
    1804   -0.298075
    1805   -0.298009
    1806   -0.298009
    1807   -0.297721
    1808   -0.297721
    1809   -0.297397
    1810   -0.297397
    1811   -0.297105
    1812   -0.297105
    1813   -0.296799
    1814   -0.296799
    1815   -0.296459
    1816   -0.296459
    1817   -0.296112
    1818   -0.296112
    1819   -0.295766
    1820   -0.295766
    1821   -0.295384
    1822   -0.295384
    1823   -0.294952
    1824   -0.294952
    1825   -0.294509
    1826   -0.294509
    1827   -0.294083
    1828   -0.294083
    1829   -0.293668
    1830   -0.293668
    1831   -0.293250
    1832   -0.293250
    1833   -0.292832
    1834   -0.292832
    1835   -0.292441
    1836   -0.292441
    1837   -0.292075
    1838   -0.292075
    1839   -0.291695
    1840   -0.291695
    1841   -0.291271
    1842   -0.291271
    1843   -0.290818
    1844   -0.290818
    1845   -0.290347
    1846   -0.290347
    1847   -0.289854
    1848   -0.289854
    1849   -0.289339
    1850   -0.289339
    1851   -0.288805
    1852   -0.288805
    1853   -0.288236
    1854   -0.288236
    1855   -0.287618
    1856   -0.287618
    1857   -0.286962
    1858   -0.286962
    1859   -0.286285
    1860   -0.286285
    1861   -0.285584
    1862   -0.285584
    1863   -0.284854
    1864   -0.284854
    1865   -0.284118
    1866   -0.284118
    1867   -0.283388
    1868   -0.283388
    1869   -0.282641
    1870   -0.282641
    1871   -0.281853
    1872   -0.281853
    1873   -0.281005
    1874   -0.281005
    1875   -0.280082
    1876   -0.280082
    1877   -0.279075
    1878   -0.279075
    1879   -0.277978
    1880   -0.277978
    1881   -0.276807
    1882   -0.276807
    1883   -0.275586
    1884   -0.275586
    1885   -0.274307
    1886   -0.274307
    1887   -0.272949
    1888   -0.272949
    1889   -0.271512
    1890   -0.271512
    1891   -0.269987
    1892   -0.269987
    1893   -0.268369
    1894   -0.268369
    1895   -0.266674
    1896   -0.266674
    1897   -0.264924
    1898   -0.264924
    1899   -0.263182
    1900   -0.263182
    1901   -0.261628
    1902   -0.261628
    1903   -0.260605
    1904   -0.260605
    1905   -0.260209
    1906   -0.260209
    1907   -0.260103
    1908   -0.260103
    1909   -0.259954
    1910   -0.259954
    1911   -0.259687
    1912   -0.259687
    1913   -0.259364
    1914   -0.259364
    1915   -0.258960
    1916   -0.258960
    1917   -0.258370
    1918   -0.258370
    1919   -0.257585
    1920   -0.257585
    1921   -0.256697
    1922   -0.256697
    1923   -0.255714
    1924   -0.255714
    1925   -0.254568
    1926   -0.254568
    1927   -0.253253
    1928   -0.253253
    1929   -0.251822
    1930   -0.251822
    1931   -0.250268
    1932   -0.250268
    1933   -0.248515
    1934   -0.248515
    1935   -0.246543
    1936   -0.246543
    1937   -0.244371
    1938   -0.244371
    1939   -0.241987
    1940   -0.241987
    1941   -0.239302
    1942   -0.239302
    1943   -0.236313
    1944   -0.236313
    1945   -0.233144
    1946   -0.233144
    1947   -0.229743
    1948   -0.229743
    1949   -0.225927
    1950   -0.225927
    1951   -0.221711
    1952   -0.221711
    1953   -0.217244
    1954   -0.217244
    1955   -0.212466
    1956   -0.212466
    1957   -0.207146
    1958   -0.207146
    1959   -0.201195
    1960   -0.201195
    1961   -0.194670
    1962   -0.194670
    1963   -0.187616
    1964   -0.187616
    1965   -0.179745
    1966   -0.179745
    1967   -0.170404
    1968   -0.170404
    1969   -0.159494
    1970   -0.159494
    1971   -0.147073
    1972   -0.147073
    1973   -0.132619
    1974   -0.132619
    1975   -0.115715
    1976   -0.115715
    1977   -0.097254
    1978   -0.097254
    1979   -0.082216
    1980   -0.082216
    1981   -0.364297
    1982   -0.364297
    1983   -0.363641
    1984   -0.363641
    1985   -0.362565
    1986   -0.362565
    1987   -0.361262
    1988   -0.361262
    1989   -0.359939
    1990   -0.359939
    1991   -0.359280
    1992   -0.359280
    1993   -0.359485
    1994   -0.359485
    1995   -0.360241
    1996   -0.360241
    1997   -0.361186
    1998   -0.361186
    1999   -0.361869
    2000   -0.361869
    2001   -0.362166
    2002   -0.362166
    2003   -0.362216
    2004   -0.362216
    2005   -0.362112
    2006   -0.362112
    2007   -0.361934
    2008   -0.361934
    2009   -0.361731
    2010   -0.361731
    2011   -0.361509
    2012   -0.361509
    2013   -0.361249
    2014   -0.361249
    2015   -0.360939
    2016   -0.360939
    2017   -0.360591
    2018   -0.360591
    2019   -0.360216
    2020   -0.360216
    2021   -0.359807
    2022   -0.359807
    2023   -0.359366
    2024   -0.359366
    2025   -0.358914
    2026   -0.358914
    2027   -0.358458
    2028   -0.358458
    2029   -0.357985
    2030   -0.357985
    2031   -0.357503
    2032   -0.357503
    2033   -0.357045
    2034   -0.357045
    2035   -0.356615
    2036   -0.356615
    2037   -0.356174
    2038   -0.356174
    2039   -0.355694
    2040   -0.355694
    2041   -0.355189
    2042   -0.355189
    2043   -0.354666
    2044   -0.354666
    2045   -0.354104
    2046   -0.354104
    2047   -0.353503
    2048   -0.353503
    2049   -0.352872
    2050   -0.352872
    2051   -0.352211
    2052   -0.352211
    2053   -0.351512
    2054   -0.351512
    2055   -0.350787
    2056   -0.350787
    2057   -0.350057
    2058   -0.350057
    2059   -0.349318
    2060   -0.349318
    2061   -0.348541
    2062   -0.348541
    2063   -0.347725
    2064   -0.347725
    2065   -0.346890
    2066   -0.346890
    2067   -0.346040
    2068   -0.346040
    2069   -0.345155
    2070   -0.345155
    2071   -0.344212
    2072   -0.344212
    2073   -0.343177
    2074   -0.343177
    2075   -0.342014
    2076   -0.342014
    2077   -0.340726
    2078   -0.340726
    2079   -0.339369
    2080   -0.339369
    2081   -0.337977
    2082   -0.337977
    2083   -0.336533
    2084   -0.336533
    2085   -0.335014
    2086   -0.335014
    2087   -0.333428
    2088   -0.333428
    2089   -0.331781
    2090   -0.331781
    2091   -0.330057
    2092   -0.330057
    2093   -0.328234
    2094   -0.328234
    2095   -0.326322
    2096   -0.326322
    2097   -0.324408
    2098   -0.324408
    2099   -0.322723
    2100   -0.322723
    2101   -0.321589
    2102   -0.321589
    2103   -0.321045
    2104   -0.321045
    2105   -0.320792
    2106   -0.320792
    2107   -0.320562
    2108   -0.320562
    2109   -0.320243
    2110   -0.320243
    2111   -0.319822
    2112   -0.319822
    2113   -0.319274
    2114   -0.319274
    2115   -0.318534
    2116   -0.318534
    2117   -0.317606
    2118   -0.317606
    2119   -0.316535
    2120   -0.316535
    2121   -0.315319
    2122   -0.315319
    2123   -0.313939
    2124   -0.313939
    2125   -0.312385
    2126   -0.312385
    2127   -0.310655
    2128   -0.310655
    2129   -0.308739
    2130   -0.308739
    2131   -0.306607
    2132   -0.306607
    2133   -0.304257
    2134   -0.304257
    2135   -0.301696
    2136   -0.301696
    2137   -0.298910
    2138   -0.298910
    2139   -0.295828
    2140   -0.295828
    2141   -0.292428
    2142   -0.292428
    2143   -0.288756
    2144   -0.288756
    2145   -0.284749
    2146   -0.284749
    2147   -0.280338
    2148   -0.280338
    2149   -0.275553
    2150   -0.275553
    2151   -0.270439
    2152   -0.270439
    2153   -0.264915
    2154   -0.264915
    2155   -0.258762
    2156   -0.258762
    2157   -0.251846
    2158   -0.251846
    2159   -0.244093
    2160   -0.244093
    2161   -0.235405
    2162   -0.235405
    2163   -0.225868
    2164   -0.225868
    2165   -0.215158
    2166   -0.215158
    2167   -0.202459
    2168   -0.202459
    2169   -0.187341
    2170   -0.187341
    2171   -0.169447
    2172   -0.169447
    2173   -0.148473
    2174   -0.148473
    2175   -0.125509
    2176   -0.125509
    2177   -0.106601
    2178   -0.106601
    2179   -0.445726
    2180   -0.445726
    2181   -0.445847
    2182   -0.445847
    2183   -0.445894
    2184   -0.445894
    2185   -0.445675
    2186   -0.445675
    2187   -0.445224
    2188   -0.445224
    2189   -0.444903
    2190   -0.444903
    2191   -0.444875
    2192   -0.444875
    2193   -0.444992
    2194   -0.444992
    2195   -0.445125
    2196   -0.445125
    2197   -0.445195
    2198   -0.445195
    2199   -0.445207
    2200   -0.445207
    2201   -0.445218
    2202   -0.445218
    2203   -0.445219
    2204   -0.445219
    2205   -0.445142
    2206   -0.445142
    2207   -0.444995
    2208   -0.444995
    2209   -0.444844
    2210   -0.444844
    2211   -0.444683
    2212   -0.444683
    2213   -0.444440
    2214   -0.444440
    2215   -0.444115
    2216   -0.444115
    2217   -0.443767
    2218   -0.443767
    2219   -0.443404
    2220   -0.443404
    2221   -0.442998
    2222   -0.442998
    2223   -0.442556
    2224   -0.442556
    2225   -0.442094
    2226   -0.442094
    2227   -0.441609
    2228   -0.441609
    2229   -0.441099
    2230   -0.441099
    2231   -0.440572
    2232   -0.440572
    2233   -0.440031
    2234   -0.440031
    2235   -0.439465
    2236   -0.439465
    2237   -0.438872
    2238   -0.438872
    2239   -0.438258
    2240   -0.438258
    2241   -0.437612
    2242   -0.437612
    2243   -0.436927
    2244   -0.436927
    2245   -0.436213
    2246   -0.436213
    2247   -0.435479
    2248   -0.435479
    2249   -0.434722
    2250   -0.434722
    2251   -0.433937
    2252   -0.433937
    2253   -0.433133
    2254   -0.433133
    2255   -0.432328
    2256   -0.432328
    2257   -0.431521
    2258   -0.431521
    2259   -0.430679
    2260   -0.430679
    2261   -0.429772
    2262   -0.429772
    2263   -0.428816
    2264   -0.428816
    2265   -0.427852
    2266   -0.427852
    2267   -0.426860
    2268   -0.426860
    2269   -0.425781
    2270   -0.425781
    2271   -0.424587
    2272   -0.424587
    2273   -0.423248
    2274   -0.423248
    2275   -0.421772
    2276   -0.421772
    2277   -0.420217
    2278   -0.420217
    2279   -0.418614
    2280   -0.418614
    2281   -0.416967
    2282   -0.416967
    2283   -0.415268
    2284   -0.415268
    2285   -0.413504
    2286   -0.413504
    2287   -0.411677
    2288   -0.411677
    2289   -0.409775
    2290   -0.409775
    2291   -0.407772
    2292   -0.407772
    2293   -0.405667
    2294   -0.405667
    2295   -0.403567
    2296   -0.403567
    2297   -0.401820
    2298   -0.401820
    2299   -0.400731
    2300   -0.400731
    2301   -0.400162
    2302   -0.400162
    2303   -0.399819
    2304   -0.399819
    2305   -0.399517
    2306   -0.399517
    2307   -0.399111
    2308   -0.399111
    2309   -0.398521
    2310   -0.398521
    2311   -0.397734
    2312   -0.397734
    2313   -0.396725
    2314   -0.396725
    2315   -0.395501
    2316   -0.395501
    2317   -0.394106
    2318   -0.394106
    2319   -0.392549
    2320   -0.392549
    2321   -0.390805
    2322   -0.390805
    2323   -0.388841
    2324   -0.388841
    2325   -0.386656
    2326   -0.386656
    2327   -0.384245
    2328   -0.384245
    2329   -0.381581
    2330   -0.381581
    2331   -0.378670
    2332   -0.378670
    2333   -0.375535
    2334   -0.375535
    2335   -0.372149
    2336   -0.372149
    2337   -0.368495
    2338   -0.368495
    2339   -0.364548
    2340   -0.364548
    2341   -0.360236
    2342   -0.360236
    2343   -0.355478
    2344   -0.355478
    2345   -0.350289
    2346   -0.350289
    2347   -0.344690
    2348   -0.344690
    2349   -0.338659
    2350   -0.338659
    2351   -0.332191
    2352   -0.332191
    2353   -0.325176
    2354   -0.325176
    2355   -0.317374
    2356   -0.317374
    2357   -0.308454
    2358   -0.308454
    2359   -0.298076
    2360   -0.298076
    2361   -0.286508
    2362   -0.286508
    2363   -0.273815
    2364   -0.273815
    2365   -0.258885
    2366   -0.258885
    2367   -0.240861
    2368   -0.240861
    2369   -0.219177
    2370   -0.219177
    2371   -0.193417
    2372   -0.193417
    2373   -0.164843
    2374   -0.164843
    2375   -0.140983
    2376   -0.140983
    2377   -0.555796
    2378   -0.555796
    2379   -0.557094
    2380   -0.557094
    2381   -0.558904
    2382   -0.558904
    2383   -0.560640
    2384   -0.560640
    2385   -0.562096
    2386   -0.562096
    2387   -0.562830
    2388   -0.562830
    2389   -0.562848
    2390   -0.562848
    2391   -0.562427
    2392   -0.562427
    2393   -0.561800
    2394   -0.561800
    2395   -0.561260
    2396   -0.561260
    2397   -0.560932
    2398   -0.560932
    2399   -0.560776
    2400   -0.560776
    2401   -0.560713
    2402   -0.560713
    2403   -0.560618
    2404   -0.560618
    2405   -0.560466
    2406   -0.560466
    2407   -0.560322
    2408   -0.560322
    2409   -0.560181
    2410   -0.560181
    2411   -0.559967
    2412   -0.559967
    2413   -0.559663
    2414   -0.559663
    2415   -0.559326
    2416   -0.559326
    2417   -0.558967
    2418   -0.558967
    2419   -0.558553
    2420   -0.558553
    2421   -0.558082
    2422   -0.558082
    2423   -0.557572
    2424   -0.557572
    2425   -0.557035
    2426   -0.557035
    2427   -0.556481
    2428   -0.556481
    2429   -0.555892
    2430   -0.555892
    2431   -0.555244
    2432   -0.555244
    2433   -0.554547
    2434   -0.554547
    2435   -0.553828
    2436   -0.553828
    2437   -0.553082
    2438   -0.553082
    2439   -0.552296
    2440   -0.552296
    2441   -0.551474
    2442   -0.551474
    2443   -0.550635
    2444   -0.550635
    2445   -0.549777
    2446   -0.549777
    2447   -0.548892
    2448   -0.548892
    2449   -0.547981
    2450   -0.547981
    2451   -0.547055
    2452   -0.547055
    2453   -0.546117
    2454   -0.546117
    2455   -0.545169
    2456   -0.545169
    2457   -0.544197
    2458   -0.544197
    2459   -0.543160
    2460   -0.543160
    2461   -0.542057
    2462   -0.542057
    2463   -0.540921
    2464   -0.540921
    2465   -0.539738
    2466   -0.539738
    2467   -0.538454
    2468   -0.538454
    2469   -0.537052
    2470   -0.537052
    2471   -0.535528
    2472   -0.535528
    2473   -0.533885
    2474   -0.533885
    2475   -0.532150
    2476   -0.532150
    2477   -0.530330
    2478   -0.530330
    2479   -0.528444
    2480   -0.528444
    2481   -0.526496
    2482   -0.526496
    2483   -0.524464
    2484   -0.524464
    2485   -0.522332
    2486   -0.522332
    2487   -0.520092
    2488   -0.520092
    2489   -0.517740
    2490   -0.517740
    2491   -0.515289
    2492   -0.515289
    2493   -0.512840
    2494   -0.512840
    2495   -0.510787
    2496   -0.510787
    2497   -0.509494
    2498   -0.509494
    2499   -0.508760
    2500   -0.508760
    2501   -0.508221
    2502   -0.508221
    2503   -0.507704
    2504   -0.507704
    2505   -0.507055
    2506   -0.507055
    2507   -0.506163
    2508   -0.506163
    2509   -0.505014
    2510   -0.505014
    2511   -0.503616
    2512   -0.503616
    2513   -0.501964
    2514   -0.501964
    2515   -0.500092
    2516   -0.500092
    2517   -0.498032
    2518   -0.498032
    2519   -0.495717
    2520   -0.495717
    2521   -0.493100
    2522   -0.493100
    2523   -0.490225
    2524   -0.490225
    2525   -0.487110
    2526   -0.487110
    2527   -0.483728
    2528   -0.483728
    2529   -0.480067
    2530   -0.480067
    2531   -0.476119
    2532   -0.476119
    2533   -0.471854
    2534   -0.471854
    2535   -0.467305
    2536   -0.467305
    2537   -0.462437
    2538   -0.462437
    2539   -0.457122
    2540   -0.457122
    2541   -0.451300
    2542   -0.451300
    2543   -0.444981
    2544   -0.444981
    2545   -0.438156
    2546   -0.438156
    2547   -0.430803
    2548   -0.430803
    2549   -0.422942
    2550   -0.422942
    2551   -0.414520
    2552   -0.414520
    2553   -0.405286
    2554   -0.405286
    2555   -0.394817
    2556   -0.394817
    2557   -0.382523
    2558   -0.382523
    2559   -0.368390
    2560   -0.368390
    2561   -0.352677
    2562   -0.352677
    2563   -0.334614
    2564   -0.334614
    2565   -0.313128
    2566   -0.313128
    2567   -0.287015
    2568   -0.287015
    2569   -0.255548
    2570   -0.255548
    2571   -0.220069
    2572   -0.220069
    2573   -0.189941
    2574   -0.189941
    2575   -0.701564
    2576   -0.701564
    2577   -0.704171
    2578   -0.704171
    2579   -0.707881
    2580   -0.707881
    2581   -0.711721
    2582   -0.711721
    2583   -0.715374
    2584   -0.715374
    2585   -0.717490
    2586   -0.717490
    2587   -0.717897
    2588   -0.717897
    2589   -0.717439
    2590   -0.717439
    2591   -0.716668
    2592   -0.716668
    2593   -0.715999
    2594   -0.715999
    2595   -0.715573
    2596   -0.715573
    2597   -0.715297
    2598   -0.715297
    2599   -0.715102
    2600   -0.715102
    2601   -0.714926
    2602   -0.714926
    2603   -0.714748
    2604   -0.714748
    2605   -0.714572
    2606   -0.714572
    2607   -0.714375
    2608   -0.714375
    2609   -0.714116
    2610   -0.714116
    2611   -0.713788
    2612   -0.713788
    2613   -0.713419
    2614   -0.713419
    2615   -0.713020
    2616   -0.713020
    2617   -0.712560
    2618   -0.712560
    2619   -0.712029
    2620   -0.712029
    2621   -0.711429
    2622   -0.711429
    2623   -0.710782
    2624   -0.710782
    2625   -0.710129
    2626   -0.710129
    2627   -0.709457
    2628   -0.709457
    2629   -0.708717
    2630   -0.708717
    2631   -0.707906
    2632   -0.707906
    2633   -0.707051
    2634   -0.707051
    2635   -0.706158
    2636   -0.706158
    2637   -0.705223
    2638   -0.705223
    2639   -0.704252
    2640   -0.704252
    2641   -0.703254
    2642   -0.703254
    2643   -0.702228
    2644   -0.702228
    2645   -0.701160
    2646   -0.701160
    2647   -0.700057
    2648   -0.700057
    2649   -0.698932
    2650   -0.698932
    2651   -0.697781
    2652   -0.697781
    2653   -0.696596
    2654   -0.696596
    2655   -0.695382
    2656   -0.695382
    2657   -0.694116
    2658   -0.694116
    2659   -0.692775
    2660   -0.692775
    2661   -0.691355
    2662   -0.691355
    2663   -0.689847
    2664   -0.689847
    2665   -0.688246
    2666   -0.688246
    2667   -0.686556
    2668   -0.686556
    2669   -0.684781
    2670   -0.684781
    2671   -0.682923
    2672   -0.682923
    2673   -0.680970
    2674   -0.680970
    2675   -0.678897
    2676   -0.678897
    2677   -0.676685
    2678   -0.676685
    2679   -0.674348
    2680   -0.674348
    2681   -0.671893
    2682   -0.671893
    2683   -0.669301
    2684   -0.669301
    2685   -0.666542
    2686   -0.666542
    2687   -0.663619
    2688   -0.663619
    2689   -0.660568
    2690   -0.660568
    2691   -0.657477
    2692   -0.657477
    2693   -0.654703
    2694   -0.654703
    2695   -0.652739
    2696   -0.652739
    2697   -0.651484
    2698   -0.651484
    2699   -0.650448
    2700   -0.650448
    2701   -0.649365
    2702   -0.649365
    2703   -0.648101
    2704   -0.648101
    2705   -0.646567
    2706   -0.646567
    2707   -0.644751
    2708   -0.644751
    2709   -0.642721
    2710   -0.642721
    2711   -0.640442
    2712   -0.640442
    2713   -0.637845
    2714   -0.637845
    2715   -0.634969
    2716   -0.634969
    2717   -0.631760
    2718   -0.631760
    2719   -0.628195
    2720   -0.628195
    2721   -0.624326
    2722   -0.624326
    2723   -0.620175
    2724   -0.620175
    2725   -0.615758
    2726   -0.615758
    2727   -0.611027
    2728   -0.611027
    2729   -0.605897
    2730   -0.605897
    2731   -0.600342
    2732   -0.600342
    2733   -0.594405
    2734   -0.594405
    2735   -0.588030
    2736   -0.588030
    2737   -0.581120
    2738   -0.581120
    2739   -0.573683
    2740   -0.573683
    2741   -0.565719
    2742   -0.565719
    2743   -0.557161
    2744   -0.557161
    2745   -0.547915
    2746   -0.547915
    2747   -0.537920
    2748   -0.537920
    2749   -0.527169
    2750   -0.527169
    2751   -0.515484
    2752   -0.515484
    2753   -0.502452
    2754   -0.502452
    2755   -0.487537
    2756   -0.487537
    2757   -0.470453
    2758   -0.470453
    2759   -0.450960
    2760   -0.450960
    2761   -0.428639
    2762   -0.428639
    2763   -0.402666
    2764   -0.402666
    2765   -0.371179
    2766   -0.371179
    2767   -0.333173
    2768   -0.333173
    2769   -0.290019
    2770   -0.290019
    2771   -0.252933
    2772   -0.252933
    2773   -0.880182
    2774   -0.880182
    2775   -0.883998
    2776   -0.883998
    2777   -0.889130
    2778   -0.889130
    2779   -0.893664
    2780   -0.893664
    2781   -0.897659
    2782   -0.897659
    2783   -0.900191
    2784   -0.900191
    2785   -0.901106
    2786   -0.901106
    2787   -0.901316
    2788   -0.901316
    2789   -0.901340
    2790   -0.901340
    2791   -0.901305
    2792   -0.901305
    2793   -0.901247
    2794   -0.901247
    2795   -0.901182
    2796   -0.901182
    2797   -0.901109
    2798   -0.901109
    2799   -0.901004
    2800   -0.901004
    2801   -0.900864
    2802   -0.900864
    2803   -0.900689
    2804   -0.900689
    2805   -0.900455
    2806   -0.900455
    2807   -0.900141
    2808   -0.900141
    2809   -0.899754
    2810   -0.899754
    2811   -0.899337
    2812   -0.899337
    2813   -0.898897
    2814   -0.898897
    2815   -0.898386
    2816   -0.898386
    2817   -0.897780
    2818   -0.897780
    2819   -0.897090
    2820   -0.897090
    2821   -0.896339
    2822   -0.896339
    2823   -0.895552
    2824   -0.895552
    2825   -0.894722
    2826   -0.894722
    2827   -0.893824
    2828   -0.893824
    2829   -0.892849
    2830   -0.892849
    2831   -0.891812
    2832   -0.891812
    2833   -0.890721
    2834   -0.890721
    2835   -0.889582
    2836   -0.889582
    2837   -0.888398
    2838   -0.888398
    2839   -0.887167
    2840   -0.887167
    2841   -0.885888
    2842   -0.885888
    2843   -0.884560
    2844   -0.884560
    2845   -0.883188
    2846   -0.883188
    2847   -0.881766
    2848   -0.881766
    2849   -0.880280
    2850   -0.880280
    2851   -0.878722
    2852   -0.878722
    2853   -0.877102
    2854   -0.877102
    2855   -0.875422
    2856   -0.875422
    2857   -0.873662
    2858   -0.873662
    2859   -0.871795
    2860   -0.871795
    2861   -0.869818
    2862   -0.869818
    2863   -0.867746
    2864   -0.867746
    2865   -0.865589
    2866   -0.865589
    2867   -0.863356
    2868   -0.863356
    2869   -0.861049
    2870   -0.861049
    2871   -0.858651
    2872   -0.858651
    2873   -0.856117
    2874   -0.856117
    2875   -0.853391
    2876   -0.853391
    2877   -0.850477
    2878   -0.850477
    2879   -0.847395
    2880   -0.847395
    2881   -0.844128
    2882   -0.844128
    2883   -0.840647
    2884   -0.840647
    2885   -0.836933
    2886   -0.836933
    2887   -0.833008
    2888   -0.833008
    2889   -0.829007
    2890   -0.829007
    2891   -0.825300
    2892   -0.825300
    2893   -0.822418
    2894   -0.822418
    2895   -0.820318
    2896   -0.820318
    2897   -0.818414
    2898   -0.818414
    2899   -0.816380
    2900   -0.816380
    2901   -0.814118
    2902   -0.814118
    2903   -0.811521
    2904   -0.811521
    2905   -0.808594
    2906   -0.808594
    2907   -0.805519
    2908   -0.805519
    2909   -0.802260
    2910   -0.802260
    2911   -0.798566
    2912   -0.798566
    2913   -0.794407
    2914   -0.794407
    2915   -0.789882
    2916   -0.789882
    2917   -0.785004
    2918   -0.785004
    2919   -0.779689
    2920   -0.779689
    2921   -0.773957
    2922   -0.773957
    2923   -0.767924
    2924   -0.767924
    2925   -0.761512
    2926   -0.761512
    2927   -0.754539
    2928   -0.754539
    2929   -0.746980
    2930   -0.746980
    2931   -0.738925
    2932   -0.738925
    2933   -0.730326
    2934   -0.730326
    2935   -0.721020
    2936   -0.721020
    2937   -0.711035
    2938   -0.711035
    2939   -0.700485
    2940   -0.700485
    2941   -0.689261
    2942   -0.689261
    2943   -0.677071
    2944   -0.677071
    2945   -0.663780
    2946   -0.663780
    2947   -0.649499
    2948   -0.649499
    2949   -0.634101
    2950   -0.634101
    2951   -0.617119
    2952   -0.617119
    2953   -0.598150
    2954   -0.598150
    2955   -0.576944
    2956   -0.576944
    2957   -0.552733
    2958   -0.552733
    2959   -0.524824
    2960   -0.524824
    2961   -0.492518
    2962   -0.492518
    2963   -0.454154
    2964   -0.454154
    2965   -0.408946
    2966   -0.408946
    2967   -0.358060
    2968   -0.358060
    2969   -0.314337
    2970   -0.314337
    2971   -1.089153
    2972   -1.089153
    2973   -1.093692
    2974   -1.093692
    2975   -1.099195
    2976   -1.099195
    2977   -1.102804
    2978   -1.102804
    2979   -1.105351
    2980   -1.105351
    2981   -1.107333
    2982   -1.107333
    2983   -1.108824
    2984   -1.108824
    2985   -1.110332
    2986   -1.110332
    2987   -1.111975
    2988   -1.111975
    2989   -1.113229
    2990   -1.113229
    2991   -1.113975
    2992   -1.113975
    2993   -1.114494
    2994   -1.114494
    2995   -1.114877
    2996   -1.114877
    2997   -1.115067
    2998   -1.115067
    2999   -1.115076
    3000   -1.115076
    3001   -1.114962
    3002   -1.114962
    3003   -1.114737
    3004   -1.114737
    3005   -1.114393
    3006   -1.114393
    3007   -1.113952
    3008   -1.113952
    3009   -1.113463
    3010   -1.113463
    3011   -1.112936
    3012   -1.112936
    3013   -1.112315
    3014   -1.112315
    3015   -1.111576
    3016   -1.111576
    3017   -1.110753
    3018   -1.110753
    3019   -1.109866
    3020   -1.109866
    3021   -1.108880
    3022   -1.108880
    3023   -1.107779
    3024   -1.107779
    3025   -1.106587
    3026   -1.106587
    3027   -1.105319
    3028   -1.105319
    3029   -1.103982
    3030   -1.103982
    3031   -1.102574
    3032   -1.102574
    3033   -1.101099
    3034   -1.101099
    3035   -1.099558
    3036   -1.099558
    3037   -1.097938
    3038   -1.097938
    3039   -1.096239
    3040   -1.096239
    3041   -1.094489
    3042   -1.094489
    3043   -1.092681
    3044   -1.092681
    3045   -1.090771
    3046   -1.090771
    3047   -1.088741
    3048   -1.088741
    3049   -1.086590
    3050   -1.086590
    3051   -1.084317
    3052   -1.084317
    3053   -1.081938
    3054   -1.081938
    3055   -1.079459
    3056   -1.079459
    3057   -1.076860
    3058   -1.076860
    3059   -1.074140
    3060   -1.074140
    3061   -1.071308
    3062   -1.071308
    3063   -1.068366
    3064   -1.068366
    3065   -1.065323
    3066   -1.065323
    3067   -1.062176
    3068   -1.062176
    3069   -1.058917
    3070   -1.058917
    3071   -1.055507
    3072   -1.055507
    3073   -1.051885
    3074   -1.051885
    3075   -1.048034
    3076   -1.048034
    3077   -1.043951
    3078   -1.043951
    3079   -1.039625
    3080   -1.039625
    3081   -1.035047
    3082   -1.035047
    3083   -1.030179
    3084   -1.030179
    3085   -1.025000
    3086   -1.025000
    3087   -1.019725
    3088   -1.019725
    3089   -1.014846
    3090   -1.014846
    3091   -1.010848
    3092   -1.010848
    3093   -1.007596
    3094   -1.007596
    3095   -1.004430
    3096   -1.004430
    3097   -1.001052
    3098   -1.001052
    3099   -0.997411
    3100   -0.997411
    3101   -0.993332
    3102   -0.993332
    3103   -0.988793
    3104   -0.988793
    3105   -0.983979
    3106   -0.983979
    3107   -0.978921
    3108   -0.978921
    3109   -0.973360
    3110   -0.973360
    3111   -0.967154
    3112   -0.967154
    3113   -0.960520
    3114   -0.960520
    3115   -0.953500
    3116   -0.953500
    3117   -0.945849
    3118   -0.945849
    3119   -0.937558
    3120   -0.937558
    3121   -0.928804
    3122   -0.928804
    3123   -0.919530
    3124   -0.919530
    3125   -0.909541
    3126   -0.909541
    3127   -0.898799
    3128   -0.898799
    3129   -0.887403
    3130   -0.887403
    3131   -0.875319
    3132   -0.875319
    3133   -0.862293
    3134   -0.862293
    3135   -0.848288
    3136   -0.848288
    3137   -0.833506
    3138   -0.833506
    3139   -0.817835
    3140   -0.817835
    3141   -0.800861
    3142   -0.800861
    3143   -0.782406
    3144   -0.782406
    3145   -0.762596
    3146   -0.762596
    3147   -0.741299
    3148   -0.741299
    3149   -0.718063
    3150   -0.718063
    3151   -0.692454
    3152   -0.692454
    3153   -0.664187
    3154   -0.664187
    3155   -0.632419
    3156   -0.632419
    3157   -0.595984
    3158   -0.595984
    3159   -0.553942
    3160   -0.553942
    3161   -0.505677
    3162   -0.505677
    3163   -0.451065
    3164   -0.451065
    3165   -0.391288
    3166   -0.391288
    3167   -0.341012
    3168   -0.341012
    3169   -1.362122
    3170   -1.362122
    3171   -1.367465
    3172   -1.367465
    3173   -1.373594
    3174   -1.373594
    3175   -1.377162
    3176   -1.377162
    3177   -1.379470
    3178   -1.379470
    3179   -1.381688
    3180   -1.381688
    3181   -1.384122
    3182   -1.384122
    3183   -1.387062
    3184   -1.387062
    3185   -1.390268
    3186   -1.390268
    3187   -1.392841
    3188   -1.392841
    3189   -1.394567
    3190   -1.394567
    3191   -1.395834
    3192   -1.395834
    3193   -1.396791
    3194   -1.396791
    3195   -1.397377
    3196   -1.397377
    3197   -1.397609
    3198   -1.397609
    3199   -1.397573
    3200   -1.397573
    3201   -1.397332
    3202   -1.397332
    3203   -1.396931
    3204   -1.396931
    3205   -1.396390
    3206   -1.396390
    3207   -1.395707
    3208   -1.395707
    3209   -1.394906
    3210   -1.394906
    3211   -1.394013
    3212   -1.394013
    3213   -1.393009
    3214   -1.393009
    3215   -1.391882
    3216   -1.391882
    3217   -1.390636
    3218   -1.390636
    3219   -1.389251
    3220   -1.389251
    3221   -1.387702
    3222   -1.387702
    3223   -1.385999
    3224   -1.385999
    3225   -1.384174
    3226   -1.384174
    3227   -1.382274
    3228   -1.382274
    3229   -1.380297
    3230   -1.380297
    3231   -1.378198
    3232   -1.378198
    3233   -1.375973
    3234   -1.375973
    3235   -1.373647
    3236   -1.373647
    3237   -1.371219
    3238   -1.371219
    3239   -1.368674
    3240   -1.368674
    3241   -1.366001
    3242   -1.366001
    3243   -1.363188
    3244   -1.363188
    3245   -1.360221
    3246   -1.360221
    3247   -1.357050
    3248   -1.357050
    3249   -1.353652
    3250   -1.353652
    3251   -1.350090
    3252   -1.350090
    3253   -1.346381
    3254   -1.346381
    3255   -1.342455
    3256   -1.342455
    3257   -1.338336
    3258   -1.338336
    3259   -1.334125
    3260   -1.334125
    3261   -1.329831
    3262   -1.329831
    3263   -1.325389
    3264   -1.325389
    3265   -1.320767
    3266   -1.320767
    3267   -1.315986
    3268   -1.315986
    3269   -1.311002
    3270   -1.311002
    3271   -1.305702
    3272   -1.305702
    3273   -1.300064
    3274   -1.300064
    3275   -1.294162
    3276   -1.294162
    3277   -1.287980
    3278   -1.287980
    3279   -1.281419
    3280   -1.281419
    3281   -1.274458
    3282   -1.274458
    3283   -1.267162
    3284   -1.267162
    3285   -1.259688
    3286   -1.259688
    3287   -1.252505
    3288   -1.252505
    3289   -1.246359
    3290   -1.246359
    3291   -1.241214
    3292   -1.241214
    3293   -1.236131
    3294   -1.236131
    3295   -1.230594
    3296   -1.230594
    3297   -1.224619
    3298   -1.224619
    3299   -1.218142
    3300   -1.218142
    3301   -1.211046
    3302   -1.211046
    3303   -1.203244
    3304   -1.203244
    3305   -1.194827
    3306   -1.194827
    3307   -1.185883
    3308   -1.185883
    3309   -1.176230
    3310   -1.176230
    3311   -1.165830
    3312   -1.165830
    3313   -1.154747
    3314   -1.154747
    3315   -1.142978
    3316   -1.142978
    3317   -1.130425
    3318   -1.130425
    3319   -1.116880
    3320   -1.116880
    3321   -1.102358
    3322   -1.102358
    3323   -1.087096
    3324   -1.087096
    3325   -1.071028
    3326   -1.071028
    3327   -1.053798
    3328   -1.053798
    3329   -1.035350
    3330   -1.035350
    3331   -1.015834
    3332   -1.015834
    3333   -0.995134
    3334   -0.995134
    3335   -0.972937
    3336   -0.972937
    3337   -0.949159
    3338   -0.949159
    3339   -0.923880
    3340   -0.923880
    3341   -0.896824
    3342   -0.896824
    3343   -0.867415
    3344   -0.867415
    3345   -0.835469
    3346   -0.835469
    3347   -0.801160
    3348   -0.801160
    3349   -0.763946
    3350   -0.763946
    3351   -0.722712
    3352   -0.722712
    3353   -0.676533
    3354   -0.676533
    3355   -0.624575
    3356   -0.624575
    3357   -0.565899
    3358   -0.565899
    3359   -0.500380
    3360   -0.500380
    3361   -0.428437
    3362   -0.428437
    3363   -0.353300
    3364   -0.353300
    3365   -0.293133
    3366   -0.293133
    3367   -1.815598
    3368   -1.815598
    3369   -1.823214
    3370   -1.823214
    3371   -1.832255
    3372   -1.832255
    3373   -1.838482
    3374   -1.838482
    3375   -1.843171
    3376   -1.843171
    3377   -1.847401
    3378   -1.847401
    3379   -1.851800
    3380   -1.851800
    3381   -1.856615
    3382   -1.856615
    3383   -1.861446
    3384   -1.861446
    3385   -1.865484
    3386   -1.865484
    3387   -1.868486
    3388   -1.868486
    3389   -1.870745
    3390   -1.870745
    3391   -1.872440
    3392   -1.872440
    3393   -1.873559
    3394   -1.873559
    3395   -1.874087
    3396   -1.874087
    3397   -1.874081
    3398   -1.874081
    3399   -1.873696
    3400   -1.873696
    3401   -1.873120
    3402   -1.873120
    3403   -1.872356
    3404   -1.872356
    3405   -1.871254
    3406   -1.871254
    3407   -1.869862
    3408   -1.869862
    3409   -1.868395
    3410   -1.868395
    3411   -1.866845
    3412   -1.866845
    3413   -1.865039
    3414   -1.865039
    3415   -1.862967
    3416   -1.862967
    3417   -1.860757
    3418   -1.860757
    3419   -1.858394
    3420   -1.858394
    3421   -1.855730
    3422   -1.855730
    3423   -1.852794
    3424   -1.852794
    3425   -1.849790
    3426   -1.849790
    3427   -1.846727
    3428   -1.846727
    3429   -1.843404
    3430   -1.843404
    3431   -1.839806
    3432   -1.839806
    3433   -1.836126
    3434   -1.836126
    3435   -1.832350
    3436   -1.832350
    3437   -1.828253
    3438   -1.828253
    3439   -1.823831
    3440   -1.823831
    3441   -1.819286
    3442   -1.819286
    3443   -1.814587
    3444   -1.814587
    3445   -1.809478
    3446   -1.809478
    3447   -1.803942
    3448   -1.803942
    3449   -1.798211
    3450   -1.798211
    3451   -1.792256
    3452   -1.792256
    3453   -1.785788
    3454   -1.785788
    3455   -1.778903
    3456   -1.778903
    3457   -1.772045
    3458   -1.772045
    3459   -1.765251
    3460   -1.765251
    3461   -1.758185
    3462   -1.758185
    3463   -1.750766
    3464   -1.750766
    3465   -1.743146
    3466   -1.743146
    3467   -1.735225
    3468   -1.735225
    3469   -1.726643
    3470   -1.726643
    3471   -1.717412
    3472   -1.717412
    3473   -1.707938
    3474   -1.707938
    3475   -1.698190
    3476   -1.698190
    3477   -1.687697
    3478   -1.687697
    3479   -1.676487
    3480   -1.676487
    3481   -1.665082
    3482   -1.665082
    3483   -1.653402
    3484   -1.653402
    3485   -1.641376
    3486   -1.641376
    3487   -1.630502
    3488   -1.630502
    3489   -1.621616
    3490   -1.621616
    3491   -1.613268
    3492   -1.613268
    3493   -1.603953
    3494   -1.603953
    3495   -1.593533
    3496   -1.593533
    3497   -1.582559
    3498   -1.582559
    3499   -1.570906
    3500   -1.570906
    3501   -1.557782
    3502   -1.557782
    3503   -1.543270
    3504   -1.543270
    3505   -1.528220
    3506   -1.528220
    3507   -1.512486
    3508   -1.512486
    3509   -1.495148
    3510   -1.495148
    3511   -1.476303
    3512   -1.476303
    3513   -1.456944
    3514   -1.456944
    3515   -1.436818
    3516   -1.436818
    3517   -1.414479
    3518   -1.414479
    3519   -1.390009
    3520   -1.390009
    3521   -1.364933
    3522   -1.364933
    3523   -1.339151
    3524   -1.339151
    3525   -1.310921
    3526   -1.310921
    3527   -1.280126
    3528   -1.280126
    3529   -1.248319
    3530   -1.248319
    3531   -1.215308
    3532   -1.215308
    3533   -1.179128
    3534   -1.179128
    3535   -1.139705
    3536   -1.139705
    3537   -1.098806
    3538   -1.098806
    3539   -1.055954
    3540   -1.055954
    3541   -1.008444
    3542   -1.008444
    3543   -0.955954
    3544   -0.955954
    3545   -0.900522
    3546   -0.900522
    3547   -0.841449
    3548   -0.841449
    3549   -0.775288
    3550   -0.775288
    3551   -0.700719
    3552   -0.700719
    3553   -0.618641
    3554   -0.618641
    3555   -0.528361
    3556   -0.528361
    3557   -0.428519
    3558   -0.428519
    3559   -0.319968
    3560   -0.319968
    3561   -0.211589
    3562   -0.211589
    3563   -0.129346
    3564   -0.129346
    3565   -2.690390
    3566   -2.690390
    3567   -2.703353
    3568   -2.703353
    3569   -2.719101
    3570   -2.719101
    3571   -2.730692
    3572   -2.730692
    3573   -2.739711
    3574   -2.739711
    3575   -2.747725
    3576   -2.747725
    3577   -2.756113
    3578   -2.756113
    3579   -2.764688
    3580   -2.764688
    3581   -2.772786
    3582   -2.772786
    3583   -2.779631
    3584   -2.779631
    3585   -2.784912
    3586   -2.784912
    3587   -2.788944
    3588   -2.788944
    3589   -2.791994
    3590   -2.791994
    3591   -2.794070
    3592   -2.794070
    3593   -2.795108
    3594   -2.795108
    3595   -2.795091
    3596   -2.795091
    3597   -2.794340
    3598   -2.794340
    3599   -2.793389
    3600   -2.793389
    3601   -2.792202
    3602   -2.792202
    3603   -2.790313
    3604   -2.790313
    3605   -2.787802
    3606   -2.787802
    3607   -2.785218
    3608   -2.785218
    3609   -2.782572
    3610   -2.782572
    3611   -2.779392
    3612   -2.779392
    3613   -2.775657
    3614   -2.775657
    3615   -2.771832
    3616   -2.771832
    3617   -2.767913
    3618   -2.767913
    3619   -2.763375
    3620   -2.763375
    3621   -2.758232
    3622   -2.758232
    3623   -2.753071
    3624   -2.753071
    3625   -2.747935
    3626   -2.747935
    3627   -2.742233
    3628   -2.742233
    3629   -2.735912
    3630   -2.735912
    3631   -2.729598
    3632   -2.729598
    3633   -2.723262
    3634   -2.723262
    3635   -2.716170
    3636   -2.716170
    3637   -2.708340
    3638   -2.708340
    3639   -2.700475
    3640   -2.700475
    3641   -2.692476
    3642   -2.692476
    3643   -2.683595
    3644   -2.683595
    3645   -2.673868
    3646   -2.673868
    3647   -2.663975
    3648   -2.663975
    3649   -2.653794
    3650   -2.653794
    3651   -2.642439
    3652   -2.642439
    3653   -2.630124
    3654   -2.630124
    3655   -2.618143
    3656   -2.618143
    3657   -2.606586
    3658   -2.606586
    3659   -2.594429
    3660   -2.594429
    3661   -2.581514
    3662   -2.581514
    3663   -2.568403
    3664   -2.568403
    3665   -2.554861
    3666   -2.554861
    3667   -2.539870
    3668   -2.539870
    3669   -2.523501
    3670   -2.523501
    3671   -2.507007
    3672   -2.507007
    3673   -2.490339
    3674   -2.490339
    3675   -2.472113
    3676   -2.472113
    3677   -2.452425
    3678   -2.452425
    3679   -2.432853
    3680   -2.432853
    3681   -2.413007
    3682   -2.413007
    3683   -2.391605
    3684   -2.391605
    3685   -2.371350
    3686   -2.371350
    3687   -2.355057
    3688   -2.355057
    3689   -2.340877
    3690   -2.340877
    3691   -2.324955
    3692   -2.324955
    3693   -2.306067
    3694   -2.306067
    3695   -2.286459
    3696   -2.286459
    3697   -2.266404
    3698   -2.266404
    3699   -2.243374
    3700   -2.243374
    3701   -2.217369
    3702   -2.217369
    3703   -2.190955
    3704   -2.190955
    3705   -2.163980
    3706   -2.163980
    3707   -2.133586
    3708   -2.133586
    3709   -2.099974
    3710   -2.099974
    3711   -2.066313
    3712   -2.066313
    3713   -2.032067
    3714   -2.032067
    3715   -1.993081
    3716   -1.993081
    3717   -1.949516
    3718   -1.949516
    3719   -1.905782
    3720   -1.905782
    3721   -1.861717
    3722   -1.861717
    3723   -1.812402
    3724   -1.812402
    3725   -1.757612
    3726   -1.757612
    3727   -1.702112
    3728   -1.702112
    3729   -1.645659
    3730   -1.645659
    3731   -1.582632
    3732   -1.582632
    3733   -1.512822
    3734   -1.512822
    3735   -1.441857
    3736   -1.441857
    3737   -1.368963
    3738   -1.368963
    3739   -1.286605
    3740   -1.286605
    3741   -1.194173
    3742   -1.194173
    3743   -1.098007
    3744   -1.098007
    3745   -0.997103
    3746   -0.997103
    3747   -0.882806
    3748   -0.882806
    3749   -0.752885
    3750   -0.752885
    3751   -0.611992
    3752   -0.611992
    3753   -0.459584
    3754   -0.459584
    3755   -0.290583
    3756   -0.290583
    3757   -0.106163
    3758   -0.106163
    3759    0.074351
    3760    0.074351
    3761    0.207803
    3762    0.207803
    3763   -4.065122
    3764   -4.065122
    3765   -4.087611
    3766   -4.087611
    3767   -4.115036
    3768   -4.115036
    3769   -4.134332
    3770   -4.134332
    3771   -4.148631
    3772   -4.148631
    3773   -4.161690
    3774   -4.161690
    3775   -4.176271
    3776   -4.176271
    3777   -4.190954
    3778   -4.190954
    3779   -4.204520
    3780   -4.204520
    3781   -4.215941
    3782   -4.215941
    3783   -4.224738
    3784   -4.224738
    3785   -4.231493
    3786   -4.231493
    3787   -4.236649
    3788   -4.236649
    3789   -4.240183
    3790   -4.240183
    3791   -4.241996
    3792   -4.241996
    3793   -4.241945
    3794   -4.241945
    3795   -4.240583
    3796   -4.240583
    3797   -4.239054
    3798   -4.239054
    3799   -4.237263
    3800   -4.237263
    3801   -4.234174
    3802   -4.234174
    3803   -4.229932
    3804   -4.229932
    3805   -4.225654
    3806   -4.225654
    3807   -4.221352
    3808   -4.221352
    3809   -4.216053
    3810   -4.216053
    3811   -4.209735
    3812   -4.209735
    3813   -4.203433
    3814   -4.203433
    3815   -4.197163
    3816   -4.197163
    3817   -4.189737
    3818   -4.189737
    3819   -4.181144
    3820   -4.181144
    3821   -4.172666
    3822   -4.172666
    3823   -4.164409
    3824   -4.164409
    3825   -4.155057
    3826   -4.155057
    3827   -4.144482
    3828   -4.144482
    3829   -4.134118
    3830   -4.134118
    3831   -4.123928
    3832   -4.123928
    3833   -4.112261
    3834   -4.112261
    3835   -4.099167
    3836   -4.099167
    3837   -4.086237
    3838   -4.086237
    3839   -4.073254
    3840   -4.073254
    3841   -4.058568
    3842   -4.058568
    3843   -4.042324
    3844   -4.042324
    3845   -4.026066
    3846   -4.026066
    3847   -4.009529
    3848   -4.009529
    3849   -3.990696
    3850   -3.990696
    3851   -3.969935
    3852   -3.969935
    3853   -3.950093
    3854   -3.950093
    3855   -3.931334
    3856   -3.931334
    3857   -3.911362
    3858   -3.911362
    3859   -3.889919
    3860   -3.889919
    3861   -3.868391
    3862   -3.868391
    3863   -3.846337
    3864   -3.846337
    3865   -3.821487
    3866   -3.821487
    3867   -3.794001
    3868   -3.794001
    3869   -3.766699
    3870   -3.766699
    3871   -3.739506
    3872   -3.739506
    3873   -3.709368
    3874   -3.709368
    3875   -3.676463
    3876   -3.676463
    3877   -3.644194
    3878   -3.644194
    3879   -3.611721
    3880   -3.611721
    3881   -3.575883
    3882   -3.575883
    3883   -3.541236
    3884   -3.541236
    3885   -3.513622
    3886   -3.513622
    3887   -3.490978
    3888   -3.490978
    3889   -3.465509
    3890   -3.465509
    3891   -3.433588
    3892   -3.433588
    3893   -3.400750
    3894   -3.400750
    3895   -3.368232
    3896   -3.368232
    3897   -3.330171
    3898   -3.330171
    3899   -3.286424
    3900   -3.286424
    3901   -3.242763
    3902   -3.242763
    3903   -3.198965
    3904   -3.198965
    3905   -3.148698
    3906   -3.148698
    3907   -3.092385
    3908   -3.092385
    3909   -3.037033
    3910   -3.037033
    3911   -2.981647
    3912   -2.981647
    3913   -2.917263
    3914   -2.917263
    3915   -2.844169
    3916   -2.844169
    3917   -2.772009
    3918   -2.772009
    3919   -2.700520
    3920   -2.700520
    3921   -2.618996
    3922   -2.618996
    3923   -2.527031
    3924   -2.527031
    3925   -2.435211
    3926   -2.435211
    3927   -2.343314
    3928   -2.343314
    3929   -2.239196
    3930   -2.239196
    3931   -2.122285
    3932   -2.122285
    3933   -2.005258
    3934   -2.005258
    3935   -1.886976
    3936   -1.886976
    3937   -1.751195
    3938   -1.751195
    3939   -1.596869
    3940   -1.596869
    3941   -1.438342
    3942   -1.438342
    3943   -1.274127
    3944   -1.274127
    3945   -1.086122
    3946   -1.086122
    3947   -0.870535
    3948   -0.870535
    3949   -0.638658
    3950   -0.638658
    3951   -0.389986
    3952   -0.389986
    3953   -0.112464
    3954   -0.112464
    3955    0.193537
    3956    0.193537
    3957    0.493447
    3958    0.493447
    3959    0.714340
    3960    0.714340
