       1   -0.000851
       2   -0.000851
       3   -0.000805
       4   -0.000805
       5   -0.000756
       6   -0.000756
       7   -0.000767
       8   -0.000767
       9   -0.000817
      10   -0.000817
      11   -0.000767
      12   -0.000767
      13   -0.000602
      14   -0.000602
      15   -0.000419
      16   -0.000419
      17   -0.000259
      18   -0.000259
      19   -0.000140
      20   -0.000140
      21   -0.000055
      22   -0.000055
      23    0.000021
      24    0.000021
      25    0.000097
      26    0.000097
      27    0.000165
      28    0.000165
      29    0.000213
      30    0.000213
      31    0.000256
      32    0.000256
      33    0.000310
      34    0.000310
      35    0.000360
      36    0.000360
      37    0.000386
      38    0.000386
      39    0.000393
      40    0.000393
      41    0.000400
      42    0.000400
      43    0.000415
      44    0.000415
      45    0.000438
      46    0.000438
      47    0.000470
      48    0.000470
      49    0.000507
      50    0.000507
      51    0.000539
      52    0.000539
      53    0.000562
      54    0.000562
      55    0.000578
      56    0.000578
      57    0.000584
      58    0.000584
      59    0.000584
      60    0.000584
      61    0.000588
      62    0.000588
      63    0.000596
      64    0.000596
      65    0.000603
      66    0.000603
      67    0.000605
      68    0.000605
      69    0.000602
      70    0.000602
      71    0.000600
      72    0.000600
      73    0.000600
      74    0.000600
      75    0.000605
      76    0.000605
      77    0.000624
      78    0.000624
      79    0.000642
      80    0.000642
      81    0.000646
      82    0.000646
      83    0.000651
      84    0.000651
      85    0.000673
      86    0.000673
      87    0.000688
      88    0.000688
      89    0.000671
      90    0.000671
      91    0.000647
      92    0.000647
      93    0.000625
      94    0.000625
      95    0.000608
      96    0.000608
      97    0.000605
      98    0.000605
      99    0.000616
     100    0.000616
     101    0.000631
     102    0.000631
     103    0.000645
     104    0.000645
     105    0.000655
     106    0.000655
     107    0.000653
     108    0.000653
     109    0.000653
     110    0.000653
     111    0.000666
     112    0.000666
     113    0.000678
     114    0.000678
     115    0.000677
     116    0.000677
     117    0.000672
     118    0.000672
     119    0.000678
     120    0.000678
     121    0.000697
     122    0.000697
     123    0.000718
     124    0.000718
     125    0.000737
     126    0.000737
     127    0.000762
     128    0.000762
     129    0.000786
     130    0.000786
     131    0.000804
     132    0.000804
     133    0.000819
     134    0.000819
     135    0.000834
     136    0.000834
     137    0.000852
     138    0.000852
     139    0.000879
     140    0.000879
     141    0.000908
     142    0.000908
     143    0.000932
     144    0.000932
     145    0.000957
     146    0.000957
     147    0.000987
     148    0.000987
     149    0.001024
     150    0.001024
     151    0.001057
     152    0.001057
     153    0.001082
     154    0.001082
     155    0.001103
     156    0.001103
     157    0.001123
     158    0.001123
     159    0.001133
     160    0.001133
     161    0.001130
     162    0.001130
     163    0.001120
     164    0.001120
     165    0.001099
     166    0.001099
     167    0.001055
     168    0.001055
     169    0.000984
     170    0.000984
     171    0.000880
     172    0.000880
     173    0.000717
     174    0.000717
     175    0.000470
     176    0.000470
     177    0.000172
     178    0.000172
     179   -0.000116
     180   -0.000116
     181   -0.000388
     182   -0.000388
     183   -0.000686
     184   -0.000686
     185   -0.001034
     186   -0.001034
     187   -0.001404
     188   -0.001404
     189   -0.001743
     190   -0.001743
     191   -0.001825
     192   -0.001825
     193   -0.001854
     194   -0.001854
     195   -0.002426
     196   -0.002426
     197   -0.003111
     198   -0.003111
     199   -0.002406
     200   -0.002406
     201   -0.002191
     202   -0.002191
     203   -0.001943
     204   -0.001943
     205   -0.001872
     206   -0.001872
     207   -0.001903
     208   -0.001903
     209   -0.001715
     210   -0.001715
     211   -0.001263
     212   -0.001263
     213   -0.000777
     214   -0.000777
     215   -0.000362
     216   -0.000362
     217   -0.000055
     218   -0.000055
     219    0.000172
     220    0.000172
     221    0.000378
     222    0.000378
     223    0.000584
     224    0.000584
     225    0.000760
     226    0.000760
     227    0.000879
     228    0.000879
     229    0.000991
     230    0.000991
     231    0.001133
     232    0.001133
     233    0.001261
     234    0.001261
     235    0.001321
     236    0.001321
     237    0.001334
     238    0.001334
     239    0.001352
     240    0.001352
     241    0.001391
     242    0.001391
     243    0.001453
     244    0.001453
     245    0.001544
     246    0.001544
     247    0.001647
     248    0.001647
     249    0.001731
     250    0.001731
     251    0.001791
     252    0.001791
     253    0.001838
     254    0.001838
     255    0.001860
     256    0.001860
     257    0.001861
     258    0.001861
     259    0.001863
     260    0.001863
     261    0.001874
     262    0.001874
     263    0.001884
     264    0.001884
     265    0.001885
     266    0.001885
     267    0.001878
     268    0.001878
     269    0.001873
     270    0.001873
     271    0.001871
     272    0.001871
     273    0.001888
     274    0.001888
     275    0.001940
     276    0.001940
     277    0.001987
     278    0.001987
     279    0.002011
     280    0.002011
     281    0.002042
     282    0.002042
     283    0.002101
     284    0.002101
     285    0.002122
     286    0.002122
     287    0.002074
     288    0.002074
     289    0.002014
     290    0.002014
     291    0.001962
     292    0.001962
     293    0.001924
     294    0.001924
     295    0.001924
     296    0.001924
     297    0.001950
     298    0.001950
     299    0.001979
     300    0.001979
     301    0.002008
     302    0.002008
     303    0.002030
     304    0.002030
     305    0.002024
     306    0.002024
     307    0.002027
     308    0.002027
     309    0.002062
     310    0.002062
     311    0.002091
     312    0.002091
     313    0.002087
     314    0.002087
     315    0.002071
     316    0.002071
     317    0.002084
     318    0.002084
     319    0.002140
     320    0.002140
     321    0.002203
     322    0.002203
     323    0.002262
     324    0.002262
     325    0.002333
     326    0.002333
     327    0.002405
     328    0.002405
     329    0.002462
     330    0.002462
     331    0.002508
     332    0.002508
     333    0.002554
     334    0.002554
     335    0.002613
     336    0.002613
     337    0.002694
     338    0.002694
     339    0.002778
     340    0.002778
     341    0.002853
     342    0.002853
     343    0.002929
     344    0.002929
     345    0.003018
     346    0.003018
     347    0.003116
     348    0.003116
     349    0.003205
     350    0.003205
     351    0.003276
     352    0.003276
     353    0.003339
     354    0.003339
     355    0.003398
     356    0.003398
     357    0.003423
     358    0.003423
     359    0.003407
     360    0.003407
     361    0.003380
     362    0.003380
     363    0.003328
     364    0.003328
     365    0.003208
     366    0.003208
     367    0.003007
     368    0.003007
     369    0.002729
     370    0.002729
     371    0.002300
     372    0.002300
     373    0.001620
     374    0.001620
     375    0.000776
     376    0.000776
     377   -0.000008
     378   -0.000008
     379   -0.000706
     380   -0.000706
     381   -0.001464
     382   -0.001464
     383   -0.002355
     384   -0.002355
     385   -0.003289
     386   -0.003289
     387   -0.004134
     388   -0.004134
     389   -0.004390
     390   -0.004390
     391   -0.004383
     392   -0.004383
     393   -0.005088
     394   -0.005088
     395   -0.005747
     396   -0.005747
     397   -0.003677
     398   -0.003677
     399   -0.003142
     400   -0.003142
     401   -0.002510
     402   -0.002510
     403   -0.002135
     404   -0.002135
     405   -0.001869
     406   -0.001869
     407   -0.001424
     408   -0.001424
     409   -0.000752
     410   -0.000752
     411   -0.000082
     412   -0.000082
     413    0.000460
     414    0.000460
     415    0.000848
     416    0.000848
     417    0.001141
     418    0.001141
     419    0.001438
     420    0.001438
     421    0.001748
     422    0.001748
     423    0.001984
     424    0.001984
     425    0.002123
     426    0.002123
     427    0.002267
     428    0.002267
     429    0.002453
     430    0.002453
     431    0.002598
     432    0.002598
     433    0.002644
     434    0.002644
     435    0.002649
     436    0.002649
     437    0.002682
     438    0.002682
     439    0.002746
     440    0.002746
     441    0.002841
     442    0.002841
     443    0.002981
     444    0.002981
     445    0.003127
     446    0.003127
     447    0.003233
     448    0.003233
     449    0.003310
     450    0.003310
     451    0.003381
     452    0.003381
     453    0.003420
     454    0.003420
     455    0.003415
     456    0.003415
     457    0.003393
     458    0.003393
     459    0.003373
     460    0.003373
     461    0.003352
     462    0.003352
     463    0.003338
     464    0.003338
     465    0.003333
     466    0.003333
     467    0.003329
     468    0.003329
     469    0.003328
     470    0.003328
     471    0.003360
     472    0.003360
     473    0.003434
     474    0.003434
     475    0.003512
     476    0.003512
     477    0.003587
     478    0.003587
     479    0.003667
     480    0.003667
     481    0.003739
     482    0.003739
     483    0.003746
     484    0.003746
     485    0.003681
     486    0.003681
     487    0.003610
     488    0.003610
     489    0.003558
     490    0.003558
     491    0.003531
     492    0.003531
     493    0.003540
     494    0.003540
     495    0.003564
     496    0.003564
     497    0.003584
     498    0.003584
     499    0.003609
     500    0.003609
     501    0.003631
     502    0.003631
     503    0.003631
     504    0.003631
     505    0.003641
     506    0.003641
     507    0.003685
     508    0.003685
     509    0.003723
     510    0.003723
     511    0.003719
     512    0.003719
     513    0.003692
     514    0.003692
     515    0.003710
     516    0.003710
     517    0.003801
     518    0.003801
     519    0.003907
     520    0.003907
     521    0.004004
     522    0.004004
     523    0.004117
     524    0.004117
     525    0.004241
     526    0.004241
     527    0.004344
     528    0.004344
     529    0.004419
     530    0.004419
     531    0.004500
     532    0.004500
     533    0.004610
     534    0.004610
     535    0.004744
     536    0.004744
     537    0.004879
     538    0.004879
     539    0.005006
     540    0.005006
     541    0.005133
     542    0.005133
     543    0.005270
     544    0.005270
     545    0.005410
     546    0.005410
     547    0.005531
     548    0.005531
     549    0.005632
     550    0.005632
     551    0.005732
     552    0.005732
     553    0.005821
     554    0.005821
     555    0.005839
     556    0.005839
     557    0.005789
     558    0.005789
     559    0.005747
     560    0.005747
     561    0.005691
     562    0.005691
     563    0.005517
     564    0.005517
     565    0.005209
     566    0.005209
     567    0.004832
     568    0.004832
     569    0.004278
     570    0.004278
     571    0.003292
     572    0.003292
     573    0.002006
     574    0.002006
     575    0.000923
     576    0.000923
     577    0.000102
     578    0.000102
     579   -0.000810
     580   -0.000810
     581   -0.001940
     582   -0.001940
     583   -0.003135
     584   -0.003135
     585   -0.004276
     586   -0.004276
     587   -0.005108
     588   -0.005108
     589   -0.005587
     590   -0.005587
     591   -0.005664
     592   -0.005664
     593   -0.005108
     594   -0.005108
     595   -0.004501
     596   -0.004501
     597   -0.003623
     598   -0.003623
     599   -0.002579
     600   -0.002579
     601   -0.001833
     602   -0.001833
     603   -0.001169
     604   -0.001169
     605   -0.000451
     606   -0.000451
     607    0.000363
     608    0.000363
     609    0.001111
     610    0.001111
     611    0.001685
     612    0.001685
     613    0.002087
     614    0.002087
     615    0.002402
     616    0.002402
     617    0.002768
     618    0.002768
     619    0.003163
     620    0.003163
     621    0.003433
     622    0.003433
     623    0.003571
     624    0.003571
     625    0.003717
     626    0.003717
     627    0.003897
     628    0.003897
     629    0.004005
     630    0.004005
     631    0.004011
     632    0.004011
     633    0.004017
     634    0.004017
     635    0.004091
     636    0.004091
     637    0.004205
     638    0.004205
     639    0.004345
     640    0.004345
     641    0.004518
     642    0.004518
     643    0.004688
     644    0.004688
     645    0.004807
     646    0.004807
     647    0.004888
     648    0.004888
     649    0.004958
     650    0.004958
     651    0.004992
     652    0.004992
     653    0.004967
     654    0.004967
     655    0.004912
     656    0.004912
     657    0.004850
     658    0.004850
     659    0.004791
     660    0.004791
     661    0.004767
     662    0.004767
     663    0.004779
     664    0.004779
     665    0.004797
     666    0.004797
     667    0.004814
     668    0.004814
     669    0.004861
     670    0.004861
     671    0.004950
     672    0.004950
     673    0.005065
     674    0.005065
     675    0.005191
     676    0.005191
     677    0.005302
     678    0.005302
     679    0.005371
     680    0.005371
     681    0.005374
     682    0.005374
     683    0.005320
     684    0.005320
     685    0.005266
     686    0.005266
     687    0.005246
     688    0.005246
     689    0.005252
     690    0.005252
     691    0.005265
     692    0.005265
     693    0.005274
     694    0.005274
     695    0.005278
     696    0.005278
     697    0.005290
     698    0.005290
     699    0.005312
     700    0.005312
     701    0.005326
     702    0.005326
     703    0.005345
     704    0.005345
     705    0.005391
     706    0.005391
     707    0.005440
     708    0.005440
     709    0.005447
     710    0.005447
     711    0.005426
     712    0.005426
     713    0.005465
     714    0.005465
     715    0.005591
     716    0.005591
     717    0.005732
     718    0.005732
     719    0.005859
     720    0.005859
     721    0.006008
     722    0.006008
     723    0.006184
     724    0.006184
     725    0.006331
     726    0.006331
     727    0.006430
     728    0.006430
     729    0.006543
     730    0.006543
     731    0.006698
     732    0.006698
     733    0.006866
     734    0.006866
     735    0.007031
     736    0.007031
     737    0.007193
     738    0.007193
     739    0.007348
     740    0.007348
     741    0.007508
     742    0.007508
     743    0.007668
     744    0.007668
     745    0.007805
     746    0.007805
     747    0.007915
     748    0.007915
     749    0.008030
     750    0.008030
     751    0.008130
     752    0.008130
     753    0.008123
     754    0.008123
     755    0.008030
     756    0.008030
     757    0.007973
     758    0.007973
     759    0.007923
     760    0.007923
     761    0.007718
     762    0.007718
     763    0.007346
     764    0.007346
     765    0.006943
     766    0.006943
     767    0.006382
     768    0.006382
     769    0.005256
     770    0.005256
     771    0.003729
     772    0.003729
     773    0.002575
     774    0.002575
     775    0.001888
     776    0.001888
     777    0.001087
     778    0.001087
     779    0.000051
     780    0.000051
     781   -0.001047
     782   -0.001047
     783   -0.002273
     784   -0.002273
     785   -0.003932
     786   -0.003932
     787   -0.005518
     788   -0.005518
     789   -0.005681
     790   -0.005681
     791   -0.004797
     792   -0.004797
     793   -0.004581
     794   -0.004581
     795   -0.003496
     796   -0.003496
     797   -0.002194
     798   -0.002194
     799   -0.001279
     800   -0.001279
     801   -0.000523
     802   -0.000523
     803    0.000232
     804    0.000232
     805    0.001045
     806    0.001045
     807    0.001772
     808    0.001772
     809    0.002331
     810    0.002331
     811    0.002753
     812    0.002753
     813    0.003119
     814    0.003119
     815    0.003544
     816    0.003544
     817    0.003985
     818    0.003985
     819    0.004283
     820    0.004283
     821    0.004440
     822    0.004440
     823    0.004573
     824    0.004573
     825    0.004711
     826    0.004711
     827    0.004790
     828    0.004790
     829    0.004813
     830    0.004813
     831    0.004870
     832    0.004870
     833    0.005007
     834    0.005007
     835    0.005185
     836    0.005185
     837    0.005373
     838    0.005373
     839    0.005572
     840    0.005572
     841    0.005768
     842    0.005768
     843    0.005921
     844    0.005921
     845    0.006016
     846    0.006016
     847    0.006066
     848    0.006066
     849    0.006071
     850    0.006071
     851    0.006035
     852    0.006035
     853    0.005979
     854    0.005979
     855    0.005926
     856    0.005926
     857    0.005898
     858    0.005898
     859    0.005916
     860    0.005916
     861    0.005968
     862    0.005968
     863    0.006021
     864    0.006021
     865    0.006069
     866    0.006069
     867    0.006131
     868    0.006131
     869    0.006227
     870    0.006227
     871    0.006343
     872    0.006343
     873    0.006448
     874    0.006448
     875    0.006531
     876    0.006531
     877    0.006578
     878    0.006578
     879    0.006591
     880    0.006591
     881    0.006576
     882    0.006576
     883    0.006567
     884    0.006567
     885    0.006593
     886    0.006593
     887    0.006630
     888    0.006630
     889    0.006644
     890    0.006644
     891    0.006639
     892    0.006639
     893    0.006629
     894    0.006629
     895    0.006625
     896    0.006625
     897    0.006637
     898    0.006637
     899    0.006658
     900    0.006658
     901    0.006683
     902    0.006683
     903    0.006730
     904    0.006730
     905    0.006791
     906    0.006791
     907    0.006822
     908    0.006822
     909    0.006838
     910    0.006838
     911    0.006917
     912    0.006917
     913    0.007065
     914    0.007065
     915    0.007221
     916    0.007221
     917    0.007371
     918    0.007371
     919    0.007554
     920    0.007554
     921    0.007770
     922    0.007770
     923    0.007949
     924    0.007949
     925    0.008078
     926    0.008078
     927    0.008212
     928    0.008212
     929    0.008375
     930    0.008375
     931    0.008543
     932    0.008543
     933    0.008707
     934    0.008707
     935    0.008864
     936    0.008864
     937    0.009017
     938    0.009017
     939    0.009176
     940    0.009176
     941    0.009342
     942    0.009342
     943    0.009490
     944    0.009490
     945    0.009616
     946    0.009616
     947    0.009736
     948    0.009736
     949    0.009829
     950    0.009829
     951    0.009822
     952    0.009822
     953    0.009737
     954    0.009737
     955    0.009682
     956    0.009682
     957    0.009625
     958    0.009625
     959    0.009418
     960    0.009418
     961    0.009052
     962    0.009052
     963    0.008651
     964    0.008651
     965    0.008102
     966    0.008102
     967    0.007030
     968    0.007030
     969    0.005587
     970    0.005587
     971    0.004500
     972    0.004500
     973    0.003869
     974    0.003869
     975    0.003175
     976    0.003175
     977    0.002493
     978    0.002493
     979    0.001884
     980    0.001884
     981    0.000869
     982    0.000869
     983   -0.000922
     984   -0.000922
     985   -0.002823
     986   -0.002823
     987   -0.003397
     988   -0.003397
     989   -0.003037
     990   -0.003037
     991   -0.003960
     992   -0.003960
     993   -0.002762
     994   -0.002762
     995   -0.001302
     996   -0.001302
     997   -0.000368
     998   -0.000368
     999    0.000247
    1000    0.000247
    1001    0.000868
    1002    0.000868
    1003    0.001587
    1004    0.001587
    1005    0.002239
    1006    0.002239
    1007    0.002760
    1008    0.002760
    1009    0.003195
    1010    0.003195
    1011    0.003604
    1012    0.003604
    1013    0.004041
    1014    0.004041
    1015    0.004467
    1016    0.004467
    1017    0.004772
    1018    0.004772
    1019    0.004947
    1020    0.004947
    1021    0.005071
    1022    0.005071
    1023    0.005184
    1024    0.005184
    1025    0.005293
    1026    0.005293
    1027    0.005408
    1028    0.005408
    1029    0.005554
    1030    0.005554
    1031    0.005742
    1032    0.005742
    1033    0.005948
    1034    0.005948
    1035    0.006150
    1036    0.006150
    1037    0.006356
    1038    0.006356
    1039    0.006568
    1040    0.006568
    1041    0.006750
    1042    0.006750
    1043    0.006873
    1044    0.006873
    1045    0.006931
    1046    0.006931
    1047    0.006936
    1048    0.006936
    1049    0.006925
    1050    0.006925
    1051    0.006917
    1052    0.006917
    1053    0.006929
    1054    0.006929
    1055    0.006989
    1056    0.006989
    1057    0.007086
    1058    0.007086
    1059    0.007180
    1060    0.007180
    1061    0.007249
    1062    0.007249
    1063    0.007314
    1064    0.007314
    1065    0.007389
    1066    0.007389
    1067    0.007471
    1068    0.007471
    1069    0.007535
    1070    0.007535
    1071    0.007568
    1072    0.007568
    1073    0.007589
    1074    0.007589
    1075    0.007607
    1076    0.007607
    1077    0.007626
    1078    0.007626
    1079    0.007654
    1080    0.007654
    1081    0.007689
    1082    0.007689
    1083    0.007737
    1084    0.007737
    1085    0.007780
    1086    0.007780
    1087    0.007795
    1088    0.007795
    1089    0.007788
    1090    0.007788
    1091    0.007770
    1092    0.007770
    1093    0.007750
    1094    0.007750
    1095    0.007742
    1096    0.007742
    1097    0.007755
    1098    0.007755
    1099    0.007784
    1100    0.007784
    1101    0.007834
    1102    0.007834
    1103    0.007898
    1104    0.007898
    1105    0.007960
    1106    0.007960
    1107    0.008027
    1108    0.008027
    1109    0.008131
    1110    0.008131
    1111    0.008277
    1112    0.008277
    1113    0.008447
    1114    0.008447
    1115    0.008637
    1116    0.008637
    1117    0.008866
    1118    0.008866
    1119    0.009118
    1120    0.009118
    1121    0.009337
    1122    0.009337
    1123    0.009519
    1124    0.009519
    1125    0.009686
    1126    0.009686
    1127    0.009851
    1128    0.009851
    1129    0.010022
    1130    0.010022
    1131    0.010192
    1132    0.010192
    1133    0.010349
    1134    0.010349
    1135    0.010504
    1136    0.010504
    1137    0.010679
    1138    0.010679
    1139    0.010865
    1140    0.010865
    1141    0.011047
    1142    0.011047
    1143    0.011217
    1144    0.011217
    1145    0.011368
    1146    0.011368
    1147    0.011480
    1148    0.011480
    1149    0.011519
    1150    0.011519
    1151    0.011503
    1152    0.011503
    1153    0.011484
    1154    0.011484
    1155    0.011433
    1156    0.011433
    1157    0.011247
    1158    0.011247
    1159    0.010917
    1160    0.010917
    1161    0.010512
    1162    0.010512
    1163    0.009964
    1164    0.009964
    1165    0.009062
    1166    0.009062
    1167    0.007896
    1168    0.007896
    1169    0.006876
    1170    0.006876
    1171    0.006094
    1172    0.006094
    1173    0.005312
    1174    0.005312
    1175    0.004839
    1176    0.004839
    1177    0.004556
    1178    0.004556
    1179    0.003668
    1180    0.003668
    1181    0.002303
    1182    0.002303
    1183    0.000983
    1184    0.000983
    1185    0.000207
    1186    0.000207
    1187   -0.000037
    1188   -0.000037
    1189   -0.002871
    1190   -0.002871
    1191   -0.001572
    1192   -0.001572
    1193    0.000038
    1194    0.000038
    1195    0.001104
    1196    0.001104
    1197    0.001815
    1198    0.001815
    1199    0.002457
    1200    0.002457
    1201    0.003118
    1202    0.003118
    1203    0.003704
    1204    0.003704
    1205    0.004185
    1206    0.004185
    1207    0.004594
    1208    0.004594
    1209    0.004965
    1210    0.004965
    1211    0.005322
    1212    0.005322
    1213    0.005655
    1214    0.005655
    1215    0.005921
    1216    0.005921
    1217    0.006105
    1218    0.006105
    1219    0.006245
    1220    0.006245
    1221    0.006384
    1222    0.006384
    1223    0.006555
    1224    0.006555
    1225    0.006753
    1226    0.006753
    1227    0.006953
    1228    0.006953
    1229    0.007147
    1230    0.007147
    1231    0.007339
    1232    0.007339
    1233    0.007524
    1234    0.007524
    1235    0.007709
    1236    0.007709
    1237    0.007894
    1238    0.007894
    1239    0.008056
    1240    0.008056
    1241    0.008186
    1242    0.008186
    1243    0.008284
    1244    0.008284
    1245    0.008355
    1246    0.008355
    1247    0.008415
    1248    0.008415
    1249    0.008480
    1250    0.008480
    1251    0.008559
    1252    0.008559
    1253    0.008669
    1254    0.008669
    1255    0.008794
    1256    0.008794
    1257    0.008898
    1258    0.008898
    1259    0.008969
    1260    0.008969
    1261    0.009033
    1262    0.009033
    1263    0.009105
    1264    0.009105
    1265    0.009164
    1266    0.009164
    1267    0.009189
    1268    0.009189
    1269    0.009185
    1270    0.009185
    1271    0.009176
    1272    0.009176
    1273    0.009176
    1274    0.009176
    1275    0.009193
    1276    0.009193
    1277    0.009231
    1278    0.009231
    1279    0.009274
    1280    0.009274
    1281    0.009309
    1282    0.009309
    1283    0.009336
    1284    0.009336
    1285    0.009353
    1286    0.009353
    1287    0.009353
    1288    0.009353
    1289    0.009337
    1290    0.009337
    1291    0.009309
    1292    0.009309
    1293    0.009288
    1294    0.009288
    1295    0.009297
    1296    0.009297
    1297    0.009337
    1298    0.009337
    1299    0.009393
    1300    0.009393
    1301    0.009468
    1302    0.009468
    1303    0.009563
    1304    0.009563
    1305    0.009665
    1306    0.009665
    1307    0.009770
    1308    0.009770
    1309    0.009912
    1310    0.009912
    1311    0.010128
    1312    0.010128
    1313    0.010406
    1314    0.010406
    1315    0.010703
    1316    0.010703
    1317    0.010994
    1318    0.010994
    1319    0.011284
    1320    0.011284
    1321    0.011574
    1322    0.011574
    1323    0.011826
    1324    0.011826
    1325    0.012035
    1326    0.012035
    1327    0.012254
    1328    0.012254
    1329    0.012491
    1330    0.012491
    1331    0.012710
    1332    0.012710
    1333    0.012920
    1334    0.012920
    1335    0.013158
    1336    0.013158
    1337    0.013416
    1338    0.013416
    1339    0.013662
    1340    0.013662
    1341    0.013882
    1342    0.013882
    1343    0.014088
    1344    0.014088
    1345    0.014260
    1346    0.014260
    1347    0.014357
    1348    0.014357
    1349    0.014396
    1350    0.014396
    1351    0.014437
    1352    0.014437
    1353    0.014444
    1354    0.014444
    1355    0.014284
    1356    0.014284
    1357    0.013948
    1358    0.013948
    1359    0.013535
    1360    0.013535
    1361    0.013029
    1362    0.013029
    1363    0.012314
    1364    0.012314
    1365    0.011401
    1366    0.011401
    1367    0.010440
    1368    0.010440
    1369    0.009564
    1370    0.009564
    1371    0.008675
    1372    0.008675
    1373    0.007903
    1374    0.007903
    1375    0.007215
    1376    0.007215
    1377    0.006126
    1378    0.006126
    1379    0.004944
    1380    0.004944
    1381    0.003889
    1382    0.003889
    1383    0.002875
    1384    0.002875
    1385    0.002219
    1386    0.002219
    1387   -0.001279
    1388   -0.001279
    1389    0.000009
    1390    0.000009
    1391    0.001620
    1392    0.001620
    1393    0.002804
    1394    0.002804
    1395    0.003743
    1396    0.003743
    1397    0.004500
    1398    0.004500
    1399    0.005127
    1400    0.005127
    1401    0.005664
    1402    0.005664
    1403    0.006124
    1404    0.006124
    1405    0.006516
    1406    0.006516
    1407    0.006845
    1408    0.006845
    1409    0.007119
    1410    0.007119
    1411    0.007365
    1412    0.007365
    1413    0.007604
    1414    0.007604
    1415    0.007829
    1416    0.007829
    1417    0.008029
    1418    0.008029
    1419    0.008220
    1420    0.008220
    1421    0.008435
    1422    0.008435
    1423    0.008669
    1424    0.008669
    1425    0.008880
    1426    0.008880
    1427    0.009059
    1428    0.009059
    1429    0.009233
    1430    0.009233
    1431    0.009407
    1432    0.009407
    1433    0.009571
    1434    0.009571
    1435    0.009715
    1436    0.009715
    1437    0.009835
    1438    0.009835
    1439    0.009944
    1440    0.009944
    1441    0.010064
    1442    0.010064
    1443    0.010200
    1444    0.010200
    1445    0.010332
    1446    0.010332
    1447    0.010444
    1448    0.010444
    1449    0.010542
    1450    0.010542
    1451    0.010633
    1452    0.010633
    1453    0.010709
    1454    0.010709
    1455    0.010769
    1456    0.010769
    1457    0.010826
    1458    0.010826
    1459    0.010889
    1460    0.010889
    1461    0.010958
    1462    0.010958
    1463    0.011017
    1464    0.011017
    1465    0.011049
    1466    0.011049
    1467    0.011058
    1468    0.011058
    1469    0.011062
    1470    0.011062
    1471    0.011067
    1472    0.011067
    1473    0.011077
    1474    0.011077
    1475    0.011098
    1476    0.011098
    1477    0.011125
    1478    0.011125
    1479    0.011147
    1480    0.011147
    1481    0.011169
    1482    0.011169
    1483    0.011196
    1484    0.011196
    1485    0.011213
    1486    0.011213
    1487    0.011214
    1488    0.011214
    1489    0.011203
    1490    0.011203
    1491    0.011197
    1492    0.011197
    1493    0.011227
    1494    0.011227
    1495    0.011294
    1496    0.011294
    1497    0.011377
    1498    0.011377
    1499    0.011479
    1500    0.011479
    1501    0.011605
    1502    0.011605
    1503    0.011733
    1504    0.011733
    1505    0.011855
    1506    0.011855
    1507    0.012027
    1508    0.012027
    1509    0.012325
    1510    0.012325
    1511    0.012726
    1512    0.012726
    1513    0.013112
    1514    0.013112
    1515    0.013459
    1516    0.013459
    1517    0.013856
    1518    0.013856
    1519    0.014309
    1520    0.014309
    1521    0.014706
    1522    0.014706
    1523    0.015022
    1524    0.015022
    1525    0.015348
    1526    0.015348
    1527    0.015714
    1528    0.015714
    1529    0.016070
    1530    0.016070
    1531    0.016410
    1532    0.016410
    1533    0.016774
    1534    0.016774
    1535    0.017156
    1536    0.017156
    1537    0.017494
    1538    0.017494
    1539    0.017770
    1540    0.017770
    1541    0.018038
    1542    0.018038
    1543    0.018289
    1544    0.018289
    1545    0.018436
    1546    0.018436
    1547    0.018500
    1548    0.018500
    1549    0.018593
    1550    0.018593
    1551    0.018672
    1552    0.018672
    1553    0.018538
    1554    0.018538
    1555    0.018179
    1556    0.018179
    1557    0.017772
    1558    0.017772
    1559    0.017342
    1560    0.017342
    1561    0.016767
    1562    0.016767
    1563    0.015998
    1564    0.015998
    1565    0.015086
    1566    0.015086
    1567    0.014236
    1568    0.014236
    1569    0.013296
    1570    0.013296
    1571    0.011948
    1572    0.011948
    1573    0.010486
    1574    0.010486
    1575    0.009068
    1576    0.009068
    1577    0.007705
    1578    0.007705
    1579    0.006313
    1580    0.006313
    1581    0.004849
    1582    0.004849
    1583    0.003829
    1584    0.003829
    1585    0.000774
    1586    0.000774
    1587    0.001826
    1588    0.001826
    1589    0.003132
    1590    0.003132
    1591    0.004087
    1592    0.004087
    1593    0.004851
    1594    0.004851
    1595    0.005480
    1596    0.005480
    1597    0.006026
    1598    0.006026
    1599    0.006542
    1600    0.006542
    1601    0.007040
    1602    0.007040
    1603    0.007495
    1604    0.007495
    1605    0.007889
    1606    0.007889
    1607    0.008225
    1608    0.008225
    1609    0.008524
    1610    0.008524
    1611    0.008826
    1612    0.008826
    1613    0.009138
    1614    0.009138
    1615    0.009436
    1616    0.009436
    1617    0.009713
    1618    0.009713
    1619    0.009980
    1620    0.009980
    1621    0.010242
    1622    0.010242
    1623    0.010483
    1624    0.010483
    1625    0.010695
    1626    0.010695
    1627    0.010892
    1628    0.010892
    1629    0.011077
    1630    0.011077
    1631    0.011233
    1632    0.011233
    1633    0.011359
    1634    0.011359
    1635    0.011462
    1636    0.011462
    1637    0.011552
    1638    0.011552
    1639    0.011642
    1640    0.011642
    1641    0.011749
    1642    0.011749
    1643    0.011856
    1644    0.011856
    1645    0.011936
    1646    0.011936
    1647    0.011987
    1648    0.011987
    1649    0.012011
    1650    0.012011
    1651    0.012010
    1652    0.012010
    1653    0.012005
    1654    0.012005
    1655    0.012025
    1656    0.012025
    1657    0.012077
    1658    0.012077
    1659    0.012152
    1660    0.012152
    1661    0.012228
    1662    0.012228
    1663    0.012283
    1664    0.012283
    1665    0.012319
    1666    0.012319
    1667    0.012351
    1668    0.012351
    1669    0.012374
    1670    0.012374
    1671    0.012387
    1672    0.012387
    1673    0.012406
    1674    0.012406
    1675    0.012437
    1676    0.012437
    1677    0.012470
    1678    0.012470
    1679    0.012513
    1680    0.012513
    1681    0.012569
    1682    0.012569
    1683    0.012621
    1684    0.012621
    1685    0.012665
    1686    0.012665
    1687    0.012712
    1688    0.012712
    1689    0.012769
    1690    0.012769
    1691    0.012854
    1692    0.012854
    1693    0.012964
    1694    0.012964
    1695    0.013075
    1696    0.013075
    1697    0.013188
    1698    0.013188
    1699    0.013326
    1700    0.013326
    1701    0.013483
    1702    0.013483
    1703    0.013651
    1704    0.013651
    1705    0.013883
    1706    0.013883
    1707    0.014261
    1708    0.014261
    1709    0.014764
    1710    0.014764
    1711    0.015249
    1712    0.015249
    1713    0.015692
    1714    0.015692
    1715    0.016218
    1716    0.016218
    1717    0.016834
    1718    0.016834
    1719    0.017416
    1720    0.017416
    1721    0.017929
    1722    0.017929
    1723    0.018441
    1724    0.018441
    1725    0.018985
    1726    0.018985
    1727    0.019536
    1728    0.019536
    1729    0.020080
    1730    0.020080
    1731    0.020631
    1732    0.020631
    1733    0.021172
    1734    0.021172
    1735    0.021647
    1736    0.021647
    1737    0.022046
    1738    0.022046
    1739    0.022431
    1740    0.022431
    1741    0.022797
    1742    0.022797
    1743    0.023055
    1744    0.023055
    1745    0.023212
    1746    0.023212
    1747    0.023375
    1748    0.023375
    1749    0.023512
    1750    0.023512
    1751    0.023446
    1752    0.023446
    1753    0.023161
    1754    0.023161
    1755    0.022820
    1756    0.022820
    1757    0.022438
    1758    0.022438
    1759    0.021873
    1760    0.021873
    1761    0.021076
    1762    0.021076
    1763    0.020107
    1764    0.020107
    1765    0.019137
    1766    0.019137
    1767    0.017962
    1768    0.017962
    1769    0.016149
    1770    0.016149
    1771    0.014082
    1772    0.014082
    1773    0.012175
    1774    0.012175
    1775    0.010309
    1776    0.010309
    1777    0.008306
    1778    0.008306
    1779    0.006265
    1780    0.006265
    1781    0.004824
    1782    0.004824
    1783    0.002565
    1784    0.002565
    1785    0.003256
    1786    0.003256
    1787    0.004102
    1788    0.004102
    1789    0.004639
    1790    0.004639
    1791    0.004985
    1792    0.004985
    1793    0.005376
    1794    0.005376
    1795    0.005883
    1796    0.005883
    1797    0.006452
    1798    0.006452
    1799    0.007041
    1800    0.007041
    1801    0.007601
    1802    0.007601
    1803    0.008119
    1804    0.008119
    1805    0.008604
    1806    0.008604
    1807    0.009051
    1808    0.009051
    1809    0.009469
    1810    0.009469
    1811    0.009875
    1812    0.009875
    1813    0.010281
    1814    0.010281
    1815    0.010674
    1816    0.010674
    1817    0.011026
    1818    0.011026
    1819    0.011340
    1820    0.011340
    1821    0.011639
    1822    0.011639
    1823    0.011924
    1824    0.011924
    1825    0.012173
    1826    0.012173
    1827    0.012378
    1828    0.012378
    1829    0.012533
    1830    0.012533
    1831    0.012648
    1832    0.012648
    1833    0.012745
    1834    0.012745
    1835    0.012818
    1836    0.012818
    1837    0.012855
    1838    0.012855
    1839    0.012873
    1840    0.012873
    1841    0.012892
    1842    0.012892
    1843    0.012903
    1844    0.012903
    1845    0.012888
    1846    0.012888
    1847    0.012845
    1848    0.012845
    1849    0.012794
    1850    0.012794
    1851    0.012757
    1852    0.012757
    1853    0.012752
    1854    0.012752
    1855    0.012782
    1856    0.012782
    1857    0.012836
    1858    0.012836
    1859    0.012898
    1860    0.012898
    1861    0.012953
    1862    0.012953
    1863    0.013006
    1864    0.013006
    1865    0.013052
    1866    0.013052
    1867    0.013087
    1868    0.013087
    1869    0.013121
    1870    0.013121
    1871    0.013163
    1872    0.013163
    1873    0.013212
    1874    0.013212
    1875    0.013263
    1876    0.013263
    1877    0.013325
    1878    0.013325
    1879    0.013402
    1880    0.013402
    1881    0.013482
    1882    0.013482
    1883    0.013567
    1884    0.013567
    1885    0.013675
    1886    0.013675
    1887    0.013807
    1888    0.013807
    1889    0.013949
    1890    0.013949
    1891    0.014083
    1892    0.014083
    1893    0.014185
    1894    0.014185
    1895    0.014261
    1896    0.014261
    1897    0.014366
    1898    0.014366
    1899    0.014514
    1900    0.014514
    1901    0.014701
    1902    0.014701
    1903    0.014961
    1904    0.014961
    1905    0.015363
    1906    0.015363
    1907    0.015898
    1908    0.015898
    1909    0.016455
    1910    0.016455
    1911    0.017013
    1912    0.017013
    1913    0.017662
    1914    0.017662
    1915    0.018408
    1916    0.018408
    1917    0.019176
    1918    0.019176
    1919    0.019936
    1920    0.019936
    1921    0.020692
    1922    0.020692
    1923    0.021454
    1924    0.021454
    1925    0.022221
    1926    0.022221
    1927    0.022988
    1928    0.022988
    1929    0.023748
    1930    0.023748
    1931    0.024475
    1932    0.024475
    1933    0.025137
    1934    0.025137
    1935    0.025747
    1936    0.025747
    1937    0.026332
    1938    0.026332
    1939    0.026886
    1940    0.026886
    1941    0.027357
    1942    0.027357
    1943    0.027735
    1944    0.027735
    1945    0.028065
    1946    0.028065
    1947    0.028323
    1948    0.028323
    1949    0.028411
    1950    0.028411
    1951    0.028316
    1952    0.028316
    1953    0.028118
    1954    0.028118
    1955    0.027784
    1956    0.027784
    1957    0.027169
    1958    0.027169
    1959    0.026257
    1960    0.026257
    1961    0.025135
    1962    0.025135
    1963    0.023836
    1964    0.023836
    1965    0.022213
    1966    0.022213
    1967    0.020040
    1968    0.020040
    1969    0.017459
    1970    0.017459
    1971    0.014750
    1972    0.014750
    1973    0.011982
    1974    0.011982
    1975    0.009143
    1976    0.009143
    1977    0.006477
    1978    0.006477
    1979    0.004648
    1980    0.004648
    1981    0.002901
    1982    0.002901
    1983    0.003363
    1984    0.003363
    1985    0.003958
    1986    0.003958
    1987    0.004386
    1988    0.004386
    1989    0.004725
    1990    0.004725
    1991    0.005209
    1992    0.005209
    1993    0.005863
    1994    0.005863
    1995    0.006531
    1996    0.006531
    1997    0.007140
    1998    0.007140
    1999    0.007723
    2000    0.007723
    2001    0.008311
    2002    0.008311
    2003    0.008888
    2004    0.008888
    2005    0.009432
    2006    0.009432
    2007    0.009934
    2008    0.009934
    2009    0.010408
    2010    0.010408
    2011    0.010874
    2012    0.010874
    2013    0.011327
    2014    0.011327
    2015    0.011739
    2016    0.011739
    2017    0.012108
    2018    0.012108
    2019    0.012448
    2020    0.012448
    2021    0.012760
    2022    0.012760
    2023    0.013025
    2024    0.013025
    2025    0.013235
    2026    0.013235
    2027    0.013392
    2028    0.013392
    2029    0.013508
    2030    0.013508
    2031    0.013603
    2032    0.013603
    2033    0.013671
    2034    0.013671
    2035    0.013698
    2036    0.013698
    2037    0.013699
    2038    0.013699
    2039    0.013701
    2040    0.013701
    2041    0.013704
    2042    0.013704
    2043    0.013693
    2044    0.013693
    2045    0.013664
    2046    0.013664
    2047    0.013629
    2048    0.013629
    2049    0.013602
    2050    0.013602
    2051    0.013591
    2052    0.013591
    2053    0.013593
    2054    0.013593
    2055    0.013598
    2056    0.013598
    2057    0.013605
    2058    0.013605
    2059    0.013621
    2060    0.013621
    2061    0.013647
    2062    0.013647
    2063    0.013668
    2064    0.013668
    2065    0.013690
    2066    0.013690
    2067    0.013729
    2068    0.013729
    2069    0.013781
    2070    0.013781
    2071    0.013833
    2072    0.013833
    2073    0.013877
    2074    0.013877
    2075    0.013914
    2076    0.013914
    2077    0.013948
    2078    0.013948
    2079    0.013995
    2080    0.013995
    2081    0.014065
    2082    0.014065
    2083    0.014168
    2084    0.014168
    2085    0.014294
    2086    0.014294
    2087    0.014418
    2088    0.014418
    2089    0.014524
    2090    0.014524
    2091    0.014601
    2092    0.014601
    2093    0.014654
    2094    0.014654
    2095    0.014727
    2096    0.014727
    2097    0.014855
    2098    0.014855
    2099    0.015054
    2100    0.015054
    2101    0.015350
    2102    0.015350
    2103    0.015780
    2104    0.015780
    2105    0.016342
    2106    0.016342
    2107    0.016979
    2108    0.016979
    2109    0.017679
    2110    0.017679
    2111    0.018473
    2112    0.018473
    2113    0.019350
    2114    0.019350
    2115    0.020279
    2116    0.020279
    2117    0.021251
    2118    0.021251
    2119    0.022256
    2120    0.022256
    2121    0.023272
    2122    0.023272
    2123    0.024272
    2124    0.024272
    2125    0.025255
    2126    0.025255
    2127    0.026234
    2128    0.026234
    2129    0.027187
    2130    0.027187
    2131    0.028087
    2132    0.028087
    2133    0.028946
    2134    0.028946
    2135    0.029783
    2136    0.029783
    2137    0.030591
    2138    0.030591
    2139    0.031337
    2140    0.031337
    2141    0.032002
    2142    0.032002
    2143    0.032590
    2144    0.032590
    2145    0.033073
    2146    0.033073
    2147    0.033381
    2148    0.033381
    2149    0.033504
    2150    0.033504
    2151    0.033482
    2152    0.033482
    2153    0.033266
    2154    0.033266
    2155    0.032741
    2156    0.032741
    2157    0.031867
    2158    0.031867
    2159    0.030631
    2160    0.030631
    2161    0.028938
    2162    0.028938
    2163    0.026827
    2164    0.026827
    2165    0.024285
    2166    0.024285
    2167    0.021092
    2168    0.021092
    2169    0.017315
    2170    0.017315
    2171    0.013226
    2172    0.013226
    2173    0.009132
    2174    0.009132
    2175    0.005581
    2176    0.005581
    2177    0.003271
    2178    0.003271
    2179    0.000921
    2180    0.000921
    2181    0.001382
    2182    0.001382
    2183    0.002016
    2184    0.002016
    2185    0.002705
    2186    0.002705
    2187    0.003510
    2188    0.003510
    2189    0.004452
    2190    0.004452
    2191    0.005453
    2192    0.005453
    2193    0.006291
    2194    0.006291
    2195    0.006914
    2196    0.006914
    2197    0.007514
    2198    0.007514
    2199    0.008167
    2200    0.008167
    2201    0.008807
    2202    0.008807
    2203    0.009401
    2204    0.009401
    2205    0.009961
    2206    0.009961
    2207    0.010493
    2208    0.010493
    2209    0.010985
    2210    0.010985
    2211    0.011432
    2212    0.011432
    2213    0.011851
    2214    0.011851
    2215    0.012244
    2216    0.012244
    2217    0.012592
    2218    0.012592
    2219    0.012890
    2220    0.012890
    2221    0.013147
    2222    0.013147
    2223    0.013366
    2224    0.013366
    2225    0.013540
    2226    0.013540
    2227    0.013675
    2228    0.013675
    2229    0.013784
    2230    0.013784
    2231    0.013874
    2232    0.013874
    2233    0.013951
    2234    0.013951
    2235    0.014021
    2236    0.014021
    2237    0.014080
    2238    0.014080
    2239    0.014131
    2240    0.014131
    2241    0.014187
    2242    0.014187
    2243    0.014240
    2244    0.014240
    2245    0.014262
    2246    0.014262
    2247    0.014251
    2248    0.014251
    2249    0.014223
    2250    0.014223
    2251    0.014187
    2252    0.014187
    2253    0.014140
    2254    0.014140
    2255    0.014088
    2256    0.014088
    2257    0.014042
    2258    0.014042
    2259    0.013998
    2260    0.013998
    2261    0.013953
    2262    0.013953
    2263    0.013924
    2264    0.013924
    2265    0.013925
    2266    0.013925
    2267    0.013949
    2268    0.013949
    2269    0.013971
    2270    0.013971
    2271    0.013982
    2272    0.013982
    2273    0.013957
    2274    0.013957
    2275    0.013901
    2276    0.013901
    2277    0.013862
    2278    0.013862
    2279    0.013863
    2280    0.013863
    2281    0.013890
    2282    0.013890
    2283    0.013923
    2284    0.013923
    2285    0.013951
    2286    0.013951
    2287    0.013988
    2288    0.013988
    2289    0.014056
    2290    0.014056
    2291    0.014160
    2292    0.014160
    2293    0.014298
    2294    0.014298
    2295    0.014517
    2296    0.014517
    2297    0.014879
    2298    0.014879
    2299    0.015386
    2300    0.015386
    2301    0.016014
    2302    0.016014
    2303    0.016764
    2304    0.016764
    2305    0.017642
    2306    0.017642
    2307    0.018636
    2308    0.018636
    2309    0.019714
    2310    0.019714
    2311    0.020847
    2312    0.020847
    2313    0.022013
    2314    0.022013
    2315    0.023235
    2316    0.023235
    2317    0.024560
    2318    0.024560
    2319    0.025947
    2320    0.025947
    2321    0.027300
    2322    0.027300
    2323    0.028594
    2324    0.028594
    2325    0.029883
    2326    0.029883
    2327    0.031172
    2328    0.031172
    2329    0.032411
    2330    0.032411
    2331    0.033595
    2332    0.033595
    2333    0.034767
    2334    0.034767
    2335    0.035927
    2336    0.035927
    2337    0.037037
    2338    0.037037
    2339    0.038069
    2340    0.038069
    2341    0.039003
    2342    0.039003
    2343    0.039809
    2344    0.039809
    2345    0.040432
    2346    0.040432
    2347    0.040853
    2348    0.040853
    2349    0.041079
    2350    0.041079
    2351    0.041084
    2352    0.041084
    2353    0.040823
    2354    0.040823
    2355    0.040175
    2356    0.040175
    2357    0.038925
    2358    0.038925
    2359    0.036837
    2360    0.036837
    2361    0.034088
    2362    0.034088
    2363    0.030945
    2364    0.030945
    2365    0.027060
    2366    0.027060
    2367    0.022074
    2368    0.022074
    2369    0.016138
    2370    0.016138
    2371    0.009957
    2372    0.009957
    2373    0.004631
    2374    0.004631
    2375    0.001196
    2376    0.001196
    2377   -0.002259
    2378   -0.002259
    2379   -0.001421
    2380   -0.001421
    2381   -0.000268
    2382   -0.000268
    2383    0.001055
    2384    0.001055
    2385    0.002553
    2386    0.002553
    2387    0.004135
    2388    0.004135
    2389    0.005699
    2390    0.005699
    2391    0.006996
    2392    0.006996
    2393    0.007988
    2394    0.007988
    2395    0.008900
    2396    0.008900
    2397    0.009807
    2398    0.009807
    2399    0.010642
    2400    0.010642
    2401    0.011395
    2402    0.011395
    2403    0.012093
    2404    0.012093
    2405    0.012743
    2406    0.012743
    2407    0.013317
    2408    0.013317
    2409    0.013812
    2410    0.013812
    2411    0.014262
    2412    0.014262
    2413    0.014679
    2414    0.014679
    2415    0.015044
    2416    0.015044
    2417    0.015352
    2418    0.015352
    2419    0.015634
    2420    0.015634
    2421    0.015894
    2422    0.015894
    2423    0.016106
    2424    0.016106
    2425    0.016268
    2426    0.016268
    2427    0.016389
    2428    0.016389
    2429    0.016485
    2430    0.016485
    2431    0.016587
    2432    0.016587
    2433    0.016695
    2434    0.016695
    2435    0.016787
    2436    0.016787
    2437    0.016868
    2438    0.016868
    2439    0.016960
    2440    0.016960
    2441    0.017044
    2442    0.017044
    2443    0.017079
    2444    0.017079
    2445    0.017055
    2446    0.017055
    2447    0.016989
    2448    0.016989
    2449    0.016896
    2450    0.016896
    2451    0.016787
    2452    0.016787
    2453    0.016680
    2454    0.016680
    2455    0.016577
    2456    0.016577
    2457    0.016465
    2458    0.016465
    2459    0.016349
    2460    0.016349
    2461    0.016246
    2462    0.016246
    2463    0.016176
    2464    0.016176
    2465    0.016132
    2466    0.016132
    2467    0.016095
    2468    0.016095
    2469    0.016053
    2470    0.016053
    2471    0.015978
    2472    0.015978
    2473    0.015868
    2474    0.015868
    2475    0.015768
    2476    0.015768
    2477    0.015695
    2478    0.015695
    2479    0.015640
    2480    0.015640
    2481    0.015586
    2482    0.015586
    2483    0.015532
    2484    0.015532
    2485    0.015501
    2486    0.015501
    2487    0.015545
    2488    0.015545
    2489    0.015685
    2490    0.015685
    2491    0.015911
    2492    0.015911
    2493    0.016285
    2494    0.016285
    2495    0.016891
    2496    0.016891
    2497    0.017715
    2498    0.017715
    2499    0.018695
    2500    0.018695
    2501    0.019826
    2502    0.019826
    2503    0.021143
    2504    0.021143
    2505    0.022617
    2506    0.022617
    2507    0.024169
    2508    0.024169
    2509    0.025760
    2510    0.025760
    2511    0.027364
    2512    0.027364
    2513    0.029017
    2514    0.029017
    2515    0.030808
    2516    0.030808
    2517    0.032704
    2518    0.032704
    2519    0.034557
    2520    0.034557
    2521    0.036327
    2522    0.036327
    2523    0.038090
    2524    0.038090
    2525    0.039874
    2526    0.039874
    2527    0.041627
    2528    0.041627
    2529    0.043328
    2530    0.043328
    2531    0.045009
    2532    0.045009
    2533    0.046669
    2534    0.046669
    2535    0.048284
    2536    0.048284
    2537    0.049818
    2538    0.049818
    2539    0.051230
    2540    0.051230
    2541    0.052495
    2542    0.052495
    2543    0.053597
    2544    0.053597
    2545    0.054494
    2546    0.054494
    2547    0.055124
    2548    0.055124
    2549    0.055467
    2550    0.055467
    2551    0.055515
    2552    0.055515
    2553    0.055096
    2554    0.055096
    2555    0.053889
    2556    0.053889
    2557    0.051556
    2558    0.051556
    2559    0.048103
    2560    0.048103
    2561    0.043935
    2562    0.043935
    2563    0.039018
    2564    0.039018
    2565    0.032528
    2566    0.032528
    2567    0.023952
    2568    0.023952
    2569    0.014269
    2570    0.014269
    2571    0.005427
    2572    0.005427
    2573   -0.000584
    2574   -0.000584
    2575    0.003871
    2576    0.003871
    2577    0.006057
    2578    0.006057
    2579    0.009138
    2580    0.009138
    2581    0.012169
    2582    0.012169
    2583    0.014947
    2584    0.014947
    2585    0.017522
    2586    0.017522
    2587    0.019981
    2588    0.019981
    2589    0.022152
    2590    0.022152
    2591    0.023994
    2592    0.023994
    2593    0.025621
    2594    0.025621
    2595    0.027089
    2596    0.027089
    2597    0.028388
    2598    0.028388
    2599    0.029524
    2600    0.029524
    2601    0.030531
    2602    0.030531
    2603    0.031423
    2604    0.031423
    2605    0.032193
    2606    0.032193
    2607    0.032855
    2608    0.032855
    2609    0.033431
    2610    0.033431
    2611    0.033939
    2612    0.033939
    2613    0.034371
    2614    0.034371
    2615    0.034729
    2616    0.034729
    2617    0.035044
    2618    0.035044
    2619    0.035332
    2620    0.035332
    2621    0.035578
    2622    0.035578
    2623    0.035766
    2624    0.035766
    2625    0.035881
    2626    0.035881
    2627    0.035944
    2628    0.035944
    2629    0.036004
    2630    0.036004
    2631    0.036069
    2632    0.036069
    2633    0.036123
    2634    0.036123
    2635    0.036173
    2636    0.036173
    2637    0.036220
    2638    0.036220
    2639    0.036241
    2640    0.036241
    2641    0.036215
    2642    0.036215
    2643    0.036138
    2644    0.036138
    2645    0.036012
    2646    0.036012
    2647    0.035840
    2648    0.035840
    2649    0.035644
    2650    0.035644
    2651    0.035457
    2652    0.035457
    2653    0.035286
    2654    0.035286
    2655    0.035117
    2656    0.035117
    2657    0.034935
    2658    0.034935
    2659    0.034754
    2660    0.034754
    2661    0.034589
    2662    0.034589
    2663    0.034448
    2664    0.034448
    2665    0.034330
    2666    0.034330
    2667    0.034222
    2668    0.034222
    2669    0.034105
    2670    0.034105
    2671    0.033975
    2672    0.033975
    2673    0.033852
    2674    0.033852
    2675    0.033737
    2676    0.033737
    2677    0.033627
    2678    0.033627
    2679    0.033526
    2680    0.033526
    2681    0.033428
    2682    0.033428
    2683    0.033345
    2684    0.033345
    2685    0.033323
    2686    0.033323
    2687    0.033400
    2688    0.033400
    2689    0.033606
    2690    0.033606
    2691    0.034014
    2692    0.034014
    2693    0.034712
    2694    0.034712
    2695    0.035755
    2696    0.035755
    2697    0.037135
    2698    0.037135
    2699    0.038783
    2700    0.038783
    2701    0.040653
    2702    0.040653
    2703    0.042689
    2704    0.042689
    2705    0.044807
    2706    0.044807
    2707    0.046966
    2708    0.046966
    2709    0.049173
    2710    0.049173
    2711    0.051447
    2712    0.051447
    2713    0.053810
    2714    0.053810
    2715    0.056238
    2716    0.056238
    2717    0.058658
    2718    0.058658
    2719    0.061055
    2720    0.061055
    2721    0.063475
    2722    0.063475
    2723    0.065927
    2724    0.065927
    2725    0.068385
    2726    0.068385
    2727    0.070819
    2728    0.070819
    2729    0.073207
    2730    0.073207
    2731    0.075533
    2732    0.075533
    2733    0.077771
    2734    0.077771
    2735    0.079894
    2736    0.079894
    2737    0.081896
    2738    0.081896
    2739    0.083756
    2740    0.083756
    2741    0.085442
    2742    0.085442
    2743    0.086894
    2744    0.086894
    2745    0.088028
    2746    0.088028
    2747    0.088801
    2748    0.088801
    2749    0.089161
    2750    0.089161
    2751    0.088923
    2752    0.088923
    2753    0.087811
    2754    0.087811
    2755    0.085509
    2756    0.085509
    2757    0.081825
    2758    0.081825
    2759    0.076591
    2760    0.076591
    2761    0.069672
    2762    0.069672
    2763    0.060538
    2764    0.060538
    2765    0.048185
    2766    0.048185
    2767    0.033163
    2768    0.033163
    2769    0.018142
    2770    0.018142
    2771    0.007039
    2772    0.007039
    2773    0.053699
    2774    0.053699
    2775    0.058386
    2776    0.058386
    2777    0.064962
    2778    0.064962
    2779    0.070989
    2780    0.070989
    2781    0.076015
    2782    0.076015
    2783    0.080207
    2784    0.080207
    2785    0.083927
    2786    0.083927
    2787    0.087272
    2788    0.087272
    2789    0.090258
    2790    0.090258
    2791    0.092893
    2792    0.092893
    2793    0.095222
    2794    0.095222
    2795    0.097252
    2796    0.097252
    2797    0.098992
    2798    0.098992
    2799    0.100493
    2800    0.100493
    2801    0.101787
    2802    0.101787
    2803    0.102892
    2804    0.102892
    2805    0.103834
    2806    0.103834
    2807    0.104627
    2808    0.104627
    2809    0.105290
    2810    0.105290
    2811    0.105836
    2812    0.105836
    2813    0.106272
    2814    0.106272
    2815    0.106619
    2816    0.106619
    2817    0.106905
    2818    0.106905
    2819    0.107149
    2820    0.107149
    2821    0.107326
    2822    0.107326
    2823    0.107412
    2824    0.107412
    2825    0.107432
    2826    0.107432
    2827    0.107427
    2828    0.107427
    2829    0.107402
    2830    0.107402
    2831    0.107357
    2832    0.107357
    2833    0.107306
    2834    0.107306
    2835    0.107249
    2836    0.107249
    2837    0.107163
    2838    0.107163
    2839    0.107034
    2840    0.107034
    2841    0.106870
    2842    0.106870
    2843    0.106663
    2844    0.106663
    2845    0.106400
    2846    0.106400
    2847    0.106099
    2848    0.106099
    2849    0.105795
    2850    0.105795
    2851    0.105506
    2852    0.105506
    2853    0.105232
    2854    0.105232
    2855    0.104956
    2856    0.104956
    2857    0.104676
    2858    0.104676
    2859    0.104409
    2860    0.104409
    2861    0.104162
    2862    0.104162
    2863    0.103937
    2864    0.103937
    2865    0.103725
    2866    0.103725
    2867    0.103519
    2868    0.103519
    2869    0.103325
    2870    0.103325
    2871    0.103158
    2872    0.103158
    2873    0.103004
    2874    0.103004
    2875    0.102842
    2876    0.102842
    2877    0.102684
    2878    0.102684
    2879    0.102524
    2880    0.102524
    2881    0.102368
    2882    0.102368
    2883    0.102261
    2884    0.102261
    2885    0.102245
    2886    0.102245
    2887    0.102354
    2888    0.102354
    2889    0.102688
    2890    0.102688
    2891    0.103413
    2892    0.103413
    2893    0.104726
    2894    0.104726
    2895    0.106685
    2896    0.106685
    2897    0.109074
    2898    0.109074
    2899    0.111695
    2900    0.111695
    2901    0.114467
    2902    0.114467
    2903    0.117319
    2904    0.117319
    2905    0.120238
    2906    0.120238
    2907    0.123270
    2908    0.123270
    2909    0.126408
    2910    0.126408
    2911    0.129572
    2912    0.129572
    2913    0.132744
    2914    0.132744
    2915    0.135970
    2916    0.135970
    2917    0.139270
    2918    0.139270
    2919    0.142634
    2920    0.142634
    2921    0.146035
    2922    0.146035
    2923    0.149444
    2924    0.149444
    2925    0.152833
    2926    0.152833
    2927    0.156175
    2928    0.156175
    2929    0.159433
    2930    0.159433
    2931    0.162540
    2932    0.162540
    2933    0.165481
    2934    0.165481
    2935    0.168302
    2936    0.168302
    2937    0.170981
    2938    0.170981
    2939    0.173425
    2940    0.173425
    2941    0.175564
    2942    0.175564
    2943    0.177349
    2944    0.177349
    2945    0.178709
    2946    0.178709
    2947    0.179514
    2948    0.179514
    2949    0.179575
    2950    0.179575
    2951    0.178661
    2952    0.178661
    2953    0.176495
    2954    0.176495
    2955    0.172814
    2956    0.172814
    2957    0.166643
    2958    0.166643
    2959    0.157000
    2960    0.157000
    2961    0.143818
    2962    0.143818
    2963    0.126221
    2964    0.126221
    2965    0.103598
    2966    0.103598
    2967    0.078401
    2968    0.078401
    2969    0.057978
    2970    0.057978
    2971    0.215253
    2972    0.215253
    2973    0.223714
    2974    0.223714
    2975    0.235251
    2976    0.235251
    2977    0.245327
    2978    0.245327
    2979    0.253543
    2980    0.253543
    2981    0.260143
    2982    0.260143
    2983    0.265642
    2984    0.265642
    2985    0.270548
    2986    0.270548
    2987    0.275035
    2988    0.275035
    2989    0.279038
    2990    0.279038
    2991    0.282559
    2992    0.282559
    2993    0.285597
    2994    0.285597
    2995    0.288187
    2996    0.288187
    2997    0.290403
    2998    0.290403
    2999    0.292293
    3000    0.292293
    3001    0.293895
    3002    0.293895
    3003    0.295240
    3004    0.295240
    3005    0.296341
    3006    0.296341
    3007    0.297220
    3008    0.297220
    3009    0.297923
    3010    0.297923
    3011    0.298482
    3012    0.298482
    3013    0.298895
    3014    0.298895
    3015    0.299191
    3016    0.299191
    3017    0.299397
    3018    0.299397
    3019    0.299512
    3020    0.299512
    3021    0.299547
    3022    0.299547
    3023    0.299523
    3024    0.299523
    3025    0.299440
    3026    0.299440
    3027    0.299288
    3028    0.299288
    3029    0.299086
    3030    0.299086
    3031    0.298868
    3032    0.298868
    3033    0.298646
    3034    0.298646
    3035    0.298403
    3036    0.298403
    3037    0.298132
    3038    0.298132
    3039    0.297839
    3040    0.297839
    3041    0.297515
    3042    0.297515
    3043    0.297141
    3044    0.297141
    3045    0.296720
    3046    0.296720
    3047    0.296265
    3048    0.296265
    3049    0.295796
    3050    0.295796
    3051    0.295341
    3052    0.295341
    3053    0.294903
    3054    0.294903
    3055    0.294482
    3056    0.294482
    3057    0.294082
    3058    0.294082
    3059    0.293696
    3060    0.293696
    3061    0.293310
    3062    0.293310
    3063    0.292924
    3064    0.292924
    3065    0.292563
    3066    0.292563
    3067    0.292242
    3068    0.292242
    3069    0.291960
    3070    0.291960
    3071    0.291703
    3072    0.291703
    3073    0.291447
    3074    0.291447
    3075    0.291186
    3076    0.291186
    3077    0.290917
    3078    0.290917
    3079    0.290655
    3080    0.290655
    3081    0.290461
    3082    0.290461
    3083    0.290367
    3084    0.290367
    3085    0.290371
    3086    0.290371
    3087    0.290615
    3088    0.290615
    3089    0.291460
    3090    0.291460
    3091    0.293302
    3092    0.293302
    3093    0.296170
    3094    0.296170
    3095    0.299670
    3096    0.299670
    3097    0.303473
    3098    0.303473
    3099    0.307458
    3100    0.307458
    3101    0.311560
    3102    0.311560
    3103    0.315777
    3104    0.315777
    3105    0.320144
    3106    0.320144
    3107    0.324629
    3108    0.324629
    3109    0.329154
    3110    0.329154
    3111    0.333709
    3112    0.333709
    3113    0.338352
    3114    0.338352
    3115    0.343107
    3116    0.343107
    3117    0.347946
    3118    0.347946
    3119    0.352821
    3120    0.352821
    3121    0.357664
    3122    0.357664
    3123    0.362457
    3124    0.362457
    3125    0.367238
    3126    0.367238
    3127    0.371963
    3128    0.371963
    3129    0.376513
    3130    0.376513
    3131    0.380865
    3132    0.380865
    3133    0.385070
    3134    0.385070
    3135    0.389084
    3136    0.389084
    3137    0.392781
    3138    0.392781
    3139    0.396086
    3140    0.396086
    3141    0.398964
    3142    0.398964
    3143    0.401295
    3144    0.401295
    3145    0.402865
    3146    0.402865
    3147    0.403478
    3148    0.403478
    3149    0.402921
    3150    0.402921
    3151    0.400810
    3152    0.400810
    3153    0.396605
    3154    0.396605
    3155    0.389022
    3156    0.389022
    3157    0.376543
    3158    0.376543
    3159    0.358377
    3160    0.358377
    3161    0.333263
    3162    0.333263
    3163    0.299272
    3164    0.299272
    3165    0.257575
    3166    0.257575
    3167    0.221083
    3168    0.221083
    3169    0.595632
    3170    0.595632
    3171    0.610343
    3172    0.610343
    3173    0.629880
    3174    0.629880
    3175    0.646237
    3176    0.646237
    3177    0.659479
    3178    0.659479
    3179    0.670094
    3180    0.670094
    3181    0.678664
    3182    0.678664
    3183    0.686219
    3184    0.686219
    3185    0.693163
    3186    0.693163
    3187    0.699296
    3188    0.699296
    3189    0.704570
    3190    0.704570
    3191    0.709113
    3192    0.709113
    3193    0.713037
    3194    0.713037
    3195    0.716380
    3196    0.716380
    3197    0.719189
    3198    0.719189
    3199    0.721547
    3200    0.721547
    3201    0.723513
    3202    0.723513
    3203    0.725098
    3204    0.725098
    3205    0.726328
    3206    0.726328
    3207    0.727294
    3208    0.727294
    3209    0.728052
    3210    0.728052
    3211    0.728587
    3212    0.728587
    3213    0.728916
    3214    0.728916
    3215    0.729075
    3216    0.729075
    3217    0.729111
    3218    0.729111
    3219    0.729080
    3220    0.729080
    3221    0.728980
    3222    0.728980
    3223    0.728763
    3224    0.728763
    3225    0.728418
    3226    0.728418
    3227    0.727990
    3228    0.727990
    3229    0.727514
    3230    0.727514
    3231    0.727003
    3232    0.727003
    3233    0.726471
    3234    0.726471
    3235    0.725947
    3236    0.725947
    3237    0.725438
    3238    0.725438
    3239    0.724907
    3240    0.724907
    3241    0.724333
    3242    0.724333
    3243    0.723720
    3244    0.723720
    3245    0.723058
    3246    0.723058
    3247    0.722340
    3248    0.722340
    3249    0.721609
    3250    0.721609
    3251    0.720913
    3252    0.720913
    3253    0.720253
    3254    0.720253
    3255    0.719596
    3256    0.719596
    3257    0.718923
    3258    0.718923
    3259    0.718252
    3260    0.718252
    3261    0.717607
    3262    0.717607
    3263    0.717023
    3264    0.717023
    3265    0.716506
    3266    0.716506
    3267    0.716029
    3268    0.716029
    3269    0.715577
    3270    0.715577
    3271    0.715138
    3272    0.715138
    3273    0.714702
    3274    0.714702
    3275    0.714275
    3276    0.714275
    3277    0.713883
    3278    0.713883
    3279    0.713568
    3280    0.713568
    3281    0.713345
    3282    0.713345
    3283    0.713243
    3284    0.713243
    3285    0.713457
    3286    0.713457
    3287    0.714556
    3288    0.714556
    3289    0.717204
    3290    0.717204
    3291    0.721449
    3292    0.721449
    3293    0.726733
    3294    0.726733
    3295    0.732548
    3296    0.732548
    3297    0.738654
    3298    0.738654
    3299    0.744952
    3300    0.744952
    3301    0.751429
    3302    0.751429
    3303    0.758079
    3304    0.758079
    3305    0.764862
    3306    0.764862
    3307    0.771750
    3308    0.771750
    3309    0.778734
    3310    0.778734
    3311    0.785819
    3312    0.785819
    3313    0.793018
    3314    0.793018
    3315    0.800337
    3316    0.800337
    3317    0.807711
    3318    0.807711
    3319    0.815006
    3320    0.815006
    3321    0.822217
    3322    0.822217
    3323    0.829465
    3324    0.829465
    3325    0.836703
    3326    0.836703
    3327    0.843748
    3328    0.843748
    3329    0.850554
    3330    0.850554
    3331    0.857170
    3332    0.857170
    3333    0.863515
    3334    0.863515
    3335    0.869389
    3336    0.869389
    3337    0.874711
    3338    0.874711
    3339    0.879502
    3340    0.879502
    3341    0.883545
    3342    0.883545
    3343    0.886409
    3344    0.886409
    3345    0.887887
    3346    0.887887
    3347    0.887902
    3348    0.887902
    3349    0.885821
    3350    0.885821
    3351    0.880398
    3352    0.880398
    3353    0.870111
    3354    0.870111
    3355    0.853297
    3356    0.853297
    3357    0.827661
    3358    0.827661
    3359    0.790261
    3360    0.790261
    3361    0.737405
    3362    0.737405
    3363    0.668827
    3364    0.668827
    3365    0.605971
    3366    0.605971
    3367    1.372376
    3368    1.372376
    3369    1.398014
    3370    1.398014
    3371    1.431424
    3372    1.431424
    3373    1.458871
    3374    1.458871
    3375    1.481256
    3376    1.481256
    3377    1.499146
    3378    1.499146
    3379    1.513356
    3380    1.513356
    3381    1.525880
    3382    1.525880
    3383    1.537406
    3384    1.537406
    3385    1.547339
    3386    1.547339
    3387    1.555598
    3388    1.555598
    3389    1.562756
    3390    1.562756
    3391    1.569070
    3392    1.569070
    3393    1.574418
    3394    1.574418
    3395    1.578829
    3396    1.578829
    3397    1.582524
    3398    1.582524
    3399    1.585610
    3400    1.585610
    3401    1.588072
    3402    1.588072
    3403    1.589950
    3404    1.589950
    3405    1.591396
    3406    1.591396
    3407    1.592509
    3408    1.592509
    3409    1.593276
    3410    1.593276
    3411    1.593695
    3412    1.593695
    3413    1.593825
    3414    1.593825
    3415    1.593773
    3416    1.593773
    3417    1.593635
    3418    1.593635
    3419    1.593382
    3420    1.593382
    3421    1.592914
    3422    1.592914
    3423    1.592236
    3424    1.592236
    3425    1.591439
    3426    1.591439
    3427    1.590541
    3428    1.590541
    3429    1.589510
    3430    1.589510
    3431    1.588421
    3432    1.588421
    3433    1.587416
    3434    1.587416
    3435    1.586511
    3436    1.586511
    3437    1.585598
    3438    1.585598
    3439    1.584631
    3440    1.584631
    3441    1.583652
    3442    1.583652
    3443    1.582636
    3444    1.582636
    3445    1.581516
    3446    1.581516
    3447    1.580323
    3448    1.580323
    3449    1.579168
    3450    1.579168
    3451    1.578054
    3452    1.578054
    3453    1.576874
    3454    1.576874
    3455    1.575619
    3456    1.575619
    3457    1.574419
    3458    1.574419
    3459    1.573355
    3460    1.573355
    3461    1.572418
    3462    1.572418
    3463    1.571575
    3464    1.571575
    3465    1.570773
    3466    1.570773
    3467    1.569986
    3468    1.569986
    3469    1.569193
    3470    1.569193
    3471    1.568405
    3472    1.568405
    3473    1.567696
    3474    1.567696
    3475    1.567093
    3476    1.567093
    3477    1.566539
    3478    1.566539
    3479    1.566056
    3480    1.566056
    3481    1.565869
    3482    1.565869
    3483    1.566301
    3484    1.566301
    3485    1.568094
    3486    1.568094
    3487    1.572274
    3488    1.572274
    3489    1.579057
    3490    1.579057
    3491    1.587673
    3492    1.587673
    3493    1.597213
    3494    1.597213
    3495    1.607194
    3496    1.607194
    3497    1.617484
    3498    1.617484
    3499    1.628057
    3500    1.628057
    3501    1.638874
    3502    1.638874
    3503    1.649897
    3504    1.649897
    3505    1.661111
    3506    1.661111
    3507    1.672496
    3508    1.672496
    3509    1.684001
    3510    1.684001
    3511    1.695647
    3512    1.695647
    3513    1.707512
    3514    1.707512
    3515    1.719494
    3516    1.719494
    3517    1.731334
    3518    1.731334
    3519    1.743039
    3520    1.743039
    3521    1.754852
    3522    1.754852
    3523    1.766713
    3524    1.766713
    3525    1.778278
    3526    1.778278
    3527    1.789466
    3528    1.789466
    3529    1.800429
    3530    1.800429
    3531    1.811028
    3532    1.811028
    3533    1.820820
    3534    1.820820
    3535    1.829719
    3536    1.829719
    3537    1.837952
    3538    1.837952
    3539    1.845126
    3540    1.845126
    3541    1.850258
    3542    1.850258
    3543    1.853118
    3544    1.853118
    3545    1.854060
    3546    1.854060
    3547    1.852046
    3548    1.852046
    3549    1.844445
    3550    1.844445
    3551    1.828924
    3552    1.828924
    3553    1.803358
    3554    1.803358
    3555    1.763686
    3556    1.763686
    3557    1.703702
    3558    1.703702
    3559    1.616633
    3560    1.616633
    3561    1.501700
    3562    1.501700
    3563    1.394125
    3564    1.394125
    3565    2.866979
    3566    2.866979
    3567    2.913978
    3568    2.913978
    3569    2.974487
    3570    2.974487
    3571    3.022765
    3572    3.022765
    3573    3.062039
    3574    3.062039
    3575    3.093056
    3576    3.093056
    3577    3.117472
    3578    3.117472
    3579    3.139345
    3580    3.139345
    3581    3.159782
    3582    3.159782
    3583    3.177030
    3584    3.177030
    3585    3.190919
    3586    3.190919
    3587    3.203080
    3588    3.203080
    3589    3.214059
    3590    3.214059
    3591    3.223281
    3592    3.223281
    3593    3.230714
    3594    3.230714
    3595    3.236954
    3596    3.236954
    3597    3.242214
    3598    3.242214
    3599    3.246367
    3600    3.246367
    3601    3.249494
    3602    3.249494
    3603    3.251870
    3604    3.251870
    3605    3.253676
    3606    3.253676
    3607    3.254927
    3608    3.254927
    3609    3.255583
    3610    3.255583
    3611    3.255708
    3612    3.255708
    3613    3.255502
    3614    3.255502
    3615    3.255170
    3616    3.255170
    3617    3.254648
    3618    3.254648
    3619    3.253703
    3620    3.253703
    3621    3.252366
    3622    3.252366
    3623    3.250893
    3624    3.250893
    3625    3.249258
    3626    3.249258
    3627    3.247261
    3628    3.247261
    3629    3.245098
    3630    3.245098
    3631    3.243188
    3632    3.243188
    3633    3.241563
    3634    3.241563
    3635    3.239942
    3636    3.239942
    3637    3.238226
    3638    3.238226
    3639    3.236544
    3640    3.236544
    3641    3.234864
    3642    3.234864
    3643    3.232979
    3644    3.232979
    3645    3.230897
    3646    3.230897
    3647    3.228851
    3648    3.228851
    3649    3.226862
    3650    3.226862
    3651    3.224686
    3652    3.224686
    3653    3.222324
    3654    3.222324
    3655    3.220129
    3656    3.220129
    3657    3.218286
    3658    3.218286
    3659    3.216706
    3660    3.216706
    3661    3.215263
    3662    3.215263
    3663    3.213865
    3664    3.213865
    3665    3.212458
    3666    3.212458
    3667    3.210948
    3668    3.210948
    3669    3.209390
    3670    3.209390
    3671    3.208073
    3672    3.208073
    3673    3.207039
    3674    3.207039
    3675    3.205996
    3676    3.205996
    3677    3.204987
    3678    3.204987
    3679    3.204628
    3680    3.204628
    3681    3.205539
    3682    3.205539
    3683    3.208914
    3684    3.208914
    3685    3.216430
    3686    3.216430
    3687    3.228465
    3688    3.228465
    3689    3.243705
    3690    3.243705
    3691    3.260434
    3692    3.260434
    3693    3.277809
    3694    3.277809
    3695    3.295728
    3696    3.295728
    3697    3.314154
    3698    3.314154
    3699    3.332978
    3700    3.332978
    3701    3.352144
    3702    3.352144
    3703    3.371669
    3704    3.371669
    3705    3.391499
    3706    3.391499
    3707    3.411484
    3708    3.411484
    3709    3.431681
    3710    3.431681
    3711    3.452322
    3712    3.452322
    3713    3.473219
    3714    3.473219
    3715    3.493802
    3716    3.493802
    3717    3.514095
    3718    3.514095
    3719    3.534680
    3720    3.534680
    3721    3.555449
    3722    3.555449
    3723    3.575576
    3724    3.575576
    3725    3.594936
    3726    3.594936
    3727    3.614097
    3728    3.614097
    3729    3.632821
    3730    3.632821
    3731    3.650020
    3732    3.650020
    3733    3.665592
    3734    3.665592
    3735    3.680345
    3736    3.680345
    3737    3.693541
    3738    3.693541
    3739    3.702883
    3740    3.702883
    3741    3.708106
    3742    3.708106
    3743    3.710730
    3744    3.710730
    3745    3.709007
    3746    3.709007
    3747    3.697383
    3748    3.697383
    3749    3.671841
    3750    3.671841
    3751    3.629449
    3752    3.629449
    3753    3.563284
    3754    3.563284
    3755    3.460914
    3756    3.460914
    3757    3.308534
    3758    3.308534
    3759    3.102801
    3760    3.102801
    3761    2.906478
    3762    2.906478
    3763    5.137390
    3764    5.137390
    3765    5.219928
    3766    5.219928
    3767    5.325651
    3768    5.325651
    3769    5.406262
    3770    5.406262
    3771    5.471036
    3772    5.471036
    3773    5.521567
    3774    5.521567
    3775    5.561082
    3776    5.561082
    3777    5.597218
    3778    5.597218
    3779    5.631692
    3780    5.631692
    3781    5.660382
    3782    5.660382
    3783    5.682905
    3784    5.682905
    3785    5.702848
    3786    5.702848
    3787    5.721225
    3788    5.721225
    3789    5.736534
    3790    5.736534
    3791    5.748606
    3792    5.748606
    3793    5.758775
    3794    5.758775
    3795    5.767441
    3796    5.767441
    3797    5.774231
    3798    5.774231
    3799    5.779289
    3800    5.779289
    3801    5.783129
    3802    5.783129
    3803    5.786042
    3804    5.786042
    3805    5.788078
    3806    5.788078
    3807    5.789129
    3808    5.789129
    3809    5.789249
    3810    5.789249
    3811    5.788786
    3812    5.788786
    3813    5.788176
    3814    5.788176
    3815    5.787301
    3816    5.787301
    3817    5.785622
    3818    5.785622
    3819    5.783224
    3820    5.783224
    3821    5.780713
    3822    5.780713
    3823    5.777989
    3824    5.777989
    3825    5.774507
    3826    5.774507
    3827    5.770659
    3828    5.770659
    3829    5.767368
    3830    5.767368
    3831    5.764683
    3832    5.764683
    3833    5.761996
    3834    5.761996
    3835    5.759114
    3836    5.759114
    3837    5.756348
    3838    5.756348
    3839    5.753656
    3840    5.753656
    3841    5.750576
    3842    5.750576
    3843    5.747079
    3844    5.747079
    3845    5.743632
    3846    5.743632
    3847    5.740312
    3848    5.740312
    3849    5.736624
    3850    5.736624
    3851    5.732543
    3852    5.732543
    3853    5.728801
    3854    5.728801
    3855    5.725764
    3856    5.725764
    3857    5.723199
    3858    5.723199
    3859    5.720840
    3860    5.720840
    3861    5.718535
    3862    5.718535
    3863    5.716192
    3864    5.716192
    3865    5.713541
    3866    5.713541
    3867    5.710698
    3868    5.710698
    3869    5.708389
    3870    5.708389
    3871    5.706682
    3872    5.706682
    3873    5.704858
    3874    5.704858
    3875    5.702961
    3876    5.702961
    3877    5.702145
    3878    5.702145
    3879    5.703476
    3880    5.703476
    3881    5.709180
    3882    5.709180
    3883    5.722158
    3884    5.722158
    3885    5.742748
    3886    5.742748
    3887    5.768527
    3888    5.768527
    3889    5.796505
    3890    5.796505
    3891    5.825375
    3892    5.825375
    3893    5.855164
    3894    5.855164
    3895    5.885838
    3896    5.885838
    3897    5.917138
    3898    5.917138
    3899    5.948974
    3900    5.948974
    3901    5.981442
    3902    5.981442
    3903    6.014443
    3904    6.014443
    3905    6.047641
    3906    6.047641
    3907    6.081161
    3908    6.081161
    3909    6.115529
    3910    6.115529
    3911    6.150408
    3912    6.150408
    3913    6.184614
    3914    6.184614
    3915    6.218205
    3916    6.218205
    3917    6.252470
    3918    6.252470
    3919    6.287215
    3920    6.287215
    3921    6.320631
    3922    6.320631
    3923    6.352537
    3924    6.352537
    3925    6.384409
    3926    6.384409
    3927    6.415863
    3928    6.415863
    3929    6.444559
    3930    6.444559
    3931    6.470368
    3932    6.470368
    3933    6.495299
    3934    6.495299
    3935    6.518076
    3936    6.518076
    3937    6.533923
    3938    6.533923
    3939    6.542561
    3940    6.542561
    3941    6.547918
    3942    6.547918
    3943    6.547197
    3944    6.547197
    3945    6.529728
    3946    6.529728
    3947    6.488917
    3948    6.488917
    3949    6.421207
    3950    6.421207
    3951    6.315499
    3952    6.315499
    3953    6.149746
    3954    6.149746
    3955    5.896193
    3956    5.896193
    3957    5.540166
    3958    5.540166
    3959    5.192118
    3960    5.192118
