       1   -0.039310
       2   -0.039310
       3   -0.038137
       4   -0.038137
       5   -0.036501
       6   -0.036501
       7   -0.034552
       8   -0.034552
       9   -0.032204
      10   -0.032204
      11   -0.030789
      12   -0.030789
      13   -0.030658
      14   -0.030658
      15   -0.031095
      16   -0.031095
      17   -0.031616
      18   -0.031616
      19   -0.031830
      20   -0.031830
      21   -0.031736
      22   -0.031736
      23   -0.031532
      24   -0.031532
      25   -0.031327
      26   -0.031327
      27   -0.031184
      28   -0.031184
      29   -0.031125
      30   -0.031125
      31   -0.031117
      32   -0.031117
      33   -0.031104
      34   -0.031104
      35   -0.031081
      36   -0.031081
      37   -0.031074
      38   -0.031074
      39   -0.031084
      40   -0.031084
      41   -0.031095
      42   -0.031095
      43   -0.031114
      44   -0.031114
      45   -0.031132
      46   -0.031132
      47   -0.031104
      48   -0.031104
      49   -0.031026
      50   -0.031026
      51   -0.030946
      52   -0.030946
      53   -0.030887
      54   -0.030887
      55   -0.030836
      56   -0.030836
      57   -0.030764
      58   -0.030764
      59   -0.030675
      60   -0.030675
      61   -0.030603
      62   -0.030603
      63   -0.030548
      64   -0.030548
      65   -0.030500
      66   -0.030500
      67   -0.030455
      68   -0.030455
      69   -0.030398
      70   -0.030398
      71   -0.030314
      72   -0.030314
      73   -0.030217
      74   -0.030217
      75   -0.030118
      76   -0.030118
      77   -0.030010
      78   -0.030010
      79   -0.029889
      80   -0.029889
      81   -0.029745
      82   -0.029745
      83   -0.029588
      84   -0.029588
      85   -0.029438
      86   -0.029438
      87   -0.029296
      88   -0.029296
      89   -0.029165
      90   -0.029165
      91   -0.029032
      92   -0.029032
      93   -0.028872
      94   -0.028872
      95   -0.028700
      96   -0.028700
      97   -0.028507
      98   -0.028507
      99   -0.028265
     100   -0.028265
     101   -0.027985
     102   -0.027985
     103   -0.027710
     104   -0.027710
     105   -0.027478
     106   -0.027478
     107   -0.027266
     108   -0.027266
     109   -0.026972
     110   -0.026972
     111   -0.026554
     112   -0.026554
     113   -0.026058
     114   -0.026058
     115   -0.025571
     116   -0.025571
     117   -0.025110
     118   -0.025110
     119   -0.024885
     120   -0.024885
     121   -0.025076
     122   -0.025076
     123   -0.025448
     124   -0.025448
     125   -0.025814
     126   -0.025814
     127   -0.026113
     128   -0.026113
     129   -0.026351
     130   -0.026351
     131   -0.026528
     132   -0.026528
     133   -0.026583
     134   -0.026583
     135   -0.026570
     136   -0.026570
     137   -0.026581
     138   -0.026581
     139   -0.026583
     140   -0.026583
     141   -0.026520
     142   -0.026520
     143   -0.026414
     144   -0.026414
     145   -0.026299
     146   -0.026299
     147   -0.026220
     148   -0.026220
     149   -0.026133
     150   -0.026133
     151   -0.025979
     152   -0.025979
     153   -0.025717
     154   -0.025717
     155   -0.025268
     156   -0.025268
     157   -0.024724
     158   -0.024724
     159   -0.024276
     160   -0.024276
     161   -0.023967
     162   -0.023967
     163   -0.023666
     164   -0.023666
     165   -0.023160
     166   -0.023160
     167   -0.022430
     168   -0.022430
     169   -0.021642
     170   -0.021642
     171   -0.020769
     172   -0.020769
     173   -0.019504
     174   -0.019504
     175   -0.017674
     176   -0.017674
     177   -0.015611
     178   -0.015611
     179   -0.013698
     180   -0.013698
     181   -0.011775
     182   -0.011775
     183   -0.009630
     184   -0.009630
     185   -0.007112
     186   -0.007112
     187   -0.004139
     188   -0.004139
     189   -0.000262
     190   -0.000262
     191    0.004631
     192    0.004631
     193    0.012546
     194    0.012546
     195    0.026749
     196    0.026749
     197    0.041060
     198    0.041060
     199   -0.111841
     200   -0.111841
     201   -0.109074
     202   -0.109074
     203   -0.105289
     204   -0.105289
     205   -0.100767
     206   -0.100767
     207   -0.095335
     208   -0.095335
     209   -0.092168
     210   -0.092168
     211   -0.091995
     212   -0.091995
     213   -0.093008
     214   -0.093008
     215   -0.094068
     216   -0.094068
     217   -0.094328
     218   -0.094328
     219   -0.093846
     220   -0.093846
     221   -0.093143
     222   -0.093143
     223   -0.092482
     224   -0.092482
     225   -0.092033
     226   -0.092033
     227   -0.091843
     228   -0.091843
     229   -0.091804
     230   -0.091804
     231   -0.091764
     232   -0.091764
     233   -0.091699
     234   -0.091699
     235   -0.091671
     236   -0.091671
     237   -0.091684
     238   -0.091684
     239   -0.091704
     240   -0.091704
     241   -0.091738
     242   -0.091738
     243   -0.091768
     244   -0.091768
     245   -0.091695
     246   -0.091695
     247   -0.091504
     248   -0.091504
     249   -0.091297
     250   -0.091297
     251   -0.091134
     252   -0.091134
     253   -0.090981
     254   -0.090981
     255   -0.090777
     256   -0.090777
     257   -0.090539
     258   -0.090539
     259   -0.090344
     260   -0.090344
     261   -0.090189
     262   -0.090189
     263   -0.090042
     264   -0.090042
     265   -0.089899
     266   -0.089899
     267   -0.089729
     268   -0.089729
     269   -0.089501
     270   -0.089501
     271   -0.089236
     272   -0.089236
     273   -0.088966
     274   -0.088966
     275   -0.088672
     276   -0.088672
     277   -0.088318
     278   -0.088318
     279   -0.087889
     280   -0.087889
     281   -0.087445
     282   -0.087445
     283   -0.087033
     284   -0.087033
     285   -0.086618
     286   -0.086618
     287   -0.086216
     288   -0.086216
     289   -0.085827
     290   -0.085827
     291   -0.085393
     292   -0.085393
     293   -0.084892
     294   -0.084892
     295   -0.084302
     296   -0.084302
     297   -0.083610
     298   -0.083610
     299   -0.082888
     300   -0.082888
     301   -0.082199
     302   -0.082199
     303   -0.081567
     304   -0.081567
     305   -0.080914
     306   -0.080914
     307   -0.080076
     308   -0.080076
     309   -0.078977
     310   -0.078977
     311   -0.077719
     312   -0.077719
     313   -0.076445
     314   -0.076445
     315   -0.075133
     316   -0.075133
     317   -0.074395
     318   -0.074395
     319   -0.074822
     320   -0.074822
     321   -0.075853
     322   -0.075853
     323   -0.076893
     324   -0.076893
     325   -0.077717
     326   -0.077717
     327   -0.078342
     328   -0.078342
     329   -0.078828
     330   -0.078828
     331   -0.079112
     332   -0.079112
     333   -0.079199
     334   -0.079199
     335   -0.079195
     336   -0.079195
     337   -0.079212
     338   -0.079212
     339   -0.079177
     340   -0.079177
     341   -0.078926
     342   -0.078926
     343   -0.078523
     344   -0.078523
     345   -0.078256
     346   -0.078256
     347   -0.078022
     348   -0.078022
     349   -0.077463
     350   -0.077463
     351   -0.076520
     352   -0.076520
     353   -0.075366
     354   -0.075366
     355   -0.074185
     356   -0.074185
     357   -0.073038
     358   -0.073038
     359   -0.071975
     360   -0.071975
     361   -0.070994
     362   -0.070994
     363   -0.069702
     364   -0.069702
     365   -0.067803
     366   -0.067803
     367   -0.065546
     368   -0.065546
     369   -0.063076
     370   -0.063076
     371   -0.059734
     372   -0.059734
     373   -0.054786
     374   -0.054786
     375   -0.048983
     376   -0.048983
     377   -0.043730
     378   -0.043730
     379   -0.038863
     380   -0.038863
     381   -0.033598
     382   -0.033598
     383   -0.027421
     384   -0.027421
     385   -0.020257
     386   -0.020257
     387   -0.011160
     388   -0.011160
     389    0.000374
     390    0.000374
     391    0.018105
     392    0.018105
     393    0.047743
     394    0.047743
     395    0.076718
     396    0.076718
     397   -0.174082
     398   -0.174082
     399   -0.170764
     400   -0.170764
     401   -0.166531
     402   -0.166531
     403   -0.162424
     404   -0.162424
     405   -0.158103
     406   -0.158103
     407   -0.155899
     408   -0.155899
     409   -0.156222
     410   -0.156222
     411   -0.157103
     412   -0.157103
     413   -0.157440
     414   -0.157440
     415   -0.156811
     416   -0.156811
     417   -0.155488
     418   -0.155488
     419   -0.154071
     420   -0.154071
     421   -0.152861
     422   -0.152861
     423   -0.152085
     424   -0.152085
     425   -0.151773
     426   -0.151773
     427   -0.151690
     428   -0.151690
     429   -0.151617
     430   -0.151617
     431   -0.151518
     432   -0.151518
     433   -0.151456
     434   -0.151456
     435   -0.151440
     436   -0.151440
     437   -0.151429
     438   -0.151429
     439   -0.151423
     440   -0.151423
     441   -0.151412
     442   -0.151412
     443   -0.151303
     444   -0.151303
     445   -0.151067
     446   -0.151067
     447   -0.150804
     448   -0.150804
     449   -0.150577
     450   -0.150577
     451   -0.150331
     452   -0.150331
     453   -0.150007
     454   -0.150007
     455   -0.149666
     456   -0.149666
     457   -0.149391
     458   -0.149391
     459   -0.149143
     460   -0.149143
     461   -0.148870
     462   -0.148870
     463   -0.148609
     464   -0.148609
     465   -0.148349
     466   -0.148349
     467   -0.148008
     468   -0.148008
     469   -0.147594
     470   -0.147594
     471   -0.147191
     472   -0.147191
     473   -0.146775
     474   -0.146775
     475   -0.146187
     476   -0.146187
     477   -0.145439
     478   -0.145439
     479   -0.144763
     480   -0.144763
     481   -0.144192
     482   -0.144192
     483   -0.143521
     484   -0.143521
     485   -0.142767
     486   -0.142767
     487   -0.142105
     488   -0.142105
     489   -0.141476
     490   -0.141476
     491   -0.140672
     492   -0.140672
     493   -0.139658
     494   -0.139658
     495   -0.138616
     496   -0.138616
     497   -0.137680
     498   -0.137680
     499   -0.136747
     500   -0.136747
     501   -0.135717
     502   -0.135717
     503   -0.134626
     504   -0.134626
     505   -0.133418
     506   -0.133418
     507   -0.131949
     508   -0.131949
     509   -0.130293
     510   -0.130293
     511   -0.128547
     512   -0.128547
     513   -0.126641
     514   -0.126641
     515   -0.125302
     516   -0.125302
     517   -0.125487
     518   -0.125487
     519   -0.126873
     520   -0.126873
     521   -0.128482
     522   -0.128482
     523   -0.129617
     524   -0.129617
     525   -0.130325
     526   -0.130325
     527   -0.131066
     528   -0.131066
     529   -0.131845
     530   -0.131845
     531   -0.132137
     532   -0.132137
     533   -0.131939
     534   -0.131939
     535   -0.132002
     536   -0.132002
     537   -0.132322
     538   -0.132322
     539   -0.132001
     540   -0.132001
     541   -0.131067
     542   -0.131067
     543   -0.130540
     544   -0.130540
     545   -0.130308
     546   -0.130308
     547   -0.129214
     548   -0.129214
     549   -0.127267
     550   -0.127267
     551   -0.125675
     552   -0.125675
     553   -0.124575
     554   -0.124575
     555   -0.122860
     556   -0.122860
     557   -0.120518
     558   -0.120518
     559   -0.118636
     560   -0.118636
     561   -0.116992
     562   -0.116992
     563   -0.114264
     564   -0.114264
     565   -0.110438
     566   -0.110438
     567   -0.106592
     568   -0.106592
     569   -0.102010
     570   -0.102010
     571   -0.094621
     572   -0.094621
     573   -0.085350
     574   -0.085350
     575   -0.077545
     576   -0.077545
     577   -0.071507
     578   -0.071507
     579   -0.065243
     580   -0.065243
     581   -0.057901
     582   -0.057901
     583   -0.049660
     584   -0.049660
     585   -0.039186
     586   -0.039186
     587   -0.023967
     588   -0.023967
     589   -0.002326
     590   -0.002326
     591    0.025429
     592    0.025429
     593    0.049755
     594    0.049755
     595   -0.231746
     596   -0.231746
     597   -0.228022
     598   -0.228022
     599   -0.223596
     600   -0.223596
     601   -0.221021
     602   -0.221021
     603   -0.219668
     604   -0.219668
     605   -0.219417
     606   -0.219417
     607   -0.220115
     608   -0.220115
     609   -0.220286
     610   -0.220286
     611   -0.219227
     612   -0.219227
     613   -0.217380
     614   -0.217380
     615   -0.215260
     616   -0.215260
     617   -0.213371
     618   -0.213371
     619   -0.211919
     620   -0.211919
     621   -0.211053
     622   -0.211053
     623   -0.210744
     624   -0.210744
     625   -0.210667
     626   -0.210667
     627   -0.210579
     628   -0.210579
     629   -0.210449
     630   -0.210449
     631   -0.210358
     632   -0.210358
     633   -0.210312
     634   -0.210312
     635   -0.210234
     636   -0.210234
     637   -0.210128
     638   -0.210128
     639   -0.210037
     640   -0.210037
     641   -0.209895
     642   -0.209895
     643   -0.209643
     644   -0.209643
     645   -0.209358
     646   -0.209358
     647   -0.209105
     648   -0.209105
     649   -0.208794
     650   -0.208794
     651   -0.208356
     652   -0.208356
     653   -0.207914
     654   -0.207914
     655   -0.207578
     656   -0.207578
     657   -0.207248
     658   -0.207248
     659   -0.206831
     660   -0.206831
     661   -0.206432
     662   -0.206432
     663   -0.206095
     664   -0.206095
     665   -0.205670
     666   -0.205670
     667   -0.205101
     668   -0.205101
     669   -0.204560
     670   -0.204560
     671   -0.204053
     672   -0.204053
     673   -0.203275
     674   -0.203275
     675   -0.202231
     676   -0.202231
     677   -0.201352
     678   -0.201352
     679   -0.200688
     680   -0.200688
     681   -0.199808
     682   -0.199808
     683   -0.198668
     684   -0.198668
     685   -0.197678
     686   -0.197678
     687   -0.196857
     688   -0.196857
     689   -0.195798
     690   -0.195798
     691   -0.194441
     692   -0.194441
     693   -0.193180
     694   -0.193180
     695   -0.192139
     696   -0.192139
     697   -0.190949
     698   -0.190949
     699   -0.189470
     700   -0.189470
     701   -0.188027
     702   -0.188027
     703   -0.186641
     704   -0.186641
     705   -0.184960
     706   -0.184960
     707   -0.182972
     708   -0.182972
     709   -0.180887
     710   -0.180887
     711   -0.178752
     712   -0.178752
     713   -0.177009
     714   -0.177009
     715   -0.176665
     716   -0.176665
     717   -0.178018
     718   -0.178018
     719   -0.179980
     720   -0.179980
     721   -0.181264
     722   -0.181264
     723   -0.181901
     724   -0.181901
     725   -0.182884
     726   -0.182884
     727   -0.184152
     728   -0.184152
     729   -0.184505
     730   -0.184505
     731   -0.184022
     732   -0.184022
     733   -0.184144
     734   -0.184144
     735   -0.184810
     736   -0.184810
     737   -0.184353
     738   -0.184353
     739   -0.182810
     740   -0.182810
     741   -0.181977
     742   -0.181977
     743   -0.181751
     744   -0.181751
     745   -0.180137
     746   -0.180137
     747   -0.177215
     748   -0.177215
     749   -0.175217
     750   -0.175217
     751   -0.174215
     752   -0.174215
     753   -0.171841
     754   -0.171841
     755   -0.168033
     756   -0.168033
     757   -0.165144
     758   -0.165144
     759   -0.163150
     760   -0.163150
     761   -0.159552
     762   -0.159552
     763   -0.154099
     764   -0.154099
     765   -0.148998
     766   -0.148998
     767   -0.143500
     768   -0.143500
     769   -0.134121
     770   -0.134121
     771   -0.121949
     772   -0.121949
     773   -0.112315
     774   -0.112315
     775   -0.106035
     776   -0.106035
     777   -0.099825
     778   -0.099825
     779   -0.092927
     780   -0.092927
     781   -0.085691
     782   -0.085691
     783   -0.075959
     784   -0.075959
     785   -0.058543
     786   -0.058543
     787   -0.034644
     788   -0.034644
     789   -0.012424
     790   -0.012424
     791    0.004147
     792    0.004147
     793   -0.291242
     794   -0.291242
     795   -0.286952
     796   -0.286952
     797   -0.281571
     798   -0.281571
     799   -0.278154
     800   -0.278154
     801   -0.276127
     802   -0.276127
     803   -0.275087
     804   -0.275087
     805   -0.274875
     806   -0.274875
     807   -0.274165
     808   -0.274165
     809   -0.272421
     810   -0.272421
     811   -0.270326
     812   -0.270326
     813   -0.268436
     814   -0.268436
     815   -0.267173
     816   -0.267173
     817   -0.266535
     818   -0.266535
     819   -0.266243
     820   -0.266243
     821   -0.266142
     822   -0.266142
     823   -0.266110
     824   -0.266110
     825   -0.266041
     826   -0.266041
     827   -0.265923
     828   -0.265923
     829   -0.265817
     830   -0.265817
     831   -0.265727
     832   -0.265727
     833   -0.265578
     834   -0.265578
     835   -0.265375
     836   -0.265375
     837   -0.265192
     838   -0.265192
     839   -0.265001
     840   -0.265001
     841   -0.264735
     842   -0.264735
     843   -0.264438
     844   -0.264438
     845   -0.264145
     846   -0.264145
     847   -0.263761
     848   -0.263761
     849   -0.263239
     850   -0.263239
     851   -0.262716
     852   -0.262716
     853   -0.262291
     854   -0.262291
     855   -0.261855
     856   -0.261855
     857   -0.261326
     858   -0.261326
     859   -0.260810
     860   -0.260810
     861   -0.260364
     862   -0.260364
     863   -0.259836
     864   -0.259836
     865   -0.259150
     866   -0.259150
     867   -0.258477
     868   -0.258477
     869   -0.257840
     870   -0.257840
     871   -0.256957
     872   -0.256957
     873   -0.255813
     874   -0.255813
     875   -0.254797
     876   -0.254797
     877   -0.253976
     878   -0.253976
     879   -0.252926
     880   -0.252926
     881   -0.251563
     882   -0.251563
     883   -0.250306
     884   -0.250306
     885   -0.249229
     886   -0.249229
     887   -0.247958
     888   -0.247958
     889   -0.246443
     890   -0.246443
     891   -0.245055
     892   -0.245055
     893   -0.243829
     894   -0.243829
     895   -0.242333
     896   -0.242333
     897   -0.240519
     898   -0.240519
     899   -0.238807
     900   -0.238807
     901   -0.237173
     902   -0.237173
     903   -0.235160
     904   -0.235160
     905   -0.232731
     906   -0.232731
     907   -0.230278
     908   -0.230278
     909   -0.228023
     910   -0.228023
     911   -0.226223
     912   -0.226223
     913   -0.225692
     914   -0.225692
     915   -0.226868
     916   -0.226868
     917   -0.228802
     918   -0.228802
     919   -0.230231
     920   -0.230231
     921   -0.231113
     922   -0.231113
     923   -0.232267
     924   -0.232267
     925   -0.233514
     926   -0.233514
     927   -0.233756
     928   -0.233756
     929   -0.233244
     930   -0.233244
     931   -0.233317
     932   -0.233317
     933   -0.233764
     934   -0.233764
     935   -0.233094
     936   -0.233094
     937   -0.231422
     938   -0.231422
     939   -0.230323
     940   -0.230323
     941   -0.229669
     942   -0.229669
     943   -0.227725
     944   -0.227725
     945   -0.224578
     946   -0.224578
     947   -0.222167
     948   -0.222167
     949   -0.220526
     950   -0.220526
     951   -0.217534
     952   -0.217534
     953   -0.213113
     954   -0.213113
     955   -0.209425
     956   -0.209425
     957   -0.206474
     958   -0.206474
     959   -0.201907
     960   -0.201907
     961   -0.195466
     962   -0.195466
     963   -0.189241
     964   -0.189241
     965   -0.182548
     966   -0.182548
     967   -0.172136
     968   -0.172136
     969   -0.159038
     970   -0.159038
     971   -0.148314
     972   -0.148314
     973   -0.140854
     974   -0.140854
     975   -0.133604
     976   -0.133604
     977   -0.126996
     978   -0.126996
     979   -0.120847
     980   -0.120847
     981   -0.111371
     982   -0.111371
     983   -0.094476
     984   -0.094476
     985   -0.072234
     986   -0.072234
     987   -0.052765
     988   -0.052765
     989   -0.038528
     990   -0.038528
     991   -0.356280
     992   -0.356280
     993   -0.351964
     994   -0.351964
     995   -0.345998
     996   -0.345998
     997   -0.340414
     998   -0.340414
     999   -0.335057
    1000   -0.335057
    1001   -0.331386
    1002   -0.331386
    1003   -0.329632
    1004   -0.329632
    1005   -0.328131
    1006   -0.328131
    1007   -0.326360
    1008   -0.326360
    1009   -0.324830
    1010   -0.324830
    1011   -0.323922
    1012   -0.323922
    1013   -0.323896
    1014   -0.323896
    1015   -0.324544
    1016   -0.324544
    1017   -0.325089
    1018   -0.325089
    1019   -0.325216
    1020   -0.325216
    1021   -0.325139
    1022   -0.325139
    1023   -0.325032
    1024   -0.325032
    1025   -0.324933
    1026   -0.324933
    1027   -0.324777
    1028   -0.324777
    1029   -0.324553
    1030   -0.324553
    1031   -0.324320
    1032   -0.324320
    1033   -0.324094
    1034   -0.324094
    1035   -0.323836
    1036   -0.323836
    1037   -0.323542
    1038   -0.323542
    1039   -0.323256
    1040   -0.323256
    1041   -0.322972
    1042   -0.322972
    1043   -0.322598
    1044   -0.322598
    1045   -0.322083
    1046   -0.322083
    1047   -0.321511
    1048   -0.321511
    1049   -0.320975
    1050   -0.320975
    1051   -0.320432
    1052   -0.320432
    1053   -0.319817
    1054   -0.319817
    1055   -0.319186
    1056   -0.319186
    1057   -0.318604
    1058   -0.318604
    1059   -0.318006
    1060   -0.318006
    1061   -0.317297
    1062   -0.317297
    1063   -0.316517
    1064   -0.316517
    1065   -0.315762
    1066   -0.315762
    1067   -0.314958
    1068   -0.314958
    1069   -0.313969
    1070   -0.313969
    1071   -0.312863
    1072   -0.312863
    1073   -0.311802
    1074   -0.311802
    1075   -0.310747
    1076   -0.310747
    1077   -0.309496
    1078   -0.309496
    1079   -0.308070
    1080   -0.308070
    1081   -0.306708
    1082   -0.306708
    1083   -0.305391
    1084   -0.305391
    1085   -0.303901
    1086   -0.303901
    1087   -0.302299
    1088   -0.302299
    1089   -0.300800
    1090   -0.300800
    1091   -0.299296
    1092   -0.299296
    1093   -0.297495
    1094   -0.297495
    1095   -0.295465
    1096   -0.295465
    1097   -0.293453
    1098   -0.293453
    1099   -0.291356
    1100   -0.291356
    1101   -0.288869
    1102   -0.288869
    1103   -0.286006
    1104   -0.286006
    1105   -0.283129
    1106   -0.283129
    1107   -0.280511
    1108   -0.280511
    1109   -0.278554
    1110   -0.278554
    1111   -0.277995
    1112   -0.277995
    1113   -0.278969
    1114   -0.278969
    1115   -0.280604
    1116   -0.280604
    1117   -0.282063
    1118   -0.282063
    1119   -0.283235
    1120   -0.283235
    1121   -0.284301
    1122   -0.284301
    1123   -0.285097
    1124   -0.285097
    1125   -0.285237
    1126   -0.285237
    1127   -0.284950
    1128   -0.284950
    1129   -0.284835
    1130   -0.284835
    1131   -0.284681
    1132   -0.284681
    1133   -0.283823
    1134   -0.283823
    1135   -0.282410
    1136   -0.282410
    1137   -0.281109
    1138   -0.281109
    1139   -0.279784
    1140   -0.279784
    1141   -0.277704
    1142   -0.277704
    1143   -0.274928
    1144   -0.274928
    1145   -0.272212
    1146   -0.272212
    1147   -0.269537
    1148   -0.269537
    1149   -0.266034
    1150   -0.266034
    1151   -0.261678
    1152   -0.261678
    1153   -0.257438
    1154   -0.257438
    1155   -0.253232
    1156   -0.253232
    1157   -0.247766
    1158   -0.247766
    1159   -0.240903
    1160   -0.240903
    1161   -0.233734
    1162   -0.233734
    1163   -0.225825
    1164   -0.225825
    1165   -0.215348
    1166   -0.215348
    1167   -0.202960
    1168   -0.202960
    1169   -0.191612
    1170   -0.191612
    1171   -0.181853
    1172   -0.181853
    1173   -0.171930
    1174   -0.171930
    1175   -0.163706
    1176   -0.163706
    1177   -0.156291
    1178   -0.156291
    1179   -0.144462
    1180   -0.144462
    1181   -0.127987
    1182   -0.127987
    1183   -0.108192
    1184   -0.108192
    1185   -0.087577
    1186   -0.087577
    1187   -0.071078
    1188   -0.071078
    1189   -0.428928
    1190   -0.428928
    1191   -0.425529
    1192   -0.425529
    1193   -0.420737
    1194   -0.420737
    1195   -0.415732
    1196   -0.415732
    1197   -0.410543
    1198   -0.410543
    1199   -0.406865
    1200   -0.406865
    1201   -0.404813
    1202   -0.404813
    1203   -0.402816
    1204   -0.402816
    1205   -0.400701
    1206   -0.400701
    1207   -0.399351
    1208   -0.399351
    1209   -0.399013
    1210   -0.399013
    1211   -0.399390
    1212   -0.399390
    1213   -0.400135
    1214   -0.400135
    1215   -0.400677
    1216   -0.400677
    1217   -0.400737
    1218   -0.400737
    1219   -0.400491
    1220   -0.400491
    1221   -0.400206
    1222   -0.400206
    1223   -0.399995
    1224   -0.399995
    1225   -0.399729
    1226   -0.399729
    1227   -0.399343
    1228   -0.399343
    1229   -0.398977
    1230   -0.398977
    1231   -0.398705
    1232   -0.398705
    1233   -0.398407
    1234   -0.398407
    1235   -0.398043
    1236   -0.398043
    1237   -0.397714
    1238   -0.397714
    1239   -0.397386
    1240   -0.397386
    1241   -0.396906
    1242   -0.396906
    1243   -0.396282
    1244   -0.396282
    1245   -0.395669
    1246   -0.395669
    1247   -0.395098
    1248   -0.395098
    1249   -0.394429
    1250   -0.394429
    1251   -0.393633
    1252   -0.393633
    1253   -0.392863
    1254   -0.392863
    1255   -0.392169
    1256   -0.392169
    1257   -0.391407
    1258   -0.391407
    1259   -0.390511
    1260   -0.390511
    1261   -0.389605
    1262   -0.389605
    1263   -0.388742
    1264   -0.388742
    1265   -0.387777
    1266   -0.387777
    1267   -0.386647
    1268   -0.386647
    1269   -0.385477
    1270   -0.385477
    1271   -0.384309
    1272   -0.384309
    1273   -0.383024
    1274   -0.383024
    1275   -0.381583
    1276   -0.381583
    1277   -0.380102
    1278   -0.380102
    1279   -0.378648
    1280   -0.378648
    1281   -0.377119
    1282   -0.377119
    1283   -0.375435
    1284   -0.375435
    1285   -0.373722
    1286   -0.373722
    1287   -0.372044
    1288   -0.372044
    1289   -0.370217
    1290   -0.370217
    1291   -0.368108
    1292   -0.368108
    1293   -0.365822
    1294   -0.365822
    1295   -0.363441
    1296   -0.363441
    1297   -0.360867
    1298   -0.360867
    1299   -0.357948
    1300   -0.357948
    1301   -0.354709
    1302   -0.354709
    1303   -0.351387
    1304   -0.351387
    1305   -0.348227
    1306   -0.348227
    1307   -0.345746
    1308   -0.345746
    1309   -0.344776
    1310   -0.344776
    1311   -0.345415
    1312   -0.345415
    1313   -0.346741
    1314   -0.346741
    1315   -0.347917
    1316   -0.347917
    1317   -0.348777
    1318   -0.348777
    1319   -0.349424
    1320   -0.349424
    1321   -0.349838
    1322   -0.349838
    1323   -0.349899
    1324   -0.349899
    1325   -0.349635
    1326   -0.349635
    1327   -0.349237
    1328   -0.349237
    1329   -0.348647
    1330   -0.348647
    1331   -0.347598
    1332   -0.347598
    1333   -0.346179
    1334   -0.346179
    1335   -0.344651
    1336   -0.344651
    1337   -0.342895
    1338   -0.342895
    1339   -0.340624
    1340   -0.340624
    1341   -0.337848
    1342   -0.337848
    1343   -0.334792
    1344   -0.334792
    1345   -0.331389
    1346   -0.331389
    1347   -0.327348
    1348   -0.327348
    1349   -0.322754
    1350   -0.322754
    1351   -0.318024
    1352   -0.318024
    1353   -0.312953
    1354   -0.312953
    1355   -0.306698
    1356   -0.306698
    1357   -0.299221
    1358   -0.299221
    1359   -0.291185
    1360   -0.291185
    1361   -0.282474
    1362   -0.282474
    1363   -0.272259
    1364   -0.272259
    1365   -0.260732
    1366   -0.260732
    1367   -0.249048
    1368   -0.249048
    1369   -0.237667
    1370   -0.237667
    1371   -0.225340
    1372   -0.225340
    1373   -0.212878
    1374   -0.212878
    1375   -0.200394
    1376   -0.200394
    1377   -0.184470
    1378   -0.184470
    1379   -0.165780
    1380   -0.165780
    1381   -0.144296
    1382   -0.144296
    1383   -0.119665
    1384   -0.119665
    1385   -0.099388
    1386   -0.099388
    1387   -0.512913
    1388   -0.512913
    1389   -0.510496
    1390   -0.510496
    1391   -0.507378
    1392   -0.507378
    1393   -0.505035
    1394   -0.505035
    1395   -0.503367
    1396   -0.503367
    1397   -0.502266
    1398   -0.502266
    1399   -0.501303
    1400   -0.501303
    1401   -0.499542
    1402   -0.499542
    1403   -0.497294
    1404   -0.497294
    1405   -0.496037
    1406   -0.496037
    1407   -0.495929
    1408   -0.495929
    1409   -0.495989
    1410   -0.495989
    1411   -0.495857
    1412   -0.495857
    1413   -0.495699
    1414   -0.495699
    1415   -0.495486
    1416   -0.495486
    1417   -0.495102
    1418   -0.495102
    1419   -0.494642
    1420   -0.494642
    1421   -0.494262
    1422   -0.494262
    1423   -0.493910
    1424   -0.493910
    1425   -0.493439
    1426   -0.493439
    1427   -0.492905
    1428   -0.492905
    1429   -0.492472
    1430   -0.492472
    1431   -0.492107
    1432   -0.492107
    1433   -0.491706
    1434   -0.491706
    1435   -0.491276
    1436   -0.491276
    1437   -0.490796
    1438   -0.490796
    1439   -0.490202
    1440   -0.490202
    1441   -0.489532
    1442   -0.489532
    1443   -0.488866
    1444   -0.488866
    1445   -0.488184
    1446   -0.488184
    1447   -0.487385
    1448   -0.487385
    1449   -0.486460
    1450   -0.486460
    1451   -0.485522
    1452   -0.485522
    1453   -0.484630
    1454   -0.484630
    1455   -0.483699
    1456   -0.483699
    1457   -0.482672
    1458   -0.482672
    1459   -0.481612
    1460   -0.481612
    1461   -0.480552
    1462   -0.480552
    1463   -0.479409
    1464   -0.479409
    1465   -0.478121
    1466   -0.478121
    1467   -0.476756
    1468   -0.476756
    1469   -0.475373
    1470   -0.475373
    1471   -0.473913
    1472   -0.473913
    1473   -0.472372
    1474   -0.472372
    1475   -0.470800
    1476   -0.470800
    1477   -0.469147
    1478   -0.469147
    1479   -0.467372
    1480   -0.467372
    1481   -0.465524
    1482   -0.465524
    1483   -0.463650
    1484   -0.463650
    1485   -0.461682
    1486   -0.461682
    1487   -0.459494
    1488   -0.459494
    1489   -0.457065
    1490   -0.457065
    1491   -0.454468
    1492   -0.454468
    1493   -0.451743
    1494   -0.451743
    1495   -0.448826
    1496   -0.448826
    1497   -0.445594
    1498   -0.445594
    1499   -0.442058
    1500   -0.442058
    1501   -0.438391
    1502   -0.438391
    1503   -0.434836
    1504   -0.434836
    1505   -0.431900
    1506   -0.431900
    1507   -0.430492
    1508   -0.430492
    1509   -0.430850
    1510   -0.430850
    1511   -0.431981
    1512   -0.431981
    1513   -0.432765
    1514   -0.432765
    1515   -0.433033
    1516   -0.433033
    1517   -0.433268
    1518   -0.433268
    1519   -0.433518
    1520   -0.433518
    1521   -0.433368
    1522   -0.433368
    1523   -0.432706
    1524   -0.432706
    1525   -0.431900
    1526   -0.431900
    1527   -0.431029
    1528   -0.431029
    1529   -0.429719
    1530   -0.429719
    1531   -0.427971
    1532   -0.427971
    1533   -0.426133
    1534   -0.426133
    1535   -0.424107
    1536   -0.424107
    1537   -0.421479
    1538   -0.421479
    1539   -0.418218
    1540   -0.418218
    1541   -0.414656
    1542   -0.414656
    1543   -0.410718
    1544   -0.410718
    1545   -0.406025
    1546   -0.406025
    1547   -0.400736
    1548   -0.400736
    1549   -0.395346
    1550   -0.395346
    1551   -0.389599
    1552   -0.389599
    1553   -0.382531
    1554   -0.382531
    1555   -0.374110
    1556   -0.374110
    1557   -0.365111
    1558   -0.365111
    1559   -0.355666
    1560   -0.355666
    1561   -0.345307
    1562   -0.345307
    1563   -0.333823
    1564   -0.333823
    1565   -0.321423
    1566   -0.321423
    1567   -0.308929
    1568   -0.308929
    1569   -0.294823
    1570   -0.294823
    1571   -0.276971
    1572   -0.276971
    1573   -0.257423
    1574   -0.257423
    1575   -0.236640
    1576   -0.236640
    1577   -0.213246
    1578   -0.213246
    1579   -0.185852
    1580   -0.185852
    1581   -0.154982
    1582   -0.154982
    1583   -0.129971
    1584   -0.129971
    1585   -0.614382
    1586   -0.614382
    1587   -0.612236
    1588   -0.612236
    1589   -0.609502
    1590   -0.609502
    1591   -0.607874
    1592   -0.607874
    1593   -0.607358
    1594   -0.607358
    1595   -0.607555
    1596   -0.607555
    1597   -0.608031
    1598   -0.608031
    1599   -0.608086
    1600   -0.608086
    1601   -0.607818
    1602   -0.607818
    1603   -0.608051
    1604   -0.608051
    1605   -0.608682
    1606   -0.608682
    1607   -0.608862
    1608   -0.608862
    1609   -0.608476
    1610   -0.608476
    1611   -0.608077
    1612   -0.608077
    1613   -0.607822
    1614   -0.607822
    1615   -0.607504
    1616   -0.607504
    1617   -0.607087
    1618   -0.607087
    1619   -0.606687
    1620   -0.606687
    1621   -0.606316
    1622   -0.606316
    1623   -0.605823
    1624   -0.605823
    1625   -0.605184
    1626   -0.605184
    1627   -0.604568
    1628   -0.604568
    1629   -0.604025
    1630   -0.604025
    1631   -0.603465
    1632   -0.603465
    1633   -0.602841
    1634   -0.602841
    1635   -0.602161
    1636   -0.602161
    1637   -0.601443
    1638   -0.601443
    1639   -0.600708
    1640   -0.600708
    1641   -0.599951
    1642   -0.599951
    1643   -0.599132
    1644   -0.599132
    1645   -0.598206
    1646   -0.598206
    1647   -0.597170
    1648   -0.597170
    1649   -0.596070
    1650   -0.596070
    1651   -0.594957
    1652   -0.594957
    1653   -0.593830
    1654   -0.593830
    1655   -0.592652
    1656   -0.592652
    1657   -0.591412
    1658   -0.591412
    1659   -0.590127
    1660   -0.590127
    1661   -0.588776
    1662   -0.588776
    1663   -0.587309
    1664   -0.587309
    1665   -0.585752
    1666   -0.585752
    1667   -0.584186
    1668   -0.584186
    1669   -0.582607
    1670   -0.582607
    1671   -0.580982
    1672   -0.580982
    1673   -0.579279
    1674   -0.579279
    1675   -0.577430
    1676   -0.577430
    1677   -0.575436
    1678   -0.575436
    1679   -0.573371
    1680   -0.573371
    1681   -0.571217
    1682   -0.571217
    1683   -0.568883
    1684   -0.568883
    1685   -0.566350
    1686   -0.566350
    1687   -0.563645
    1688   -0.563645
    1689   -0.560784
    1690   -0.560784
    1691   -0.557775
    1692   -0.557775
    1693   -0.554556
    1694   -0.554556
    1695   -0.551043
    1696   -0.551043
    1697   -0.547265
    1698   -0.547265
    1699   -0.543368
    1700   -0.543368
    1701   -0.539575
    1702   -0.539575
    1703   -0.536389
    1704   -0.536389
    1705   -0.534736
    1706   -0.534736
    1707   -0.534875
    1708   -0.534875
    1709   -0.535808
    1710   -0.535808
    1711   -0.536387
    1712   -0.536387
    1713   -0.536466
    1714   -0.536466
    1715   -0.536589
    1716   -0.536589
    1717   -0.536756
    1718   -0.536756
    1719   -0.536426
    1720   -0.536426
    1721   -0.535491
    1722   -0.535491
    1723   -0.534401
    1724   -0.534401
    1725   -0.533268
    1726   -0.533268
    1727   -0.531733
    1728   -0.531733
    1729   -0.529748
    1730   -0.529748
    1731   -0.527619
    1732   -0.527619
    1733   -0.525275
    1734   -0.525275
    1735   -0.522301
    1736   -0.522301
    1737   -0.518653
    1738   -0.518653
    1739   -0.514623
    1740   -0.514623
    1741   -0.510152
    1742   -0.510152
    1743   -0.504849
    1744   -0.504849
    1745   -0.498801
    1746   -0.498801
    1747   -0.492502
    1748   -0.492502
    1749   -0.485760
    1750   -0.485760
    1751   -0.477691
    1752   -0.477691
    1753   -0.468254
    1754   -0.468254
    1755   -0.458176
    1756   -0.458176
    1757   -0.447560
    1758   -0.447560
    1759   -0.435888
    1760   -0.435888
    1761   -0.422817
    1762   -0.422817
    1763   -0.408410
    1764   -0.408410
    1765   -0.393443
    1766   -0.393443
    1767   -0.376408
    1768   -0.376408
    1769   -0.354183
    1770   -0.354183
    1771   -0.328770
    1772   -0.328770
    1773   -0.302008
    1774   -0.302008
    1775   -0.271746
    1776   -0.271746
    1777   -0.236226
    1778   -0.236226
    1779   -0.197114
    1780   -0.197114
    1781   -0.165552
    1782   -0.165552
    1783   -0.738977
    1784   -0.738977
    1785   -0.736912
    1786   -0.736912
    1787   -0.733970
    1788   -0.733970
    1789   -0.731305
    1790   -0.731305
    1791   -0.729307
    1792   -0.729307
    1793   -0.729120
    1794   -0.729120
    1795   -0.730821
    1796   -0.730821
    1797   -0.733460
    1798   -0.733460
    1799   -0.736379
    1800   -0.736379
    1801   -0.738857
    1802   -0.738857
    1803   -0.740508
    1804   -0.740508
    1805   -0.741308
    1806   -0.741308
    1807   -0.741472
    1808   -0.741472
    1809   -0.741471
    1810   -0.741471
    1811   -0.741493
    1812   -0.741493
    1813   -0.741445
    1814   -0.741445
    1815   -0.741271
    1816   -0.741271
    1817   -0.741002
    1818   -0.741002
    1819   -0.740663
    1820   -0.740663
    1821   -0.740203
    1822   -0.740203
    1823   -0.739588
    1824   -0.739588
    1825   -0.738884
    1826   -0.738884
    1827   -0.738146
    1828   -0.738146
    1829   -0.737361
    1830   -0.737361
    1831   -0.736500
    1832   -0.736500
    1833   -0.735608
    1834   -0.735608
    1835   -0.734743
    1836   -0.734743
    1837   -0.733890
    1838   -0.733890
    1839   -0.732996
    1840   -0.732996
    1841   -0.732023
    1842   -0.732023
    1843   -0.730969
    1844   -0.730969
    1845   -0.729822
    1846   -0.729822
    1847   -0.728570
    1848   -0.728570
    1849   -0.727245
    1850   -0.727245
    1851   -0.725890
    1852   -0.725890
    1853   -0.724494
    1854   -0.724494
    1855   -0.723030
    1856   -0.723030
    1857   -0.721514
    1858   -0.721514
    1859   -0.719956
    1860   -0.719956
    1861   -0.718329
    1862   -0.718329
    1863   -0.716626
    1864   -0.716626
    1865   -0.714895
    1866   -0.714895
    1867   -0.713157
    1868   -0.713157
    1869   -0.711362
    1870   -0.711362
    1871   -0.709470
    1872   -0.709470
    1873   -0.707450
    1874   -0.707450
    1875   -0.705260
    1876   -0.705260
    1877   -0.702880
    1878   -0.702880
    1879   -0.700307
    1880   -0.700307
    1881   -0.697557
    1882   -0.697557
    1883   -0.694685
    1884   -0.694685
    1885   -0.691697
    1886   -0.691697
    1887   -0.688547
    1888   -0.688547
    1889   -0.685211
    1890   -0.685211
    1891   -0.681631
    1892   -0.681631
    1893   -0.677757
    1894   -0.677757
    1895   -0.673629
    1896   -0.673629
    1897   -0.669386
    1898   -0.669386
    1899   -0.665234
    1900   -0.665234
    1901   -0.661654
    1902   -0.661654
    1903   -0.659572
    1904   -0.659572
    1905   -0.659268
    1906   -0.659268
    1907   -0.659838
    1908   -0.659838
    1909   -0.660304
    1910   -0.660304
    1911   -0.660478
    1912   -0.660478
    1913   -0.660645
    1914   -0.660645
    1915   -0.660751
    1916   -0.660751
    1917   -0.660437
    1918   -0.660437
    1919   -0.659636
    1920   -0.659636
    1921   -0.658575
    1922   -0.658575
    1923   -0.657284
    1924   -0.657284
    1925   -0.655605
    1926   -0.655605
    1927   -0.653513
    1928   -0.653513
    1929   -0.651124
    1930   -0.651124
    1931   -0.648377
    1932   -0.648377
    1933   -0.645061
    1934   -0.645061
    1935   -0.641155
    1936   -0.641155
    1937   -0.636752
    1938   -0.636752
    1939   -0.631826
    1940   -0.631826
    1941   -0.626078
    1942   -0.626078
    1943   -0.619442
    1944   -0.619442
    1945   -0.612234
    1946   -0.612234
    1947   -0.604308
    1948   -0.604308
    1949   -0.595111
    1950   -0.595111
    1951   -0.584669
    1952   -0.584669
    1953   -0.573449
    1954   -0.573449
    1955   -0.561274
    1956   -0.561274
    1957   -0.547387
    1958   -0.547387
    1959   -0.531552
    1960   -0.531552
    1961   -0.514054
    1962   -0.514054
    1963   -0.495053
    1964   -0.495053
    1965   -0.473616
    1966   -0.473616
    1967   -0.447800
    1968   -0.447800
    1969   -0.417545
    1970   -0.417545
    1971   -0.383359
    1972   -0.383359
    1973   -0.344038
    1974   -0.344038
    1975   -0.298572
    1976   -0.298572
    1977   -0.249361
    1978   -0.249361
    1979   -0.209525
    1980   -0.209525
    1981   -0.893596
    1982   -0.893596
    1983   -0.892295
    1984   -0.892295
    1985   -0.890236
    1986   -0.890236
    1987   -0.887979
    1988   -0.887979
    1989   -0.886016
    1990   -0.886016
    1991   -0.885993
    1992   -0.885993
    1993   -0.888161
    1994   -0.888161
    1995   -0.891479
    1996   -0.891479
    1997   -0.895094
    1998   -0.895094
    1999   -0.898008
    2000   -0.898008
    2001   -0.899928
    2002   -0.899928
    2003   -0.901164
    2004   -0.901164
    2005   -0.901937
    2006   -0.901937
    2007   -0.902443
    2008   -0.902443
    2009   -0.902808
    2010   -0.902808
    2011   -0.903076
    2012   -0.903076
    2013   -0.903203
    2014   -0.903203
    2015   -0.903126
    2016   -0.903126
    2017   -0.902875
    2018   -0.902875
    2019   -0.902501
    2020   -0.902501
    2021   -0.901986
    2022   -0.901986
    2023   -0.901316
    2024   -0.901316
    2025   -0.900530
    2026   -0.900530
    2027   -0.899652
    2028   -0.899652
    2029   -0.898668
    2030   -0.898668
    2031   -0.897628
    2032   -0.897628
    2033   -0.896605
    2034   -0.896605
    2035   -0.895595
    2036   -0.895595
    2037   -0.894530
    2038   -0.894530
    2039   -0.893379
    2040   -0.893379
    2041   -0.892166
    2042   -0.892166
    2043   -0.890879
    2044   -0.890879
    2045   -0.889468
    2046   -0.889468
    2047   -0.887944
    2048   -0.887944
    2049   -0.886356
    2050   -0.886356
    2051   -0.884714
    2052   -0.884714
    2053   -0.882999
    2054   -0.882999
    2055   -0.881230
    2056   -0.881230
    2057   -0.879452
    2058   -0.879452
    2059   -0.877661
    2060   -0.877661
    2061   -0.875791
    2062   -0.875791
    2063   -0.873816
    2064   -0.873816
    2065   -0.871790
    2066   -0.871790
    2067   -0.869736
    2068   -0.869736
    2069   -0.867607
    2070   -0.867607
    2071   -0.865336
    2072   -0.865336
    2073   -0.862837
    2074   -0.862837
    2075   -0.860014
    2076   -0.860014
    2077   -0.856881
    2078   -0.856881
    2079   -0.853590
    2080   -0.853590
    2081   -0.850234
    2082   -0.850234
    2083   -0.846781
    2084   -0.846781
    2085   -0.843158
    2086   -0.843158
    2087   -0.839340
    2088   -0.839340
    2089   -0.835314
    2090   -0.835314
    2091   -0.831046
    2092   -0.831046
    2093   -0.826536
    2094   -0.826536
    2095   -0.821884
    2096   -0.821884
    2097   -0.817332
    2098   -0.817332
    2099   -0.813504
    2100   -0.813504
    2101   -0.811269
    2102   -0.811269
    2103   -0.810709
    2104   -0.810709
    2105   -0.811018
    2106   -0.811018
    2107   -0.811456
    2108   -0.811456
    2109   -0.811751
    2110   -0.811751
    2111   -0.811925
    2112   -0.811925
    2113   -0.811904
    2114   -0.811904
    2115   -0.811488
    2116   -0.811488
    2117   -0.810670
    2118   -0.810670
    2119   -0.809549
    2120   -0.809549
    2121   -0.808079
    2122   -0.808079
    2123   -0.806178
    2124   -0.806178
    2125   -0.803823
    2126   -0.803823
    2127   -0.801029
    2128   -0.801029
    2129   -0.797739
    2130   -0.797739
    2131   -0.793858
    2132   -0.793858
    2133   -0.789417
    2134   -0.789417
    2135   -0.784472
    2136   -0.784472
    2137   -0.779006
    2138   -0.779006
    2139   -0.772764
    2140   -0.772764
    2141   -0.765549
    2142   -0.765549
    2143   -0.757432
    2144   -0.757432
    2145   -0.748276
    2146   -0.748276
    2147   -0.737881
    2148   -0.737881
    2149   -0.726311
    2150   -0.726311
    2151   -0.713710
    2152   -0.713710
    2153   -0.699810
    2154   -0.699810
    2155   -0.683929
    2156   -0.683929
    2157   -0.665694
    2158   -0.665694
    2159   -0.644920
    2160   -0.644920
    2161   -0.621226
    2162   -0.621226
    2163   -0.594874
    2164   -0.594874
    2165   -0.565051
    2166   -0.565051
    2167   -0.529401
    2168   -0.529401
    2169   -0.486865
    2170   -0.486865
    2171   -0.436853
    2172   -0.436853
    2173   -0.379123
    2174   -0.379123
    2175   -0.317233
    2176   -0.317233
    2177   -0.267103
    2178   -0.267103
    2179   -1.094215
    2180   -1.094215
    2181   -1.095036
    2182   -1.095036
    2183   -1.096011
    2184   -1.096011
    2185   -1.096944
    2186   -1.096944
    2187   -1.097976
    2188   -1.097976
    2189   -1.099664
    2190   -1.099664
    2191   -1.101948
    2192   -1.101948
    2193   -1.104072
    2194   -1.104072
    2195   -1.105805
    2196   -1.105805
    2197   -1.107311
    2198   -1.107311
    2199   -1.108686
    2200   -1.108686
    2201   -1.109972
    2202   -1.109972
    2203   -1.111126
    2204   -1.111126
    2205   -1.112008
    2206   -1.112008
    2207   -1.112633
    2208   -1.112633
    2209   -1.113147
    2210   -1.113147
    2211   -1.113537
    2212   -1.113537
    2213   -1.113659
    2214   -1.113659
    2215   -1.113521
    2216   -1.113521
    2217   -1.113238
    2218   -1.113238
    2219   -1.112825
    2220   -1.112825
    2221   -1.112238
    2222   -1.112238
    2223   -1.111496
    2224   -1.111496
    2225   -1.110631
    2226   -1.110631
    2227   -1.109646
    2228   -1.109646
    2229   -1.108557
    2230   -1.108557
    2231   -1.107397
    2232   -1.107397
    2233   -1.106182
    2234   -1.106182
    2235   -1.104895
    2236   -1.104895
    2237   -1.103524
    2238   -1.103524
    2239   -1.102087
    2240   -1.102087
    2241   -1.100579
    2242   -1.100579
    2243   -1.098961
    2244   -1.098961
    2245   -1.097222
    2246   -1.097222
    2247   -1.095379
    2248   -1.095379
    2249   -1.093451
    2250   -1.093451
    2251   -1.091444
    2252   -1.091444
    2253   -1.089378
    2254   -1.089378
    2255   -1.087302
    2256   -1.087302
    2257   -1.085226
    2258   -1.085226
    2259   -1.083064
    2260   -1.083064
    2261   -1.080739
    2262   -1.080739
    2263   -1.078310
    2264   -1.078310
    2265   -1.075892
    2266   -1.075892
    2267   -1.073424
    2268   -1.073424
    2269   -1.070736
    2270   -1.070736
    2271   -1.067749
    2272   -1.067749
    2273   -1.064356
    2274   -1.064356
    2275   -1.060574
    2276   -1.060574
    2277   -1.056619
    2278   -1.056619
    2279   -1.052587
    2280   -1.052587
    2281   -1.048464
    2282   -1.048464
    2283   -1.044195
    2284   -1.044195
    2285   -1.039726
    2286   -1.039726
    2287   -1.035077
    2288   -1.035077
    2289   -1.030294
    2290   -1.030294
    2291   -1.025398
    2292   -1.025398
    2293   -1.020396
    2294   -1.020396
    2295   -1.015563
    2296   -1.015563
    2297   -1.011874
    2298   -1.011874
    2299   -1.010131
    2300   -1.010131
    2301   -1.009889
    2302   -1.009889
    2303   -1.010336
    2304   -1.010336
    2305   -1.011030
    2306   -1.011030
    2307   -1.011615
    2308   -1.011615
    2309   -1.011853
    2310   -1.011853
    2311   -1.011672
    2312   -1.011672
    2313   -1.010987
    2314   -1.010987
    2315   -1.009850
    2316   -1.009850
    2317   -1.008432
    2318   -1.008432
    2319   -1.006695
    2320   -1.006695
    2321   -1.004437
    2322   -1.004437
    2323   -1.001545
    2324   -1.001545
    2325   -0.998093
    2326   -0.998093
    2327   -0.994085
    2328   -0.994085
    2329   -0.989387
    2330   -0.989387
    2331   -0.984029
    2332   -0.984029
    2333   -0.978141
    2334   -0.978141
    2335   -0.971686
    2336   -0.971686
    2337   -0.964478
    2338   -0.964478
    2339   -0.956243
    2340   -0.956243
    2341   -0.946790
    2342   -0.946790
    2343   -0.936029
    2344   -0.936029
    2345   -0.923996
    2346   -0.923996
    2347   -0.910690
    2348   -0.910690
    2349   -0.896030
    2350   -0.896030
    2351   -0.879949
    2352   -0.879949
    2353   -0.862113
    2354   -0.862113
    2355   -0.841778
    2356   -0.841778
    2357   -0.817838
    2358   -0.817838
    2359   -0.789117
    2360   -0.789117
    2361   -0.756523
    2362   -0.756523
    2363   -0.720618
    2364   -0.720618
    2365   -0.678195
    2366   -0.678195
    2367   -0.626556
    2368   -0.626556
    2369   -0.564271
    2370   -0.564271
    2371   -0.491250
    2372   -0.491250
    2373   -0.412523
    2374   -0.412523
    2375   -0.348395
    2376   -0.348395
    2377   -1.370079
    2378   -1.370079
    2379   -1.374813
    2380   -1.374813
    2381   -1.381402
    2382   -1.381402
    2383   -1.388407
    2384   -1.388407
    2385   -1.395392
    2386   -1.395392
    2387   -1.400810
    2388   -1.400810
    2389   -1.404187
    2390   -1.404187
    2391   -1.405792
    2392   -1.405792
    2393   -1.406340
    2394   -1.406340
    2395   -1.406951
    2396   -1.406951
    2397   -1.407994
    2398   -1.407994
    2399   -1.409269
    2400   -1.409269
    2401   -1.410593
    2402   -1.410593
    2403   -1.411710
    2404   -1.411710
    2405   -1.412559
    2406   -1.412559
    2407   -1.413260
    2408   -1.413260
    2409   -1.413812
    2410   -1.413812
    2411   -1.414080
    2412   -1.414080
    2413   -1.414052
    2414   -1.414052
    2415   -1.413835
    2416   -1.413835
    2417   -1.413455
    2418   -1.413455
    2419   -1.412884
    2420   -1.412884
    2421   -1.412125
    2422   -1.412125
    2423   -1.411188
    2424   -1.411188
    2425   -1.410103
    2426   -1.410103
    2427   -1.408905
    2428   -1.408905
    2429   -1.407581
    2430   -1.407581
    2431   -1.406114
    2432   -1.406114
    2433   -1.404527
    2434   -1.404527
    2435   -1.402852
    2436   -1.402852
    2437   -1.401094
    2438   -1.401094
    2439   -1.399247
    2440   -1.399247
    2441   -1.397295
    2442   -1.397295
    2443   -1.395220
    2444   -1.395220
    2445   -1.393006
    2446   -1.393006
    2447   -1.390656
    2448   -1.390656
    2449   -1.388202
    2450   -1.388202
    2451   -1.385688
    2452   -1.385688
    2453   -1.383144
    2454   -1.383144
    2455   -1.380577
    2456   -1.380577
    2457   -1.377930
    2458   -1.377930
    2459   -1.375112
    2460   -1.375112
    2461   -1.372137
    2462   -1.372137
    2463   -1.369116
    2464   -1.369116
    2465   -1.365996
    2466   -1.365996
    2467   -1.362621
    2468   -1.362621
    2469   -1.358955
    2470   -1.358955
    2471   -1.354942
    2472   -1.354942
    2473   -1.350587
    2474   -1.350587
    2475   -1.346007
    2476   -1.346007
    2477   -1.341246
    2478   -1.341246
    2479   -1.336325
    2480   -1.336325
    2481   -1.331234
    2482   -1.331234
    2483   -1.325905
    2484   -1.325905
    2485   -1.320338
    2486   -1.320338
    2487   -1.314625
    2488   -1.314625
    2489   -1.308867
    2490   -1.308867
    2491   -1.303088
    2492   -1.303088
    2493   -1.297569
    2494   -1.297569
    2495   -1.293464
    2496   -1.293464
    2497   -1.291735
    2498   -1.291735
    2499   -1.291693
    2500   -1.291693
    2501   -1.292319
    2502   -1.292319
    2503   -1.293228
    2504   -1.293228
    2505   -1.294009
    2506   -1.294009
    2507   -1.294278
    2508   -1.294278
    2509   -1.293941
    2510   -1.293941
    2511   -1.292992
    2512   -1.292992
    2513   -1.291475
    2514   -1.291475
    2515   -1.289598
    2516   -1.289598
    2517   -1.287389
    2518   -1.287389
    2519   -1.284468
    2520   -1.284468
    2521   -1.280662
    2522   -1.280662
    2523   -1.276192
    2524   -1.276192
    2525   -1.271139
    2526   -1.271139
    2527   -1.265359
    2528   -1.265359
    2529   -1.258800
    2530   -1.258800
    2531   -1.251489
    2532   -1.251489
    2533   -1.243347
    2534   -1.243347
    2535   -1.234309
    2536   -1.234309
    2537   -1.224121
    2538   -1.224121
    2539   -1.212530
    2540   -1.212530
    2541   -1.199524
    2542   -1.199524
    2543   -1.185124
    2544   -1.185124
    2545   -1.169203
    2546   -1.169203
    2547   -1.151567
    2548   -1.151567
    2549   -1.132203
    2550   -1.132203
    2551   -1.110960
    2552   -1.110960
    2553   -1.086968
    2554   -1.086968
    2555   -1.058763
    2556   -1.058763
    2557   -1.024408
    2558   -1.024408
    2559   -0.983870
    2560   -0.983870
    2561   -0.938389
    2562   -0.938389
    2563   -0.886113
    2564   -0.886113
    2565   -0.823215
    2566   -0.823215
    2567   -0.745679
    2568   -0.745679
    2569   -0.652864
    2570   -0.652864
    2571   -0.551318
    2572   -0.551318
    2573   -0.467560
    2574   -0.467560
    2575   -1.761129
    2576   -1.761129
    2577   -1.772099
    2578   -1.772099
    2579   -1.787384
    2580   -1.787384
    2581   -1.802844
    2582   -1.802844
    2583   -1.817577
    2584   -1.817577
    2585   -1.828149
    2586   -1.828149
    2587   -1.834035
    2588   -1.834035
    2589   -1.837079
    2590   -1.837079
    2591   -1.838796
    2592   -1.838796
    2593   -1.840419
    2594   -1.840419
    2595   -1.842290
    2596   -1.842290
    2597   -1.844161
    2598   -1.844161
    2599   -1.845902
    2600   -1.845902
    2601   -1.847422
    2602   -1.847422
    2603   -1.848682
    2604   -1.848682
    2605   -1.849689
    2606   -1.849689
    2607   -1.850419
    2608   -1.850419
    2609   -1.850818
    2610   -1.850818
    2611   -1.850897
    2612   -1.850897
    2613   -1.850724
    2614   -1.850724
    2615   -1.850324
    2616   -1.850324
    2617   -1.849683
    2618   -1.849683
    2619   -1.848800
    2620   -1.848800
    2621   -1.847665
    2622   -1.847665
    2623   -1.846309
    2624   -1.846309
    2625   -1.844815
    2626   -1.844815
    2627   -1.843188
    2628   -1.843188
    2629   -1.841374
    2630   -1.841374
    2631   -1.839374
    2632   -1.839374
    2633   -1.837236
    2634   -1.837236
    2635   -1.834990
    2636   -1.834990
    2637   -1.832625
    2638   -1.832625
    2639   -1.830125
    2640   -1.830125
    2641   -1.827480
    2642   -1.827480
    2643   -1.824677
    2644   -1.824677
    2645   -1.821690
    2646   -1.821690
    2647   -1.818538
    2648   -1.818538
    2649   -1.815298
    2650   -1.815298
    2651   -1.811994
    2652   -1.811994
    2653   -1.808622
    2654   -1.808622
    2655   -1.805166
    2656   -1.805166
    2657   -1.801549
    2658   -1.801549
    2659   -1.797729
    2660   -1.797729
    2661   -1.793712
    2662   -1.793712
    2663   -1.789481
    2664   -1.789481
    2665   -1.785033
    2666   -1.785033
    2667   -1.780392
    2668   -1.780392
    2669   -1.775545
    2670   -1.775545
    2671   -1.770476
    2672   -1.770476
    2673   -1.765174
    2674   -1.765174
    2675   -1.759566
    2676   -1.759566
    2677   -1.753600
    2678   -1.753600
    2679   -1.747316
    2680   -1.747316
    2681   -1.740729
    2682   -1.740729
    2683   -1.733805
    2684   -1.733805
    2685   -1.726557
    2686   -1.726557
    2687   -1.719095
    2688   -1.719095
    2689   -1.711559
    2690   -1.711559
    2691   -1.704268
    2692   -1.704268
    2693   -1.698373
    2694   -1.698373
    2695   -1.695299
    2696   -1.695299
    2697   -1.694658
    2698   -1.694658
    2699   -1.694953
    2700   -1.694953
    2701   -1.695412
    2702   -1.695412
    2703   -1.695619
    2704   -1.695619
    2705   -1.695228
    2706   -1.695228
    2707   -1.694157
    2708   -1.694157
    2709   -1.692586
    2710   -1.692586
    2711   -1.690468
    2712   -1.690468
    2713   -1.687662
    2714   -1.687662
    2715   -1.684219
    2716   -1.684219
    2717   -1.679907
    2718   -1.679907
    2719   -1.674642
    2720   -1.674642
    2721   -1.668620
    2722   -1.668620
    2723   -1.661895
    2724   -1.661895
    2725   -1.654442
    2726   -1.654442
    2727   -1.646088
    2728   -1.646088
    2729   -1.636575
    2730   -1.636575
    2731   -1.625764
    2732   -1.625764
    2733   -1.613671
    2734   -1.613671
    2735   -1.600183
    2736   -1.600183
    2737   -1.585215
    2738   -1.585215
    2739   -1.568810
    2740   -1.568810
    2741   -1.550849
    2742   -1.550849
    2743   -1.531032
    2744   -1.531032
    2745   -1.508972
    2746   -1.508972
    2747   -1.484425
    2748   -1.484425
    2749   -1.457256
    2750   -1.457256
    2751   -1.426752
    2752   -1.426752
    2753   -1.391524
    2754   -1.391524
    2755   -1.349798
    2756   -1.349798
    2757   -1.300550
    2758   -1.300550
    2759   -1.242925
    2760   -1.242925
    2761   -1.175745
    2762   -1.175745
    2763   -1.096291
    2764   -1.096291
    2765   -0.998367
    2766   -0.998367
    2767   -0.880029
    2768   -0.880029
    2769   -0.748941
    2770   -0.748941
    2771   -0.639408
    2772   -0.639408
    2773   -2.324052
    2774   -2.324052
    2775   -2.343796
    2776   -2.343796
    2777   -2.370087
    2778   -2.370087
    2779   -2.393110
    2780   -2.393110
    2781   -2.412890
    2782   -2.412890
    2783   -2.427485
    2784   -2.427485
    2785   -2.437044
    2786   -2.437044
    2787   -2.444054
    2788   -2.444054
    2789   -2.450022
    2790   -2.450022
    2791   -2.455260
    2792   -2.455260
    2793   -2.459795
    2794   -2.459795
    2795   -2.463674
    2796   -2.463674
    2797   -2.466958
    2798   -2.466958
    2799   -2.469671
    2800   -2.469671
    2801   -2.471850
    2802   -2.471850
    2803   -2.473536
    2804   -2.473536
    2805   -2.474729
    2806   -2.474729
    2807   -2.475414
    2808   -2.475414
    2809   -2.475649
    2810   -2.475649
    2811   -2.475560
    2812   -2.475560
    2813   -2.475188
    2814   -2.475188
    2815   -2.474456
    2816   -2.474456
    2817   -2.473351
    2818   -2.473351
    2819   -2.471934
    2820   -2.471934
    2821   -2.470237
    2822   -2.470237
    2823   -2.468287
    2824   -2.468287
    2825   -2.466110
    2826   -2.466110
    2827   -2.463696
    2828   -2.463696
    2829   -2.461032
    2830   -2.461032
    2831   -2.458157
    2832   -2.458157
    2833   -2.455121
    2834   -2.455121
    2835   -2.451938
    2836   -2.451938
    2837   -2.448583
    2838   -2.448583
    2839   -2.445039
    2840   -2.445039
    2841   -2.441304
    2842   -2.441304
    2843   -2.437369
    2844   -2.437369
    2845   -2.433221
    2846   -2.433221
    2847   -2.428886
    2848   -2.428886
    2849   -2.424365
    2850   -2.424365
    2851   -2.419664
    2852   -2.419664
    2853   -2.414810
    2854   -2.414810
    2855   -2.409782
    2856   -2.409782
    2857   -2.404523
    2858   -2.404523
    2859   -2.398975
    2860   -2.398975
    2861   -2.393137
    2862   -2.393137
    2863   -2.387071
    2864   -2.387071
    2865   -2.380825
    2866   -2.380825
    2867   -2.374423
    2868   -2.374423
    2869   -2.367860
    2870   -2.367860
    2871   -2.361097
    2872   -2.361097
    2873   -2.353987
    2874   -2.353987
    2875   -2.346353
    2876   -2.346353
    2877   -2.338222
    2878   -2.338222
    2879   -2.329640
    2880   -2.329640
    2881   -2.320572
    2882   -2.320572
    2883   -2.311009
    2884   -2.311009
    2885   -2.300983
    2886   -2.300983
    2887   -2.290622
    2888   -2.290622
    2889   -2.280464
    2890   -2.280464
    2891   -2.271937
    2892   -2.271937
    2893   -2.266887
    2894   -2.266887
    2895   -2.265132
    2896   -2.265132
    2897   -2.264585
    2898   -2.264585
    2899   -2.264004
    2900   -2.264004
    2901   -2.262992
    2902   -2.262992
    2903   -2.261182
    2904   -2.261182
    2905   -2.258570
    2906   -2.258570
    2907   -2.255678
    2908   -2.255678
    2909   -2.252424
    2910   -2.252424
    2911   -2.248072
    2912   -2.248072
    2913   -2.242511
    2914   -2.242511
    2915   -2.236052
    2916   -2.236052
    2917   -2.228757
    2918   -2.228757
    2919   -2.220395
    2920   -2.220395
    2921   -2.210945
    2922   -2.210945
    2923   -2.200611
    2924   -2.200611
    2925   -2.189137
    2926   -2.189137
    2927   -2.176004
    2928   -2.176004
    2929   -2.161032
    2930   -2.161032
    2931   -2.144373
    2932   -2.144373
    2933   -2.126106
    2934   -2.126106
    2935   -2.106031
    2936   -2.106031
    2937   -2.084063
    2938   -2.084063
    2939   -2.060216
    2940   -2.060216
    2941   -2.034073
    2942   -2.034073
    2943   -2.004841
    2944   -2.004841
    2945   -1.972033
    2946   -1.972033
    2947   -1.935667
    2948   -1.935667
    2949   -1.895139
    2950   -1.895139
    2951   -1.848981
    2952   -1.848981
    2953   -1.795741
    2954   -1.795741
    2955   -1.734313
    2956   -1.734313
    2957   -1.661285
    2958   -1.661285
    2959   -1.573467
    2960   -1.573467
    2961   -1.469099
    2962   -1.469099
    2963   -1.342904
    2964   -1.342904
    2965   -1.191968
    2966   -1.191968
    2967   -1.023281
    2968   -1.023281
    2969   -0.880970
    2970   -0.880970
    2971   -3.178310
    2972   -3.178310
    2973   -3.209550
    2974   -3.209550
    2975   -3.248563
    2976   -3.248563
    2977   -3.277967
    2978   -3.277967
    2979   -3.300761
    2980   -3.300761
    2981   -3.319081
    2982   -3.319081
    2983   -3.334073
    2984   -3.334073
    2985   -3.347922
    2986   -3.347922
    2987   -3.361360
    2988   -3.361360
    2989   -3.372923
    2990   -3.372923
    2991   -3.382163
    2992   -3.382163
    2993   -3.389784
    2994   -3.389784
    2995   -3.396130
    2996   -3.396130
    2997   -3.401192
    2998   -3.401192
    2999   -3.405068
    3000   -3.405068
    3001   -3.407989
    3002   -3.407989
    3003   -3.410070
    3004   -3.410070
    3005   -3.411332
    3006   -3.411332
    3007   -3.411872
    3008   -3.411872
    3009   -3.411901
    3010   -3.411901
    3011   -3.411508
    3012   -3.411508
    3013   -3.410578
    3014   -3.410578
    3015   -3.409090
    3016   -3.409090
    3017   -3.407183
    3018   -3.407183
    3019   -3.404922
    3020   -3.404922
    3021   -3.402252
    3022   -3.402252
    3023   -3.399155
    3024   -3.399155
    3025   -3.395679
    3026   -3.395679
    3027   -3.391854
    3028   -3.391854
    3029   -3.387735
    3030   -3.387735
    3031   -3.383375
    3032   -3.383375
    3033   -3.378799
    3034   -3.378799
    3035   -3.373999
    3036   -3.373999
    3037   -3.368944
    3038   -3.368944
    3039   -3.363640
    3040   -3.363640
    3041   -3.358126
    3042   -3.358126
    3043   -3.352366
    3044   -3.352366
    3045   -3.346254
    3046   -3.346254
    3047   -3.339750
    3048   -3.339750
    3049   -3.332873
    3050   -3.332873
    3051   -3.325673
    3052   -3.325673
    3053   -3.318211
    3054   -3.318211
    3055   -3.310484
    3056   -3.310484
    3057   -3.302416
    3058   -3.302416
    3059   -3.293996
    3060   -3.293996
    3061   -3.285256
    3062   -3.285256
    3063   -3.276239
    3064   -3.276239
    3065   -3.267021
    3066   -3.267021
    3067   -3.257603
    3068   -3.257603
    3069   -3.247943
    3070   -3.247943
    3071   -3.237900
    3072   -3.237900
    3073   -3.227262
    3074   -3.227262
    3075   -3.215973
    3076   -3.215973
    3077   -3.204031
    3078   -3.204031
    3079   -3.191418
    3080   -3.191418
    3081   -3.178179
    3082   -3.178179
    3083   -3.164269
    3084   -3.164269
    3085   -3.149662
    3086   -3.149662
    3087   -3.135223
    3088   -3.135223
    3089   -3.123184
    3090   -3.123184
    3091   -3.115859
    3092   -3.115859
    3093   -3.112777
    3094   -3.112777
    3095   -3.111112
    3096   -3.111112
    3097   -3.109272
    3098   -3.109272
    3099   -3.106878
    3100   -3.106878
    3101   -3.103413
    3102   -3.103413
    3103   -3.098832
    3104   -3.098832
    3105   -3.093636
    3106   -3.093636
    3107   -3.087872
    3108   -3.087872
    3109   -3.080815
    3110   -3.080815
    3111   -3.072085
    3112   -3.072085
    3113   -3.062282
    3114   -3.062282
    3115   -3.051552
    3116   -3.051552
    3117   -3.039235
    3118   -3.039235
    3119   -3.025203
    3120   -3.025203
    3121   -3.009716
    3122   -3.009716
    3123   -2.992589
    3124   -2.992589
    3125   -2.973408
    3126   -2.973408
    3127   -2.951960
    3128   -2.951960
    3129   -2.928374
    3130   -2.928374
    3131   -2.902814
    3132   -2.902814
    3133   -2.874761
    3134   -2.874761
    3135   -2.843811
    3136   -2.843811
    3137   -2.810095
    3138   -2.810095
    3139   -2.773202
    3140   -2.773202
    3141   -2.732085
    3142   -2.732085
    3143   -2.686054
    3144   -2.686054
    3145   -2.634965
    3146   -2.634965
    3147   -2.578172
    3148   -2.578172
    3149   -2.514284
    3150   -2.514284
    3151   -2.441530
    3152   -2.441530
    3153   -2.358141
    3154   -2.358141
    3155   -2.259950
    3156   -2.259950
    3157   -2.141701
    3158   -2.141701
    3159   -1.999812
    3160   -1.999812
    3161   -1.831146
    3162   -1.831146
    3163   -1.632860
    3164   -1.632860
    3165   -1.410625
    3166   -1.410625
    3167   -1.222852
    3168   -1.222852
    3169   -4.618375
    3170   -4.618375
    3171   -4.669199
    3172   -4.669199
    3173   -4.730588
    3174   -4.730588
    3175   -4.774693
    3176   -4.774693
    3177   -4.808458
    3178   -4.808458
    3179   -4.836770
    3180   -4.836770
    3181   -4.861709
    3182   -4.861709
    3183   -4.885850
    3184   -4.885850
    3185   -4.909372
    3186   -4.909372
    3187   -4.929601
    3188   -4.929601
    3189   -4.945765
    3190   -4.945765
    3191   -4.959079
    3192   -4.959079
    3193   -4.970175
    3194   -4.970175
    3195   -4.979001
    3196   -4.979001
    3197   -4.985674
    3198   -4.985674
    3199   -4.990591
    3200   -4.990591
    3201   -4.994064
    3202   -4.994064
    3203   -4.996272
    3204   -4.996272
    3205   -4.997319
    3206   -4.997319
    3207   -4.997358
    3208   -4.997358
    3209   -4.996589
    3210   -4.996589
    3211   -4.995095
    3212   -4.995095
    3213   -4.992857
    3214   -4.992857
    3215   -4.989905
    3216   -4.989905
    3217   -4.986361
    3218   -4.986361
    3219   -4.982289
    3220   -4.982289
    3221   -4.977612
    3222   -4.977612
    3223   -4.972236
    3224   -4.972236
    3225   -4.966239
    3226   -4.966239
    3227   -4.959848
    3228   -4.959848
    3229   -4.953113
    3230   -4.953113
    3231   -4.945922
    3232   -4.945922
    3233   -4.938318
    3234   -4.938318
    3235   -4.930457
    3236   -4.930457
    3237   -4.922340
    3238   -4.922340
    3239   -4.913841
    3240   -4.913841
    3241   -4.904896
    3242   -4.904896
    3243   -4.895490
    3244   -4.895490
    3245   -4.885541
    3246   -4.885541
    3247   -4.874894
    3248   -4.874894
    3249   -4.863586
    3250   -4.863586
    3251   -4.851888
    3252   -4.851888
    3253   -4.839804
    3254   -4.839804
    3255   -4.827041
    3256   -4.827041
    3257   -4.813640
    3258   -4.813640
    3259   -4.799949
    3260   -4.799949
    3261   -4.786068
    3262   -4.786068
    3263   -4.771882
    3264   -4.771882
    3265   -4.757322
    3266   -4.757322
    3267   -4.742395
    3268   -4.742395
    3269   -4.726934
    3270   -4.726934
    3271   -4.710566
    3272   -4.710566
    3273   -4.693201
    3274   -4.693201
    3275   -4.675076
    3276   -4.675076
    3277   -4.656171
    3278   -4.656171
    3279   -4.636218
    3280   -4.636218
    3281   -4.615158
    3282   -4.615158
    3283   -4.593251
    3284   -4.593251
    3285   -4.571352
    3286   -4.571352
    3287   -4.552322
    3288   -4.552322
    3289   -4.540199
    3290   -4.540199
    3291   -4.534816
    3292   -4.534816
    3293   -4.531741
    3294   -4.531741
    3295   -4.528110
    3296   -4.528110
    3297   -4.523455
    3298   -4.523455
    3299   -4.517563
    3300   -4.517563
    3301   -4.510154
    3302   -4.510154
    3303   -4.500937
    3304   -4.500937
    3305   -4.490107
    3306   -4.490107
    3307   -4.477935
    3308   -4.477935
    3309   -4.463945
    3310   -4.463945
    3311   -4.447951
    3312   -4.447951
    3313   -4.430144
    3314   -4.430144
    3315   -4.410584
    3316   -4.410584
    3317   -4.388860
    3318   -4.388860
    3319   -4.364067
    3320   -4.364067
    3321   -4.336237
    3322   -4.336237
    3323   -4.306313
    3324   -4.306313
    3325   -4.274055
    3326   -4.274055
    3327   -4.238280
    3328   -4.238280
    3329   -4.198987
    3330   -4.198987
    3331   -4.156592
    3332   -4.156592
    3333   -4.110347
    3334   -4.110347
    3335   -4.058879
    3336   -4.058879
    3337   -4.001844
    3338   -4.001844
    3339   -3.939637
    3340   -3.939637
    3341   -3.871120
    3342   -3.871120
    3343   -3.793815
    3344   -3.793815
    3345   -3.706892
    3346   -3.706892
    3347   -3.610864
    3348   -3.610864
    3349   -3.503208
    3350   -3.503208
    3351   -3.378651
    3352   -3.378651
    3353   -3.232239
    3354   -3.232239
    3355   -3.059266
    3356   -3.059266
    3357   -2.853659
    3358   -2.853659
    3359   -2.610875
    3360   -2.610875
    3361   -2.327265
    3362   -2.327265
    3363   -2.012625
    3364   -2.012625
    3365   -1.749934
    3366   -1.749934
    3367   -7.305732
    3368   -7.305732
    3369   -7.396187
    3370   -7.396187
    3371   -7.504493
    3372   -7.504493
    3373   -7.583057
    3374   -7.583057
    3375   -7.644905
    3376   -7.644905
    3377   -7.696227
    3378   -7.696227
    3379   -7.740776
    3380   -7.740776
    3381   -7.782797
    3382   -7.782797
    3383   -7.822501
    3384   -7.822501
    3385   -7.856649
    3386   -7.856649
    3387   -7.884302
    3388   -7.884302
    3389   -7.907248
    3390   -7.907248
    3391   -7.926505
    3392   -7.926505
    3393   -7.941893
    3394   -7.941893
    3395   -7.953468
    3396   -7.953468
    3397   -7.961811
    3398   -7.961811
    3399   -7.967599
    3400   -7.967599
    3401   -7.971400
    3402   -7.971400
    3403   -7.973316
    3404   -7.973316
    3405   -7.973220
    3406   -7.973220
    3407   -7.971496
    3408   -7.971496
    3409   -7.968754
    3410   -7.968754
    3411   -7.964973
    3412   -7.964973
    3413   -7.959813
    3414   -7.959813
    3415   -7.953483
    3416   -7.953483
    3417   -7.946552
    3418   -7.946552
    3419   -7.938909
    3420   -7.938909
    3421   -7.929879
    3422   -7.929879
    3423   -7.919563
    3424   -7.919563
    3425   -7.908759
    3426   -7.908759
    3427   -7.897517
    3428   -7.897517
    3429   -7.885194
    3430   -7.885194
    3431   -7.871931
    3432   -7.871931
    3433   -7.858589
    3434   -7.858589
    3435   -7.845149
    3436   -7.845149
    3437   -7.830772
    3438   -7.830772
    3439   -7.815375
    3440   -7.815375
    3441   -7.799557
    3442   -7.799557
    3443   -7.783143
    3444   -7.783143
    3445   -7.765316
    3446   -7.765316
    3447   -7.746147
    3448   -7.746147
    3449   -7.726493
    3450   -7.726493
    3451   -7.706225
    3452   -7.706225
    3453   -7.684251
    3454   -7.684251
    3455   -7.660820
    3456   -7.660820
    3457   -7.637482
    3458   -7.637482
    3459   -7.614508
    3460   -7.614508
    3461   -7.590963
    3462   -7.590963
    3463   -7.566586
    3464   -7.566586
    3465   -7.541723
    3466   -7.541723
    3467   -7.516014
    3468   -7.516014
    3469   -7.488338
    3470   -7.488338
    3471   -7.458681
    3472   -7.458681
    3473   -7.428350
    3474   -7.428350
    3475   -7.397308
    3476   -7.397308
    3477   -7.364016
    3478   -7.364016
    3479   -7.328481
    3480   -7.328481
    3481   -7.292508
    3482   -7.292508
    3483   -7.256577
    3484   -7.256577
    3485   -7.223149
    3486   -7.223149
    3487   -7.200163
    3488   -7.200163
    3489   -7.190021
    3490   -7.190021
    3491   -7.185285
    3492   -7.185285
    3493   -7.178974
    3494   -7.178974
    3495   -7.169730
    3496   -7.169730
    3497   -7.159088
    3498   -7.159088
    3499   -7.146800
    3500   -7.146800
    3501   -7.130576
    3502   -7.130576
    3503   -7.110578
    3504   -7.110578
    3505   -7.089224
    3506   -7.089224
    3507   -7.066095
    3508   -7.066095
    3509   -7.038504
    3510   -7.038504
    3511   -7.006740
    3512   -7.006740
    3513   -6.973701
    3514   -6.973701
    3515   -6.938443
    3516   -6.938443
    3517   -6.896417
    3518   -6.896417
    3519   -6.847877
    3520   -6.847877
    3521   -6.797609
    3522   -6.797609
    3523   -6.745358
    3524   -6.745358
    3525   -6.685837
    3526   -6.685837
    3527   -6.618657
    3528   -6.618657
    3529   -6.548128
    3530   -6.548128
    3531   -6.473141
    3532   -6.473141
    3533   -6.387348
    3534   -6.387348
    3535   -6.290403
    3536   -6.290403
    3537   -6.187687
    3538   -6.187687
    3539   -6.077157
    3540   -6.077157
    3541   -5.949419
    3542   -5.949419
    3543   -5.803162
    3544   -5.803162
    3545   -5.644757
    3546   -5.644757
    3547   -5.470501
    3548   -5.470501
    3549   -5.266240
    3550   -5.266240
    3551   -5.024358
    3552   -5.024358
    3553   -4.743892
    3554   -4.743892
    3555   -4.416406
    3556   -4.416406
    3557   -4.028754
    3558   -4.028754
    3559   -3.573993
    3560   -3.573993
    3561   -3.077401
    3562   -3.077401
    3563   -2.669087
    3564   -2.669087
    3565  -12.442412
    3566  -12.442412
    3567  -12.614476
    3568  -12.614476
    3569  -12.818331
    3570  -12.818331
    3571  -12.961807
    3572  -12.961807
    3573  -13.074903
    3574  -13.074903
    3575  -13.168232
    3576  -13.168232
    3577  -13.249568
    3578  -13.249568
    3579  -13.325620
    3580  -13.325620
    3581  -13.396611
    3582  -13.396611
    3583  -13.457268
    3584  -13.457268
    3585  -13.506200
    3586  -13.506200
    3587  -13.547102
    3588  -13.547102
    3589  -13.581809
    3590  -13.581809
    3591  -13.609510
    3592  -13.609510
    3593  -13.630125
    3594  -13.630125
    3595  -13.644723
    3596  -13.644723
    3597  -13.654677
    3598  -13.654677
    3599  -13.661379
    3600  -13.661379
    3601  -13.664926
    3602  -13.664926
    3603  -13.664593
    3604  -13.664593
    3605  -13.661087
    3606  -13.661087
    3607  -13.655978
    3608  -13.655978
    3609  -13.649186
    3610  -13.649186
    3611  -13.639675
    3612  -13.639675
    3613  -13.627846
    3614  -13.627846
    3615  -13.615396
    3616  -13.615396
    3617  -13.602182
    3618  -13.602182
    3619  -13.586126
    3620  -13.586126
    3621  -13.567354
    3622  -13.567354
    3623  -13.548094
    3624  -13.548094
    3625  -13.528407
    3626  -13.528407
    3627  -13.506284
    3628  -13.506284
    3629  -13.482019
    3630  -13.482019
    3631  -13.458185
    3632  -13.458185
    3633  -13.434739
    3634  -13.434739
    3635  -13.409188
    3636  -13.409188
    3637  -13.381415
    3638  -13.381415
    3639  -13.353435
    3640  -13.353435
    3641  -13.324817
    3642  -13.324817
    3643  -13.293218
    3644  -13.293218
    3645  -13.258883
    3646  -13.258883
    3647  -13.224102
    3648  -13.224102
    3649  -13.188469
    3650  -13.188469
    3651  -13.148945
    3652  -13.148945
    3653  -13.106100
    3654  -13.106100
    3655  -13.064319
    3656  -13.064319
    3657  -13.024229
    3658  -13.024229
    3659  -12.982856
    3660  -12.982856
    3661  -12.939599
    3662  -12.939599
    3663  -12.895837
    3664  -12.895837
    3665  -12.850779
    3666  -12.850779
    3667  -12.801275
    3668  -12.801275
    3669  -12.747475
    3670  -12.747475
    3671  -12.693430
    3672  -12.693430
    3673  -12.639112
    3674  -12.639112
    3675  -12.579996
    3676  -12.579996
    3677  -12.516152
    3678  -12.516152
    3679  -12.452734
    3680  -12.452734
    3681  -12.389816
    3682  -12.389816
    3683  -12.328954
    3684  -12.328954
    3685  -12.285188
    3686  -12.285188
    3687  -12.266230
    3688  -12.266230
    3689  -12.259883
    3690  -12.259883
    3691  -12.250139
    3692  -12.250139
    3693  -12.232172
    3694  -12.232172
    3695  -12.212354
    3696  -12.212354
    3697  -12.191598
    3698  -12.191598
    3699  -12.162780
    3700  -12.162780
    3701  -12.125801
    3702  -12.125801
    3703  -12.087833
    3704  -12.087833
    3705  -12.048371
    3706  -12.048371
    3707  -11.999319
    3708  -11.999319
    3709  -11.941355
    3710  -11.941355
    3711  -11.883425
    3712  -11.883425
    3713  -11.823561
    3714  -11.823561
    3715  -11.749309
    3716  -11.749309
    3717  -11.661189
    3718  -11.661189
    3719  -11.572521
    3720  -11.572521
    3721  -11.482947
    3722  -11.482947
    3723  -11.377741
    3724  -11.377741
    3725  -11.255955
    3726  -11.255955
    3727  -11.131139
    3728  -11.131139
    3729  -11.001749
    3730  -11.001749
    3731  -10.850341
    3732  -10.850341
    3733  -10.676161
    3734  -10.676161
    3735  -10.495992
    3736  -10.495992
    3737  -10.306262
    3738  -10.306262
    3739  -10.082079
    3740  -10.082079
    3741   -9.821168
    3742   -9.821168
    3743   -9.543475
    3744   -9.543475
    3745   -9.243180
    3746   -9.243180
    3747   -8.886938
    3748   -8.886938
    3749   -8.461461
    3750   -8.461461
    3751   -7.974178
    3752   -7.974178
    3753   -7.412200
    3754   -7.412200
    3755   -6.742529
    3756   -6.742529
    3757   -5.948204
    3758   -5.948204
    3759   -5.079785
    3760   -5.079785
    3761   -4.365452
    3762   -4.365452
    3763  -20.224661
    3764  -20.224661
    3765  -20.530589
    3766  -20.530589
    3767  -20.889481
    3768  -20.889481
    3769  -21.126911
    3770  -21.126911
    3771  -21.311093
    3772  -21.311093
    3773  -21.463565
    3774  -21.463565
    3775  -21.598783
    3776  -21.598783
    3777  -21.725967
    3778  -21.725967
    3779  -21.844929
    3780  -21.844929
    3781  -21.945879
    3782  -21.945879
    3783  -22.026440
    3784  -22.026440
    3785  -22.094120
    3786  -22.094120
    3787  -22.152090
    3788  -22.152090
    3789  -22.198159
    3790  -22.198159
    3791  -22.232100
    3792  -22.232100
    3793  -22.255879
    3794  -22.255879
    3795  -22.271904
    3796  -22.271904
    3797  -22.282904
    3798  -22.282904
    3799  -22.288926
    3800  -22.288926
    3801  -22.288211
    3802  -22.288211
    3803  -22.282039
    3804  -22.282039
    3805  -22.273474
    3806  -22.273474
    3807  -22.262212
    3808  -22.262212
    3809  -22.246123
    3810  -22.246123
    3811  -22.225945
    3812  -22.225945
    3813  -22.205275
    3814  -22.205275
    3815  -22.183926
    3816  -22.183926
    3817  -22.157327
    3818  -22.157327
    3819  -22.125678
    3820  -22.125678
    3821  -22.093766
    3822  -22.093766
    3823  -22.061669
    3824  -22.061669
    3825  -22.024905
    3826  -22.024905
    3827  -21.983993
    3828  -21.983993
    3829  -21.944496
    3830  -21.944496
    3831  -21.906325
    3832  -21.906325
    3833  -21.864149
    3834  -21.864149
    3835  -21.817825
    3836  -21.817825
    3837  -21.771767
    3838  -21.771767
    3839  -21.725086
    3840  -21.725086
    3841  -21.672817
    3842  -21.672817
    3843  -21.615554
    3844  -21.615554
    3845  -21.558183
    3846  -21.558183
    3847  -21.499934
    3848  -21.499934
    3849  -21.434257
    3850  -21.434257
    3851  -21.362080
    3852  -21.362080
    3853  -21.292699
    3854  -21.292699
    3855  -21.227278
    3856  -21.227278
    3857  -21.159228
    3858  -21.159228
    3859  -21.087512
    3860  -21.087512
    3861  -21.015531
    3862  -21.015531
    3863  -20.941836
    3864  -20.941836
    3865  -20.859568
    3866  -20.859568
    3867  -20.769081
    3868  -20.769081
    3869  -20.679346
    3870  -20.679346
    3871  -20.590390
    3872  -20.590390
    3873  -20.492490
    3874  -20.492490
    3875  -20.385690
    3876  -20.385690
    3877  -20.280406
    3878  -20.280406
    3879  -20.175909
    3880  -20.175909
    3881  -20.073127
    3882  -20.073127
    3883  -19.998739
    3884  -19.998739
    3885  -19.967742
    3886  -19.967742
    3887  -19.960754
    3888  -19.960754
    3889  -19.947399
    3890  -19.947399
    3891  -19.916203
    3892  -19.916203
    3893  -19.882620
    3894  -19.882620
    3895  -19.850212
    3896  -19.850212
    3897  -19.802927
    3898  -19.802927
    3899  -19.740219
    3900  -19.740219
    3901  -19.677814
    3902  -19.677814
    3903  -19.614903
    3904  -19.614903
    3905  -19.534072
    3906  -19.534072
    3907  -19.436825
    3908  -19.436825
    3909  -19.342340
    3910  -19.342340
    3911  -19.246992
    3912  -19.246992
    3913  -19.124794
    3914  -19.124794
    3915  -18.976685
    3916  -18.976685
    3917  -18.830906
    3918  -18.830906
    3919  -18.686918
    3920  -18.686918
    3921  -18.513388
    3922  -18.513388
    3923  -18.308580
    3924  -18.308580
    3925  -18.102378
    3926  -18.102378
    3927  -17.892771
    3928  -17.892771
    3929  -17.643169
    3930  -17.643169
    3931  -17.351843
    3932  -17.351843
    3933  -17.055804
    3934  -17.055804
    3935  -16.749377
    3936  -16.749377
    3937  -16.380654
    3938  -16.380654
    3939  -15.945991
    3940  -15.945991
    3941  -15.489915
    3942  -15.489915
    3943  -15.003503
    3944  -15.003503
    3945  -14.420256
    3946  -14.420256
    3947  -13.717980
    3948  -13.717980
    3949  -12.919553
    3950  -12.919553
    3951  -12.005138
    3952  -12.005138
    3953  -10.908644
    3954  -10.908644
    3955   -9.589622
    3956   -9.589622
    3957   -8.122255
    3958   -8.122255
    3959   -6.899875
    3960   -6.899875
