       1   -0.032090
       2   -0.032090
       3   -0.031183
       4   -0.031183
       5   -0.029867
       6   -0.029867
       7   -0.028231
       8   -0.028231
       9   -0.026279
      10   -0.026279
      11   -0.025094
      12   -0.025094
      13   -0.024941
      14   -0.024941
      15   -0.025251
      16   -0.025251
      17   -0.025642
      18   -0.025642
      19   -0.025789
      20   -0.025789
      21   -0.025686
      22   -0.025686
      23   -0.025496
      24   -0.025496
      25   -0.025304
      26   -0.025304
      27   -0.025166
      28   -0.025166
      29   -0.025102
      30   -0.025102
      31   -0.025084
      32   -0.025084
      33   -0.025062
      34   -0.025062
      35   -0.025033
      36   -0.025033
      37   -0.025023
      38   -0.025023
      39   -0.025030
      40   -0.025030
      41   -0.025039
      42   -0.025039
      43   -0.025056
      44   -0.025056
      45   -0.025072
      46   -0.025072
      47   -0.025047
      48   -0.025047
      49   -0.024979
      50   -0.024979
      51   -0.024911
      52   -0.024911
      53   -0.024864
      54   -0.024864
      55   -0.024827
      56   -0.024827
      57   -0.024774
      58   -0.024774
      59   -0.024706
      60   -0.024706
      61   -0.024649
      62   -0.024649
      63   -0.024604
      64   -0.024604
      65   -0.024563
      66   -0.024563
      67   -0.024525
      68   -0.024525
      69   -0.024477
      70   -0.024477
      71   -0.024408
      72   -0.024408
      73   -0.024327
      74   -0.024327
      75   -0.024242
      76   -0.024242
      77   -0.024147
      78   -0.024147
      79   -0.024044
      80   -0.024044
      81   -0.023924
      82   -0.023924
      83   -0.023793
      84   -0.023793
      85   -0.023664
      86   -0.023664
      87   -0.023539
      88   -0.023539
      89   -0.023427
      90   -0.023427
      91   -0.023316
      92   -0.023316
      93   -0.023189
      94   -0.023189
      95   -0.023053
      96   -0.023053
      97   -0.022896
      98   -0.022896
      99   -0.022695
     100   -0.022695
     101   -0.022466
     102   -0.022466
     103   -0.022239
     104   -0.022239
     105   -0.022046
     106   -0.022046
     107   -0.021868
     108   -0.021868
     109   -0.021627
     110   -0.021627
     111   -0.021283
     112   -0.021283
     113   -0.020875
     114   -0.020875
     115   -0.020477
     116   -0.020477
     117   -0.020107
     118   -0.020107
     119   -0.019924
     120   -0.019924
     121   -0.020067
     122   -0.020067
     123   -0.020354
     124   -0.020354
     125   -0.020641
     126   -0.020641
     127   -0.020873
     128   -0.020873
     129   -0.021044
     130   -0.021044
     131   -0.021167
     132   -0.021167
     133   -0.021205
     134   -0.021205
     135   -0.021191
     136   -0.021191
     137   -0.021176
     138   -0.021176
     139   -0.021130
     140   -0.021130
     141   -0.021024
     142   -0.021024
     143   -0.020884
     144   -0.020884
     145   -0.020723
     146   -0.020723
     147   -0.020571
     148   -0.020571
     149   -0.020397
     150   -0.020397
     151   -0.020106
     152   -0.020106
     153   -0.019763
     154   -0.019763
     155   -0.019496
     156   -0.019496
     157   -0.019252
     158   -0.019252
     159   -0.018959
     160   -0.018959
     161   -0.018645
     162   -0.018645
     163   -0.018295
     164   -0.018295
     165   -0.017793
     166   -0.017793
     167   -0.017098
     168   -0.017098
     169   -0.016291
     170   -0.016291
     171   -0.015365
     172   -0.015365
     173   -0.014129
     174   -0.014129
     175   -0.012491
     176   -0.012491
     177   -0.010675
     178   -0.010675
     179   -0.008955
     180   -0.008955
     181   -0.007299
     182   -0.007299
     183   -0.005582
     184   -0.005582
     185   -0.003668
     186   -0.003668
     187   -0.001490
     188   -0.001490
     189    0.001159
     190    0.001159
     191    0.004243
     192    0.004243
     193    0.010300
     194    0.010300
     195    0.025756
     196    0.025756
     197    0.045261
     198    0.045261
     199   -0.091258
     200   -0.091258
     201   -0.089090
     202   -0.089090
     203   -0.086020
     204   -0.086020
     205   -0.082217
     206   -0.082217
     207   -0.077680
     208   -0.077680
     209   -0.075000
     210   -0.075000
     211   -0.074733
     212   -0.074733
     213   -0.075437
     214   -0.075437
     215   -0.076210
     216   -0.076210
     217   -0.076346
     218   -0.076346
     219   -0.075884
     220   -0.075884
     221   -0.075244
     222   -0.075244
     223   -0.074641
     224   -0.074641
     225   -0.074218
     226   -0.074218
     227   -0.074024
     228   -0.074024
     229   -0.073963
     230   -0.073963
     231   -0.073900
     232   -0.073900
     233   -0.073822
     234   -0.073822
     235   -0.073789
     236   -0.073789
     237   -0.073800
     238   -0.073800
     239   -0.073817
     240   -0.073817
     241   -0.073846
     242   -0.073846
     243   -0.073870
     244   -0.073870
     245   -0.073802
     246   -0.073802
     247   -0.073633
     248   -0.073633
     249   -0.073457
     250   -0.073457
     251   -0.073328
     252   -0.073328
     253   -0.073216
     254   -0.073216
     255   -0.073067
     256   -0.073067
     257   -0.072886
     258   -0.072886
     259   -0.072731
     260   -0.072731
     261   -0.072602
     262   -0.072602
     263   -0.072478
     264   -0.072478
     265   -0.072356
     266   -0.072356
     267   -0.072213
     268   -0.072213
     269   -0.072022
     270   -0.072022
     271   -0.071801
     272   -0.071801
     273   -0.071569
     274   -0.071569
     275   -0.071311
     276   -0.071311
     277   -0.071009
     278   -0.071009
     279   -0.070650
     280   -0.070650
     281   -0.070276
     282   -0.070276
     283   -0.069920
     284   -0.069920
     285   -0.069563
     286   -0.069563
     287   -0.069222
     288   -0.069222
     289   -0.068901
     290   -0.068901
     291   -0.068553
     292   -0.068553
     293   -0.068153
     294   -0.068153
     295   -0.067672
     296   -0.067672
     297   -0.067100
     298   -0.067100
     299   -0.066506
     300   -0.066506
     301   -0.065939
     302   -0.065939
     303   -0.065413
     304   -0.065413
     305   -0.064872
     306   -0.064872
     307   -0.064183
     308   -0.064183
     309   -0.063279
     310   -0.063279
     311   -0.062244
     312   -0.062244
     313   -0.061207
     314   -0.061207
     315   -0.060152
     316   -0.060152
     317   -0.059551
     318   -0.059551
     319   -0.059865
     320   -0.059865
     321   -0.060662
     322   -0.060662
     323   -0.061476
     324   -0.061476
     325   -0.062110
     326   -0.062110
     327   -0.062562
     328   -0.062562
     329   -0.062901
     330   -0.062901
     331   -0.063105
     332   -0.063105
     333   -0.063152
     334   -0.063152
     335   -0.063079
     336   -0.063079
     337   -0.062975
     338   -0.062975
     339   -0.062813
     340   -0.062813
     341   -0.062471
     342   -0.062471
     343   -0.061970
     344   -0.061970
     345   -0.061536
     346   -0.061536
     347   -0.061094
     348   -0.061094
     349   -0.060293
     350   -0.060293
     351   -0.059289
     352   -0.059289
     353   -0.058550
     354   -0.058550
     355   -0.057950
     356   -0.057950
     357   -0.057116
     358   -0.057116
     359   -0.056081
     360   -0.056081
     361   -0.055014
     362   -0.055014
     363   -0.053714
     364   -0.053714
     365   -0.051880
     366   -0.051880
     367   -0.049606
     368   -0.049606
     369   -0.047048
     370   -0.047048
     371   -0.043799
     372   -0.043799
     373   -0.039374
     374   -0.039374
     375   -0.034293
     376   -0.034293
     377   -0.029602
     378   -0.029602
     379   -0.025358
     380   -0.025358
     381   -0.021059
     382   -0.021059
     383   -0.016299
     384   -0.016299
     385   -0.011001
     386   -0.011001
     387   -0.004695
     388   -0.004695
     389    0.002829
     390    0.002829
     391    0.016875
     392    0.016875
     393    0.050093
     394    0.050093
     395    0.091002
     396    0.091002
     397   -0.141964
     398   -0.141964
     399   -0.139301
     400   -0.139301
     401   -0.135815
     402   -0.135815
     403   -0.132301
     404   -0.132301
     405   -0.128597
     406   -0.128597
     407   -0.126628
     408   -0.126628
     409   -0.126701
     410   -0.126701
     411   -0.127239
     412   -0.127239
     413   -0.127371
     414   -0.127371
     415   -0.126743
     416   -0.126743
     417   -0.125561
     418   -0.125561
     419   -0.124305
     420   -0.124305
     421   -0.123221
     422   -0.123221
     423   -0.122511
     424   -0.122511
     425   -0.122209
     426   -0.122209
     427   -0.122103
     428   -0.122103
     429   -0.122004
     430   -0.122004
     431   -0.121895
     432   -0.121895
     433   -0.121838
     434   -0.121838
     435   -0.121827
     436   -0.121827
     437   -0.121816
     438   -0.121816
     439   -0.121808
     440   -0.121808
     441   -0.121792
     442   -0.121792
     443   -0.121684
     444   -0.121684
     445   -0.121470
     446   -0.121470
     447   -0.121247
     448   -0.121247
     449   -0.121071
     450   -0.121071
     451   -0.120898
     452   -0.120898
     453   -0.120668
     454   -0.120668
     455   -0.120406
     456   -0.120406
     457   -0.120176
     458   -0.120176
     459   -0.119963
     460   -0.119963
     461   -0.119731
     462   -0.119731
     463   -0.119507
     464   -0.119507
     465   -0.119284
     466   -0.119284
     467   -0.118998
     468   -0.118998
     469   -0.118650
     470   -0.118650
     471   -0.118305
     472   -0.118305
     473   -0.117942
     474   -0.117942
     475   -0.117442
     476   -0.117442
     477   -0.116810
     478   -0.116810
     479   -0.116234
     480   -0.116234
     481   -0.115742
     482   -0.115742
     483   -0.115177
     484   -0.115177
     485   -0.114551
     486   -0.114551
     487   -0.114007
     488   -0.114007
     489   -0.113498
     490   -0.113498
     491   -0.112848
     492   -0.112848
     493   -0.112018
     494   -0.112018
     495   -0.111162
     496   -0.111162
     497   -0.110396
     498   -0.110396
     499   -0.109628
     500   -0.109628
     501   -0.108774
     502   -0.108774
     503   -0.107873
     504   -0.107873
     505   -0.106879
     506   -0.106879
     507   -0.105671
     508   -0.105671
     509   -0.104310
     510   -0.104310
     511   -0.102892
     512   -0.102892
     513   -0.101359
     514   -0.101359
     515   -0.100268
     516   -0.100268
     517   -0.100375
     518   -0.100375
     519   -0.101443
     520   -0.101443
     521   -0.102699
     522   -0.102699
     523   -0.103565
     524   -0.103565
     525   -0.104066
     526   -0.104066
     527   -0.104597
     528   -0.104597
     529   -0.105183
     530   -0.105183
     531   -0.105370
     532   -0.105370
     533   -0.105116
     534   -0.105116
     535   -0.105034
     536   -0.105034
     537   -0.105148
     538   -0.105148
     539   -0.104730
     540   -0.104730
     541   -0.103774
     542   -0.103774
     543   -0.103104
     544   -0.103104
     545   -0.102648
     546   -0.102648
     547   -0.101454
     548   -0.101454
     549   -0.099707
     550   -0.099707
     551   -0.098580
     552   -0.098580
     553   -0.097935
     554   -0.097935
     555   -0.096564
     556   -0.096564
     557   -0.094448
     558   -0.094448
     559   -0.092610
     560   -0.092610
     561   -0.090970
     562   -0.090970
     563   -0.088398
     564   -0.088398
     565   -0.084796
     566   -0.084796
     567   -0.081083
     568   -0.081083
     569   -0.076815
     570   -0.076815
     571   -0.070436
     572   -0.070436
     573   -0.062600
     574   -0.062600
     575   -0.055863
     576   -0.055863
     577   -0.050582
     578   -0.050582
     579   -0.045302
     580   -0.045302
     581   -0.039363
     582   -0.039363
     583   -0.032847
     584   -0.032847
     585   -0.024909
     586   -0.024909
     587   -0.013579
     588   -0.013579
     589    0.005162
     590    0.005162
     591    0.038058
     592    0.038058
     593    0.074780
     594    0.074780
     595   -0.188856
     596   -0.188856
     597   -0.185798
     598   -0.185798
     599   -0.182089
     600   -0.182089
     601   -0.179777
     602   -0.179777
     603   -0.178422
     604   -0.178422
     605   -0.177982
     606   -0.177982
     607   -0.178317
     608   -0.178317
     609   -0.178235
     610   -0.178235
     611   -0.177185
     612   -0.177185
     613   -0.175529
     614   -0.175529
     615   -0.173672
     616   -0.173672
     617   -0.172004
     618   -0.172004
     619   -0.170696
     620   -0.170696
     621   -0.169901
     622   -0.169901
     623   -0.169600
     624   -0.169600
     625   -0.169496
     626   -0.169496
     627   -0.169384
     628   -0.169384
     629   -0.169257
     630   -0.169257
     631   -0.169183
     632   -0.169183
     633   -0.169146
     634   -0.169146
     635   -0.169072
     636   -0.169072
     637   -0.168969
     638   -0.168969
     639   -0.168875
     640   -0.168875
     641   -0.168731
     642   -0.168731
     643   -0.168498
     644   -0.168498
     645   -0.168255
     646   -0.168255
     647   -0.168059
     648   -0.168059
     649   -0.167843
     650   -0.167843
     651   -0.167531
     652   -0.167531
     653   -0.167176
     654   -0.167176
     655   -0.166877
     656   -0.166877
     657   -0.166581
     658   -0.166581
     659   -0.166223
     660   -0.166223
     661   -0.165880
     662   -0.165880
     663   -0.165588
     664   -0.165588
     665   -0.165227
     666   -0.165227
     667   -0.164752
     668   -0.164752
     669   -0.164294
     670   -0.164294
     671   -0.163856
     672   -0.163856
     673   -0.163195
     674   -0.163195
     675   -0.162314
     676   -0.162314
     677   -0.161568
     678   -0.161568
     679   -0.161005
     680   -0.161005
     681   -0.160274
     682   -0.160274
     683   -0.159341
     684   -0.159341
     685   -0.158532
     686   -0.158532
     687   -0.157860
     688   -0.157860
     689   -0.156993
     690   -0.156993
     691   -0.155883
     692   -0.155883
     693   -0.154850
     694   -0.154850
     695   -0.153998
     696   -0.153998
     697   -0.153021
     698   -0.153021
     699   -0.151801
     700   -0.151801
     701   -0.150609
     702   -0.150609
     703   -0.149467
     704   -0.149467
     705   -0.148082
     706   -0.148082
     707   -0.146450
     708   -0.146450
     709   -0.144752
     710   -0.144752
     711   -0.143029
     712   -0.143029
     713   -0.141603
     714   -0.141603
     715   -0.141273
     716   -0.141273
     717   -0.142303
     718   -0.142303
     719   -0.143832
     720   -0.143832
     721   -0.144811
     722   -0.144811
     723   -0.145257
     724   -0.145257
     725   -0.145990
     726   -0.145990
     727   -0.146971
     728   -0.146971
     729   -0.147209
     730   -0.147209
     731   -0.146743
     732   -0.146743
     733   -0.146747
     734   -0.146747
     735   -0.147188
     736   -0.147188
     737   -0.146710
     738   -0.146710
     739   -0.145324
     740   -0.145324
     741   -0.144491
     742   -0.144491
     743   -0.144138
     744   -0.144138
     745   -0.142668
     746   -0.142668
     747   -0.140242
     748   -0.140242
     749   -0.138740
     750   -0.138740
     751   -0.138069
     752   -0.138069
     753   -0.136149
     754   -0.136149
     755   -0.132926
     756   -0.132926
     757   -0.130391
     758   -0.130391
     759   -0.128591
     760   -0.128591
     761   -0.125478
     762   -0.125478
     763   -0.120798
     764   -0.120798
     765   -0.116374
     766   -0.116374
     767   -0.111709
     768   -0.111709
     769   -0.104074
     770   -0.104074
     771   -0.094238
     772   -0.094238
     773   -0.086300
     774   -0.086300
     775   -0.080888
     776   -0.080888
     777   -0.075415
     778   -0.075415
     779   -0.069208
     780   -0.069208
     781   -0.062424
     782   -0.062424
     783   -0.053390
     784   -0.053390
     785   -0.037802
     786   -0.037802
     787   -0.014567
     788   -0.014567
     789    0.013172
     790    0.013172
     791    0.038755
     792    0.038755
     793   -0.237094
     794   -0.237094
     795   -0.233531
     796   -0.233531
     797   -0.228994
     798   -0.228994
     799   -0.225961
     800   -0.225961
     801   -0.224030
     802   -0.224030
     803   -0.222924
     804   -0.222924
     805   -0.222503
     806   -0.222503
     807   -0.221695
     808   -0.221695
     809   -0.220078
     810   -0.220078
     811   -0.218206
     812   -0.218206
     813   -0.216521
     814   -0.216521
     815   -0.215352
     816   -0.215352
     817   -0.214705
     818   -0.214705
     819   -0.214377
     820   -0.214377
     821   -0.214242
     822   -0.214242
     823   -0.214178
     824   -0.214178
     825   -0.214089
     826   -0.214089
     827   -0.213974
     828   -0.213974
     829   -0.213883
     830   -0.213883
     831   -0.213799
     832   -0.213799
     833   -0.213652
     834   -0.213652
     835   -0.213454
     836   -0.213454
     837   -0.213271
     838   -0.213271
     839   -0.213078
     840   -0.213078
     841   -0.212825
     842   -0.212825
     843   -0.212561
     844   -0.212561
     845   -0.212321
     846   -0.212321
     847   -0.212027
     848   -0.212027
     849   -0.211616
     850   -0.211616
     851   -0.211173
     852   -0.211173
     853   -0.210790
     854   -0.210790
     855   -0.210403
     856   -0.210403
     857   -0.209945
     858   -0.209945
     859   -0.209500
     860   -0.209500
     861   -0.209114
     862   -0.209114
     863   -0.208667
     864   -0.208667
     865   -0.208095
     866   -0.208095
     867   -0.207531
     868   -0.207531
     869   -0.206991
     870   -0.206991
     871   -0.206248
     872   -0.206248
     873   -0.205294
     874   -0.205294
     875   -0.204449
     876   -0.204449
     877   -0.203767
     878   -0.203767
     879   -0.202907
     880   -0.202907
     881   -0.201796
     882   -0.201796
     883   -0.200769
     884   -0.200769
     885   -0.199882
     886   -0.199882
     887   -0.198834
     888   -0.198834
     889   -0.197592
     890   -0.197592
     891   -0.196456
     892   -0.196456
     893   -0.195452
     894   -0.195452
     895   -0.194225
     896   -0.194225
     897   -0.192733
     898   -0.192733
     899   -0.191319
     900   -0.191319
     901   -0.189970
     902   -0.189970
     903   -0.188311
     904   -0.188311
     905   -0.186314
     906   -0.186314
     907   -0.184306
     908   -0.184306
     909   -0.182463
     910   -0.182463
     911   -0.180971
     912   -0.180971
     913   -0.180480
     914   -0.180480
     915   -0.181362
     916   -0.181362
     917   -0.182866
     918   -0.182866
     919   -0.183964
     920   -0.183964
     921   -0.184620
     922   -0.184620
     923   -0.185507
     924   -0.185507
     925   -0.186485
     926   -0.186485
     927   -0.186652
     928   -0.186652
     929   -0.186198
     930   -0.186198
     931   -0.186213
     932   -0.186213
     933   -0.186535
     934   -0.186535
     935   -0.185951
     936   -0.185951
     937   -0.184550
     938   -0.184550
     939   -0.183609
     940   -0.183609
     941   -0.183032
     942   -0.183032
     943   -0.181427
     944   -0.181427
     945   -0.178910
     946   -0.178910
     947   -0.177062
     948   -0.177062
     949   -0.175843
     950   -0.175843
     951   -0.173476
     952   -0.173476
     953   -0.169896
     954   -0.169896
     955   -0.166897
     956   -0.166897
     957   -0.164517
     958   -0.164517
     959   -0.160854
     960   -0.160854
     961   -0.155684
     962   -0.155684
     963   -0.150703
     964   -0.150703
     965   -0.145404
     966   -0.145404
     967   -0.137175
     968   -0.137175
     969   -0.126753
     970   -0.126753
     971   -0.118050
     972   -0.118050
     973   -0.111674
     974   -0.111674
     975   -0.105101
     976   -0.105101
     977   -0.098524
     978   -0.098524
     979   -0.091673
     980   -0.091673
     981   -0.081406
     982   -0.081406
     983   -0.064154
     984   -0.064154
     985   -0.040778
     986   -0.040778
     987   -0.017634
     988   -0.017634
     989    0.000477
     990    0.000477
     991   -0.289702
     992   -0.289702
     993   -0.286098
     994   -0.286098
     995   -0.281057
     996   -0.281057
     997   -0.276246
     998   -0.276246
     999   -0.271597
    1000   -0.271597
    1001   -0.268337
    1002   -0.268337
    1003   -0.266656
    1004   -0.266656
    1005   -0.265214
    1006   -0.265214
    1007   -0.263587
    1008   -0.263587
    1009   -0.262176
    1010   -0.262176
    1011   -0.261288
    1012   -0.261288
    1013   -0.261133
    1014   -0.261133
    1015   -0.261547
    1016   -0.261547
    1017   -0.261908
    1018   -0.261908
    1019   -0.261958
    1020   -0.261958
    1021   -0.261857
    1022   -0.261857
    1023   -0.261738
    1024   -0.261738
    1025   -0.261631
    1026   -0.261631
    1027   -0.261477
    1028   -0.261477
    1029   -0.261263
    1030   -0.261263
    1031   -0.261035
    1032   -0.261035
    1033   -0.260807
    1034   -0.260807
    1035   -0.260555
    1036   -0.260555
    1037   -0.260271
    1038   -0.260271
    1039   -0.259993
    1040   -0.259993
    1041   -0.259725
    1042   -0.259725
    1043   -0.259395
    1044   -0.259395
    1045   -0.258951
    1046   -0.258951
    1047   -0.258448
    1048   -0.258448
    1049   -0.257973
    1050   -0.257973
    1051   -0.257501
    1052   -0.257501
    1053   -0.256973
    1054   -0.256973
    1055   -0.256428
    1056   -0.256428
    1057   -0.255922
    1058   -0.255922
    1059   -0.255409
    1060   -0.255409
    1061   -0.254816
    1062   -0.254816
    1063   -0.254167
    1064   -0.254167
    1065   -0.253538
    1066   -0.253538
    1067   -0.252868
    1068   -0.252868
    1069   -0.252052
    1070   -0.252052
    1071   -0.251146
    1072   -0.251146
    1073   -0.250279
    1074   -0.250279
    1075   -0.249418
    1076   -0.249418
    1077   -0.248400
    1078   -0.248400
    1079   -0.247236
    1080   -0.247236
    1081   -0.246120
    1082   -0.246120
    1083   -0.245035
    1084   -0.245035
    1085   -0.243807
    1086   -0.243807
    1087   -0.242491
    1088   -0.242491
    1089   -0.241261
    1090   -0.241261
    1091   -0.240029
    1092   -0.240029
    1093   -0.238555
    1094   -0.238555
    1095   -0.236890
    1096   -0.236890
    1097   -0.235233
    1098   -0.235233
    1099   -0.233504
    1100   -0.233504
    1101   -0.231456
    1102   -0.231456
    1103   -0.229099
    1104   -0.229099
    1105   -0.226730
    1106   -0.226730
    1107   -0.224568
    1108   -0.224568
    1109   -0.222927
    1110   -0.222927
    1111   -0.222402
    1112   -0.222402
    1113   -0.223114
    1114   -0.223114
    1115   -0.224370
    1116   -0.224370
    1117   -0.225489
    1118   -0.225489
    1119   -0.226379
    1120   -0.226379
    1121   -0.227195
    1122   -0.227195
    1123   -0.227806
    1124   -0.227806
    1125   -0.227892
    1126   -0.227892
    1127   -0.227632
    1128   -0.227632
    1129   -0.227510
    1130   -0.227510
    1131   -0.227363
    1132   -0.227363
    1133   -0.226653
    1134   -0.226653
    1135   -0.225499
    1136   -0.225499
    1137   -0.224438
    1138   -0.224438
    1139   -0.223362
    1140   -0.223362
    1141   -0.221685
    1142   -0.221685
    1143   -0.219473
    1144   -0.219473
    1145   -0.217346
    1146   -0.217346
    1147   -0.215263
    1148   -0.215263
    1149   -0.212497
    1150   -0.212497
    1151   -0.209026
    1152   -0.209026
    1153   -0.205655
    1154   -0.205655
    1155   -0.202330
    1156   -0.202330
    1157   -0.198013
    1158   -0.198013
    1159   -0.192588
    1160   -0.192588
    1161   -0.186924
    1162   -0.186924
    1163   -0.180652
    1164   -0.180652
    1165   -0.172258
    1166   -0.172258
    1167   -0.162217
    1168   -0.162217
    1169   -0.152830
    1170   -0.152830
    1171   -0.144451
    1172   -0.144451
    1173   -0.135579
    1174   -0.135579
    1175   -0.127547
    1176   -0.127547
    1177   -0.119580
    1178   -0.119580
    1179   -0.107410
    1180   -0.107410
    1181   -0.090610
    1182   -0.090610
    1183   -0.070386
    1184   -0.070386
    1185   -0.049906
    1186   -0.049906
    1187   -0.034420
    1188   -0.034420
    1189   -0.348417
    1190   -0.348417
    1191   -0.345545
    1192   -0.345545
    1193   -0.341442
    1194   -0.341442
    1195   -0.337086
    1196   -0.337086
    1197   -0.332542
    1198   -0.332542
    1199   -0.329240
    1200   -0.329240
    1201   -0.327299
    1202   -0.327299
    1203   -0.325448
    1204   -0.325448
    1205   -0.323532
    1206   -0.323532
    1207   -0.322263
    1208   -0.322263
    1209   -0.321839
    1210   -0.321839
    1211   -0.322019
    1212   -0.322019
    1213   -0.322522
    1214   -0.322522
    1215   -0.322882
    1216   -0.322882
    1217   -0.322870
    1218   -0.322870
    1219   -0.322622
    1220   -0.322622
    1221   -0.322347
    1222   -0.322347
    1223   -0.322128
    1224   -0.322128
    1225   -0.321861
    1226   -0.321861
    1227   -0.321498
    1228   -0.321498
    1229   -0.321153
    1230   -0.321153
    1231   -0.320882
    1232   -0.320882
    1233   -0.320591
    1234   -0.320591
    1235   -0.320245
    1236   -0.320245
    1237   -0.319927
    1238   -0.319927
    1239   -0.319612
    1240   -0.319612
    1241   -0.319175
    1242   -0.319175
    1243   -0.318607
    1244   -0.318607
    1245   -0.318040
    1246   -0.318040
    1247   -0.317529
    1248   -0.317529
    1249   -0.316959
    1250   -0.316959
    1251   -0.316287
    1252   -0.316287
    1253   -0.315632
    1254   -0.315632
    1255   -0.315036
    1256   -0.315036
    1257   -0.314392
    1258   -0.314392
    1259   -0.313647
    1260   -0.313647
    1261   -0.312896
    1262   -0.312896
    1263   -0.312179
    1264   -0.312179
    1265   -0.311382
    1266   -0.311382
    1267   -0.310458
    1268   -0.310458
    1269   -0.309508
    1270   -0.309508
    1271   -0.308560
    1272   -0.308560
    1273   -0.307517
    1274   -0.307517
    1275   -0.306346
    1276   -0.306346
    1277   -0.305138
    1278   -0.305138
    1279   -0.303947
    1280   -0.303947
    1281   -0.302692
    1282   -0.302692
    1283   -0.301310
    1284   -0.301310
    1285   -0.299903
    1286   -0.299903
    1287   -0.298526
    1288   -0.298526
    1289   -0.297030
    1290   -0.297030
    1291   -0.295307
    1292   -0.295307
    1293   -0.293436
    1294   -0.293436
    1295   -0.291480
    1296   -0.291480
    1297   -0.289362
    1298   -0.289362
    1299   -0.286963
    1300   -0.286963
    1301   -0.284301
    1302   -0.284301
    1303   -0.281562
    1304   -0.281562
    1305   -0.278948
    1306   -0.278948
    1307   -0.276877
    1308   -0.276877
    1309   -0.276011
    1310   -0.276011
    1311   -0.276438
    1312   -0.276438
    1313   -0.277425
    1314   -0.277425
    1315   -0.278301
    1316   -0.278301
    1317   -0.278927
    1318   -0.278927
    1319   -0.279386
    1320   -0.279386
    1321   -0.279662
    1322   -0.279662
    1323   -0.279660
    1324   -0.279660
    1325   -0.279403
    1326   -0.279403
    1327   -0.279039
    1328   -0.279039
    1329   -0.278521
    1330   -0.278521
    1331   -0.277639
    1332   -0.277639
    1333   -0.276465
    1334   -0.276465
    1335   -0.275205
    1336   -0.275205
    1337   -0.273761
    1338   -0.273761
    1339   -0.271903
    1340   -0.271903
    1341   -0.269649
    1342   -0.269649
    1343   -0.267189
    1344   -0.267189
    1345   -0.264461
    1346   -0.264461
    1347   -0.261219
    1348   -0.261219
    1349   -0.257528
    1350   -0.257528
    1351   -0.253726
    1352   -0.253726
    1353   -0.249655
    1354   -0.249655
    1355   -0.244643
    1356   -0.244643
    1357   -0.238656
    1358   -0.238656
    1359   -0.232199
    1360   -0.232199
    1361   -0.225144
    1362   -0.225144
    1363   -0.216792
    1364   -0.216792
    1365   -0.207275
    1366   -0.207275
    1367   -0.197491
    1368   -0.197491
    1369   -0.187762
    1370   -0.187762
    1371   -0.177059
    1372   -0.177059
    1373   -0.165934
    1374   -0.165934
    1375   -0.154402
    1376   -0.154402
    1377   -0.139730
    1378   -0.139730
    1379   -0.122415
    1380   -0.122415
    1381   -0.102798
    1382   -0.102798
    1383   -0.081642
    1384   -0.081642
    1385   -0.065262
    1386   -0.065262
    1387   -0.416214
    1388   -0.416214
    1389   -0.414131
    1390   -0.414131
    1391   -0.411383
    1392   -0.411383
    1393   -0.409177
    1394   -0.409177
    1395   -0.407466
    1396   -0.407466
    1397   -0.406239
    1398   -0.406239
    1399   -0.405179
    1400   -0.405179
    1401   -0.403509
    1402   -0.403509
    1403   -0.401459
    1404   -0.401459
    1405   -0.400240
    1406   -0.400240
    1407   -0.399993
    1408   -0.399993
    1409   -0.399911
    1410   -0.399911
    1411   -0.399692
    1412   -0.399692
    1413   -0.399465
    1414   -0.399465
    1415   -0.399207
    1416   -0.399207
    1417   -0.398822
    1418   -0.398822
    1419   -0.398382
    1420   -0.398382
    1421   -0.398005
    1422   -0.398005
    1423   -0.397650
    1424   -0.397650
    1425   -0.397204
    1426   -0.397204
    1427   -0.396713
    1428   -0.396713
    1429   -0.396306
    1430   -0.396306
    1431   -0.395954
    1432   -0.395954
    1433   -0.395571
    1434   -0.395571
    1435   -0.395168
    1436   -0.395168
    1437   -0.394724
    1438   -0.394724
    1439   -0.394184
    1440   -0.394184
    1441   -0.393569
    1442   -0.393569
    1443   -0.392960
    1444   -0.392960
    1445   -0.392361
    1446   -0.392361
    1447   -0.391687
    1448   -0.391687
    1449   -0.390914
    1450   -0.390914
    1451   -0.390132
    1452   -0.390132
    1453   -0.389387
    1454   -0.389387
    1455   -0.388616
    1456   -0.388616
    1457   -0.387766
    1458   -0.387766
    1459   -0.386888
    1460   -0.386888
    1461   -0.386011
    1462   -0.386011
    1463   -0.385068
    1464   -0.385068
    1465   -0.384013
    1466   -0.384013
    1467   -0.382901
    1468   -0.382901
    1469   -0.381776
    1470   -0.381776
    1471   -0.380590
    1472   -0.380590
    1473   -0.379340
    1474   -0.379340
    1475   -0.378062
    1476   -0.378062
    1477   -0.376714
    1478   -0.376714
    1479   -0.375262
    1480   -0.375262
    1481   -0.373750
    1482   -0.373750
    1483   -0.372211
    1484   -0.372211
    1485   -0.370596
    1486   -0.370596
    1487   -0.368807
    1488   -0.368807
    1489   -0.366822
    1490   -0.366822
    1491   -0.364698
    1492   -0.364698
    1493   -0.362462
    1494   -0.362462
    1495   -0.360064
    1496   -0.360064
    1497   -0.357415
    1498   -0.357415
    1499   -0.354518
    1500   -0.354518
    1501   -0.351506
    1502   -0.351506
    1503   -0.348577
    1504   -0.348577
    1505   -0.346141
    1506   -0.346141
    1507   -0.344920
    1508   -0.344920
    1509   -0.345106
    1510   -0.345106
    1511   -0.345916
    1512   -0.345916
    1513   -0.346461
    1514   -0.346461
    1515   -0.346600
    1516   -0.346600
    1517   -0.346707
    1518   -0.346707
    1519   -0.346820
    1520   -0.346820
    1521   -0.346621
    1522   -0.346621
    1523   -0.346024
    1524   -0.346024
    1525   -0.345314
    1526   -0.345314
    1527   -0.344547
    1528   -0.344547
    1529   -0.343430
    1530   -0.343430
    1531   -0.341966
    1532   -0.341966
    1533   -0.340432
    1534   -0.340432
    1535   -0.338748
    1536   -0.338748
    1537   -0.336585
    1538   -0.336585
    1539   -0.333924
    1540   -0.333924
    1541   -0.331034
    1542   -0.331034
    1543   -0.327847
    1544   -0.327847
    1545   -0.324060
    1546   -0.324060
    1547   -0.319800
    1548   -0.319800
    1549   -0.315454
    1550   -0.315454
    1551   -0.310821
    1552   -0.310821
    1553   -0.305142
    1554   -0.305142
    1555   -0.298389
    1556   -0.298389
    1557   -0.291144
    1558   -0.291144
    1559   -0.283487
    1560   -0.283487
    1561   -0.275039
    1562   -0.275039
    1563   -0.265627
    1564   -0.265627
    1565   -0.255389
    1566   -0.255389
    1567   -0.244943
    1568   -0.244943
    1569   -0.233116
    1570   -0.233116
    1571   -0.218191
    1572   -0.218191
    1573   -0.201676
    1574   -0.201676
    1575   -0.183917
    1576   -0.183917
    1577   -0.163885
    1578   -0.163885
    1579   -0.140745
    1580   -0.140745
    1581   -0.115528
    1582   -0.115528
    1583   -0.095760
    1584   -0.095760
    1585   -0.497955
    1586   -0.497955
    1587   -0.496115
    1588   -0.496115
    1589   -0.493710
    1590   -0.493710
    1591   -0.492109
    1592   -0.492109
    1593   -0.491360
    1594   -0.491360
    1595   -0.491212
    1596   -0.491212
    1597   -0.491336
    1598   -0.491336
    1599   -0.491143
    1600   -0.491143
    1601   -0.490685
    1602   -0.490685
    1603   -0.490647
    1604   -0.490647
    1605   -0.490972
    1606   -0.490972
    1607   -0.490962
    1608   -0.490962
    1609   -0.490507
    1610   -0.490507
    1611   -0.490052
    1612   -0.490052
    1613   -0.489727
    1614   -0.489727
    1615   -0.489364
    1616   -0.489364
    1617   -0.488930
    1618   -0.488930
    1619   -0.488515
    1620   -0.488515
    1621   -0.488129
    1622   -0.488129
    1623   -0.487651
    1624   -0.487651
    1625   -0.487062
    1626   -0.487062
    1627   -0.486498
    1628   -0.486498
    1629   -0.485995
    1630   -0.485995
    1631   -0.485483
    1632   -0.485483
    1633   -0.484924
    1634   -0.484924
    1635   -0.484320
    1636   -0.484320
    1637   -0.483684
    1638   -0.483684
    1639   -0.483035
    1640   -0.483035
    1641   -0.482376
    1642   -0.482376
    1643   -0.481682
    1644   -0.481682
    1645   -0.480913
    1646   -0.480913
    1647   -0.480061
    1648   -0.480061
    1649   -0.479160
    1650   -0.479160
    1651   -0.478253
    1652   -0.478253
    1653   -0.477335
    1654   -0.477335
    1655   -0.476371
    1656   -0.476371
    1657   -0.475350
    1658   -0.475350
    1659   -0.474287
    1660   -0.474287
    1661   -0.473173
    1662   -0.473173
    1663   -0.471968
    1664   -0.471968
    1665   -0.470695
    1666   -0.470695
    1667   -0.469417
    1668   -0.469417
    1669   -0.468132
    1670   -0.468132
    1671   -0.466815
    1672   -0.466815
    1673   -0.465434
    1674   -0.465434
    1675   -0.463929
    1676   -0.463929
    1677   -0.462300
    1678   -0.462300
    1679   -0.460609
    1680   -0.460609
    1681   -0.458840
    1682   -0.458840
    1683   -0.456924
    1684   -0.456924
    1685   -0.454849
    1686   -0.454849
    1687   -0.452634
    1688   -0.452634
    1689   -0.450289
    1690   -0.450289
    1691   -0.447819
    1692   -0.447819
    1693   -0.445177
    1694   -0.445177
    1695   -0.442301
    1696   -0.442301
    1697   -0.439216
    1698   -0.439216
    1699   -0.436029
    1700   -0.436029
    1701   -0.432918
    1702   -0.432918
    1703   -0.430286
    1704   -0.430286
    1705   -0.428865
    1706   -0.428865
    1707   -0.428864
    1708   -0.428864
    1709   -0.429499
    1710   -0.429499
    1711   -0.429867
    1712   -0.429867
    1713   -0.429844
    1714   -0.429844
    1715   -0.429845
    1716   -0.429845
    1717   -0.429867
    1718   -0.429867
    1719   -0.429499
    1720   -0.429499
    1721   -0.428657
    1722   -0.428657
    1723   -0.427695
    1724   -0.427695
    1725   -0.426696
    1726   -0.426696
    1727   -0.425374
    1728   -0.425374
    1729   -0.423693
    1730   -0.423693
    1731   -0.421904
    1732   -0.421904
    1733   -0.419952
    1734   -0.419952
    1735   -0.417506
    1736   -0.417506
    1737   -0.414533
    1738   -0.414533
    1739   -0.411258
    1740   -0.411258
    1741   -0.407630
    1742   -0.407630
    1743   -0.403340
    1744   -0.403340
    1745   -0.398467
    1746   -0.398467
    1747   -0.393400
    1748   -0.393400
    1749   -0.387985
    1750   -0.387985
    1751   -0.381527
    1752   -0.381527
    1753   -0.373991
    1754   -0.373991
    1755   -0.365932
    1756   -0.365932
    1757   -0.357414
    1758   -0.357414
    1759   -0.348029
    1760   -0.348029
    1761   -0.337498
    1762   -0.337498
    1763   -0.325834
    1764   -0.325834
    1765   -0.313621
    1766   -0.313621
    1767   -0.299697
    1768   -0.299697
    1769   -0.281597
    1770   -0.281597
    1771   -0.260824
    1772   -0.260824
    1773   -0.238792
    1774   -0.238792
    1775   -0.213853
    1776   -0.213853
    1777   -0.184774
    1778   -0.184774
    1779   -0.153226
    1780   -0.153226
    1781   -0.128150
    1782   -0.128150
    1783   -0.598239
    1784   -0.598239
    1785   -0.596509
    1786   -0.596509
    1787   -0.593994
    1788   -0.593994
    1789   -0.591599
    1790   -0.591599
    1791   -0.589682
    1792   -0.589682
    1793   -0.589228
    1794   -0.589228
    1795   -0.590332
    1796   -0.590332
    1797   -0.592226
    1798   -0.592226
    1799   -0.594349
    1800   -0.594349
    1801   -0.596119
    1802   -0.596119
    1803   -0.597244
    1804   -0.597244
    1805   -0.597704
    1806   -0.597704
    1807   -0.597662
    1808   -0.597662
    1809   -0.597501
    1810   -0.597501
    1811   -0.597374
    1812   -0.597374
    1813   -0.597200
    1814   -0.597200
    1815   -0.596934
    1816   -0.596934
    1817   -0.596604
    1818   -0.596604
    1819   -0.596232
    1820   -0.596232
    1821   -0.595766
    1822   -0.595766
    1823   -0.595183
    1824   -0.595183
    1825   -0.594537
    1826   -0.594537
    1827   -0.593876
    1828   -0.593876
    1829   -0.593186
    1830   -0.593186
    1831   -0.592443
    1832   -0.592443
    1833   -0.591678
    1834   -0.591678
    1835   -0.590937
    1836   -0.590937
    1837   -0.590218
    1838   -0.590218
    1839   -0.589476
    1840   -0.589476
    1841   -0.588677
    1842   -0.588677
    1843   -0.587816
    1844   -0.587816
    1845   -0.586884
    1846   -0.586884
    1847   -0.585872
    1848   -0.585872
    1849   -0.584804
    1850   -0.584804
    1851   -0.583710
    1852   -0.583710
    1853   -0.582575
    1854   -0.582575
    1855   -0.581378
    1856   -0.581378
    1857   -0.580134
    1858   -0.580134
    1859   -0.578856
    1860   -0.578856
    1861   -0.577524
    1862   -0.577524
    1863   -0.576131
    1864   -0.576131
    1865   -0.574719
    1866   -0.574719
    1867   -0.573306
    1868   -0.573306
    1869   -0.571851
    1870   -0.571851
    1871   -0.570318
    1872   -0.570318
    1873   -0.568676
    1874   -0.568676
    1875   -0.566889
    1876   -0.566889
    1877   -0.564942
    1878   -0.564942
    1879   -0.562833
    1880   -0.562833
    1881   -0.560578
    1882   -0.560578
    1883   -0.558224
    1884   -0.558224
    1885   -0.555773
    1886   -0.555773
    1887   -0.553188
    1888   -0.553188
    1889   -0.550451
    1890   -0.550451
    1891   -0.547521
    1892   -0.547521
    1893   -0.544359
    1894   -0.544359
    1895   -0.540997
    1896   -0.540997
    1897   -0.537543
    1898   -0.537543
    1899   -0.534155
    1900   -0.534155
    1901   -0.531209
    1902   -0.531209
    1903   -0.529438
    1904   -0.529438
    1905   -0.529073
    1906   -0.529073
    1907   -0.529405
    1908   -0.529405
    1909   -0.529666
    1910   -0.529666
    1911   -0.529698
    1912   -0.529698
    1913   -0.529713
    1914   -0.529713
    1915   -0.529664
    1916   -0.529664
    1917   -0.529276
    1918   -0.529276
    1919   -0.528500
    1920   -0.528500
    1921   -0.527519
    1922   -0.527519
    1923   -0.526357
    1924   -0.526357
    1925   -0.524883
    1926   -0.524883
    1927   -0.523081
    1928   -0.523081
    1929   -0.521048
    1930   -0.521048
    1931   -0.518741
    1932   -0.518741
    1933   -0.515990
    1934   -0.515990
    1935   -0.512771
    1936   -0.512771
    1937   -0.509148
    1938   -0.509148
    1939   -0.505093
    1940   -0.505093
    1941   -0.500374
    1942   -0.500374
    1943   -0.494957
    1944   -0.494957
    1945   -0.489111
    1946   -0.489111
    1947   -0.482712
    1948   -0.482712
    1949   -0.475314
    1950   -0.475314
    1951   -0.466936
    1952   -0.466936
    1953   -0.457946
    1954   -0.457946
    1955   -0.448194
    1956   -0.448194
    1957   -0.437075
    1958   -0.437075
    1959   -0.424388
    1960   -0.424388
    1961   -0.410325
    1962   -0.410325
    1963   -0.394991
    1964   -0.394991
    1965   -0.377656
    1966   -0.377656
    1967   -0.356786
    1968   -0.356786
    1969   -0.332321
    1970   -0.332321
    1971   -0.304675
    1972   -0.304675
    1973   -0.272927
    1974   -0.272927
    1975   -0.236319
    1976   -0.236319
    1977   -0.196939
    1978   -0.196939
    1979   -0.165281
    1980   -0.165281
    1981   -0.722723
    1982   -0.722723
    1983   -0.721625
    1984   -0.721625
    1985   -0.719847
    1986   -0.719847
    1987   -0.717783
    1988   -0.717783
    1989   -0.715852
    1990   -0.715852
    1991   -0.715452
    1992   -0.715452
    1993   -0.716860
    1994   -0.716860
    1995   -0.719263
    1996   -0.719263
    1997   -0.721943
    1998   -0.721943
    1999   -0.724065
    2000   -0.724065
    2001   -0.725392
    2002   -0.725392
    2003   -0.726183
    2004   -0.726183
    2005   -0.726612
    2006   -0.726612
    2007   -0.726840
    2008   -0.726840
    2009   -0.726971
    2010   -0.726971
    2011   -0.727036
    2012   -0.727036
    2013   -0.726998
    2014   -0.726998
    2015   -0.726810
    2016   -0.726810
    2017   -0.726495
    2018   -0.726495
    2019   -0.726091
    2020   -0.726091
    2021   -0.725583
    2022   -0.725583
    2023   -0.724963
    2024   -0.724963
    2025   -0.724263
    2026   -0.724263
    2027   -0.723501
    2028   -0.723501
    2029   -0.722663
    2030   -0.722663
    2031   -0.721784
    2032   -0.721784
    2033   -0.720926
    2034   -0.720926
    2035   -0.720088
    2036   -0.720088
    2037   -0.719216
    2038   -0.719216
    2039   -0.718274
    2040   -0.718274
    2041   -0.717285
    2042   -0.717285
    2043   -0.716239
    2044   -0.716239
    2045   -0.715096
    2046   -0.715096
    2047   -0.713865
    2048   -0.713865
    2049   -0.712582
    2050   -0.712582
    2051   -0.711252
    2052   -0.711252
    2053   -0.709861
    2054   -0.709861
    2055   -0.708425
    2056   -0.708425
    2057   -0.706982
    2058   -0.706982
    2059   -0.705529
    2060   -0.705529
    2061   -0.704010
    2062   -0.704010
    2063   -0.702410
    2064   -0.702410
    2065   -0.700772
    2066   -0.700772
    2067   -0.699112
    2068   -0.699112
    2069   -0.697392
    2070   -0.697392
    2071   -0.695552
    2072   -0.695552
    2073   -0.693524
    2074   -0.693524
    2075   -0.691230
    2076   -0.691230
    2077   -0.688681
    2078   -0.688681
    2079   -0.686002
    2080   -0.686002
    2081   -0.683268
    2082   -0.683268
    2083   -0.680451
    2084   -0.680451
    2085   -0.677494
    2086   -0.677494
    2087   -0.674383
    2088   -0.674383
    2089   -0.671107
    2090   -0.671107
    2091   -0.667638
    2092   -0.667638
    2093   -0.663976
    2094   -0.663976
    2095   -0.660201
    2096   -0.660201
    2097   -0.656497
    2098   -0.656497
    2099   -0.653346
    2100   -0.653346
    2101   -0.651436
    2102   -0.651436
    2103   -0.650849
    2104   -0.650849
    2105   -0.650955
    2106   -0.650955
    2107   -0.651166
    2108   -0.651166
    2109   -0.651257
    2110   -0.651257
    2111   -0.651238
    2112   -0.651238
    2113   -0.651052
    2114   -0.651052
    2115   -0.650541
    2116   -0.650541
    2117   -0.649701
    2118   -0.649701
    2119   -0.648616
    2120   -0.648616
    2121   -0.647252
    2122   -0.647252
    2123   -0.645546
    2124   -0.645546
    2125   -0.643481
    2126   -0.643481
    2127   -0.641071
    2128   -0.641071
    2129   -0.638272
    2130   -0.638272
    2131   -0.635004
    2132   -0.635004
    2133   -0.631283
    2134   -0.631283
    2135   -0.627143
    2136   -0.627143
    2137   -0.622555
    2138   -0.622555
    2139   -0.617329
    2140   -0.617329
    2141   -0.611357
    2142   -0.611357
    2143   -0.604717
    2144   -0.604717
    2145   -0.597278
    2146   -0.597278
    2147   -0.588859
    2148   -0.588859
    2149   -0.579512
    2150   -0.579512
    2151   -0.569359
    2152   -0.569359
    2153   -0.558185
    2154   -0.558185
    2155   -0.545441
    2156   -0.545441
    2157   -0.530822
    2158   -0.530822
    2159   -0.514160
    2160   -0.514160
    2161   -0.495151
    2162   -0.495151
    2163   -0.473995
    2164   -0.473995
    2165   -0.450038
    2166   -0.450038
    2167   -0.421452
    2168   -0.421452
    2169   -0.387475
    2170   -0.387475
    2171   -0.347670
    2172   -0.347670
    2173   -0.301772
    2174   -0.301772
    2175   -0.252581
    2176   -0.252581
    2177   -0.212792
    2178   -0.212792
    2179   -0.884040
    2180   -0.884040
    2181   -0.884607
    2182   -0.884607
    2183   -0.885227
    2184   -0.885227
    2185   -0.885666
    2186   -0.885666
    2187   -0.886035
    2188   -0.886035
    2189   -0.886883
    2190   -0.886883
    2191   -0.888267
    2192   -0.888267
    2193   -0.889628
    2194   -0.889628
    2195   -0.890744
    2196   -0.890744
    2197   -0.891692
    2198   -0.891692
    2199   -0.892543
    2200   -0.892543
    2201   -0.893343
    2202   -0.893343
    2203   -0.894056
    2204   -0.894056
    2205   -0.894564
    2206   -0.894564
    2207   -0.894882
    2208   -0.894882
    2209   -0.895131
    2210   -0.895131
    2211   -0.895298
    2212   -0.895298
    2213   -0.895262
    2214   -0.895262
    2215   -0.895027
    2216   -0.895027
    2217   -0.894692
    2218   -0.894692
    2219   -0.894266
    2220   -0.894266
    2221   -0.893713
    2222   -0.893713
    2223   -0.893046
    2224   -0.893046
    2225   -0.892291
    2226   -0.892291
    2227   -0.891449
    2228   -0.891449
    2229   -0.890530
    2230   -0.890530
    2231   -0.889560
    2232   -0.889560
    2233   -0.888550
    2234   -0.888550
    2235   -0.887486
    2236   -0.887486
    2237   -0.886358
    2238   -0.886358
    2239   -0.885180
    2240   -0.885180
    2241   -0.883944
    2242   -0.883944
    2243   -0.882622
    2244   -0.882622
    2245   -0.881211
    2246   -0.881211
    2247   -0.879723
    2248   -0.879723
    2249   -0.878171
    2250   -0.878171
    2251   -0.876558
    2252   -0.876558
    2253   -0.874898
    2254   -0.874898
    2255   -0.873233
    2256   -0.873233
    2257   -0.871568
    2258   -0.871568
    2259   -0.869835
    2260   -0.869835
    2261   -0.867973
    2262   -0.867973
    2263   -0.866027
    2264   -0.866027
    2265   -0.864089
    2266   -0.864089
    2267   -0.862110
    2268   -0.862110
    2269   -0.859951
    2270   -0.859951
    2271   -0.857547
    2272   -0.857547
    2273   -0.854817
    2274   -0.854817
    2275   -0.851777
    2276   -0.851777
    2277   -0.848593
    2278   -0.848593
    2279   -0.845343
    2280   -0.845343
    2281   -0.842017
    2282   -0.842017
    2283   -0.838575
    2284   -0.838575
    2285   -0.834974
    2286   -0.834974
    2287   -0.831226
    2288   -0.831226
    2289   -0.827361
    2290   -0.827361
    2291   -0.823394
    2292   -0.823394
    2293   -0.819333
    2294   -0.819333
    2295   -0.815390
    2296   -0.815390
    2297   -0.812316
    2298   -0.812316
    2299   -0.810748
    2300   -0.810748
    2301   -0.810364
    2302   -0.810364
    2303   -0.810528
    2304   -0.810528
    2305   -0.810879
    2306   -0.810879
    2307   -0.811128
    2308   -0.811128
    2309   -0.811087
    2310   -0.811087
    2311   -0.810706
    2312   -0.810706
    2313   -0.809916
    2314   -0.809916
    2315   -0.808755
    2316   -0.808755
    2317   -0.807354
    2318   -0.807354
    2319   -0.805690
    2320   -0.805690
    2321   -0.803616
    2322   -0.803616
    2323   -0.801047
    2324   -0.801047
    2325   -0.798037
    2326   -0.798037
    2327   -0.794583
    2328   -0.794583
    2329   -0.790580
    2330   -0.790580
    2331   -0.786048
    2332   -0.786048
    2333   -0.781073
    2334   -0.781073
    2335   -0.775613
    2336   -0.775613
    2337   -0.769555
    2338   -0.769555
    2339   -0.762752
    2340   -0.762752
    2341   -0.755053
    2342   -0.755053
    2343   -0.746329
    2344   -0.746329
    2345   -0.736585
    2346   -0.736585
    2347   -0.725828
    2348   -0.725828
    2349   -0.714014
    2350   -0.714014
    2351   -0.701092
    2352   -0.701092
    2353   -0.686796
    2354   -0.686796
    2355   -0.670528
    2356   -0.670528
    2357   -0.651416
    2358   -0.651416
    2359   -0.628538
    2360   -0.628538
    2361   -0.602595
    2362   -0.602595
    2363   -0.573992
    2364   -0.573992
    2365   -0.540212
    2366   -0.540212
    2367   -0.499232
    2368   -0.499232
    2369   -0.450030
    2370   -0.450030
    2371   -0.392422
    2372   -0.392422
    2373   -0.330166
    2374   -0.330166
    2375   -0.279344
    2376   -0.279344
    2377   -1.104587
    2378   -1.104587
    2379   -1.108112
    2380   -1.108112
    2381   -1.113023
    2382   -1.113023
    2383   -1.118154
    2384   -1.118154
    2385   -1.123134
    2386   -1.123134
    2387   -1.126816
    2388   -1.126816
    2389   -1.128923
    2390   -1.128923
    2391   -1.129727
    2392   -1.129727
    2393   -1.129759
    2394   -1.129759
    2395   -1.129869
    2396   -1.129869
    2397   -1.130356
    2398   -1.130356
    2399   -1.131071
    2400   -1.131071
    2401   -1.131858
    2402   -1.131858
    2403   -1.132504
    2404   -1.132504
    2405   -1.132959
    2406   -1.132959
    2407   -1.133323
    2408   -1.133323
    2409   -1.133595
    2410   -1.133595
    2411   -1.133657
    2412   -1.133657
    2413   -1.133496
    2414   -1.133496
    2415   -1.133201
    2416   -1.133201
    2417   -1.132795
    2418   -1.132795
    2419   -1.132246
    2420   -1.132246
    2421   -1.131555
    2422   -1.131555
    2423   -1.130734
    2424   -1.130734
    2425   -1.129807
    2426   -1.129807
    2427   -1.128800
    2428   -1.128800
    2429   -1.127699
    2430   -1.127699
    2431   -1.126484
    2432   -1.126484
    2433   -1.125175
    2434   -1.125175
    2435   -1.123802
    2436   -1.123802
    2437   -1.122367
    2438   -1.122367
    2439   -1.120859
    2440   -1.120859
    2441   -1.119270
    2442   -1.119270
    2443   -1.117595
    2444   -1.117595
    2445   -1.115821
    2446   -1.115821
    2447   -1.113948
    2448   -1.113948
    2449   -1.111997
    2450   -1.111997
    2451   -1.110001
    2452   -1.110001
    2453   -1.107983
    2454   -1.107983
    2455   -1.105947
    2456   -1.105947
    2457   -1.103852
    2458   -1.103852
    2459   -1.101624
    2460   -1.101624
    2461   -1.099271
    2462   -1.099271
    2463   -1.096881
    2464   -1.096881
    2465   -1.094413
    2466   -1.094413
    2467   -1.091738
    2468   -1.091738
    2469   -1.088822
    2470   -1.088822
    2471   -1.085629
    2472   -1.085629
    2473   -1.082163
    2474   -1.082163
    2475   -1.078517
    2476   -1.078517
    2477   -1.074723
    2478   -1.074723
    2479   -1.070801
    2480   -1.070801
    2481   -1.066743
    2482   -1.066743
    2483   -1.062496
    2484   -1.062496
    2485   -1.058054
    2486   -1.058054
    2487   -1.053479
    2488   -1.053479
    2489   -1.048843
    2490   -1.048843
    2491   -1.044170
    2492   -1.044170
    2493   -1.039669
    2494   -1.039669
    2495   -1.036226
    2496   -1.036226
    2497   -1.034599
    2498   -1.034599
    2499   -1.034284
    2500   -1.034284
    2501   -1.034490
    2502   -1.034490
    2503   -1.034901
    2504   -1.034901
    2505   -1.035189
    2506   -1.035189
    2507   -1.035059
    2508   -1.035059
    2509   -1.034444
    2510   -1.034444
    2511   -1.033341
    2512   -1.033341
    2513   -1.031776
    2514   -1.031776
    2515   -1.029903
    2516   -1.029903
    2517   -1.027752
    2518   -1.027752
    2519   -1.025042
    2520   -1.025042
    2521   -1.021643
    2522   -1.021643
    2523   -1.017721
    2524   -1.017721
    2525   -1.013336
    2526   -1.013336
    2527   -1.008379
    2528   -1.008379
    2529   -1.002809
    2530   -1.002809
    2531   -0.996641
    2532   -0.996641
    2533   -0.989814
    2534   -0.989814
    2535   -0.982326
    2536   -0.982326
    2537   -0.974025
    2538   -0.974025
    2539   -0.964659
    2540   -0.964659
    2541   -0.954154
    2542   -0.954154
    2543   -0.942523
    2544   -0.942523
    2545   -0.929687
    2546   -0.929687
    2547   -0.915521
    2548   -0.915521
    2549   -0.900026
    2550   -0.900026
    2551   -0.883080
    2552   -0.883080
    2553   -0.864002
    2554   -0.864002
    2555   -0.841644
    2556   -0.841644
    2557   -0.814487
    2558   -0.814487
    2559   -0.782501
    2560   -0.782501
    2561   -0.746609
    2562   -0.746609
    2563   -0.705291
    2564   -0.705291
    2565   -0.655624
    2566   -0.655624
    2567   -0.594641
    2568   -0.594641
    2569   -0.521805
    2570   -0.521805
    2571   -0.441940
    2572   -0.441940
    2573   -0.375847
    2574   -0.375847
    2575   -1.412564
    2576   -1.412564
    2577   -1.420568
    2578   -1.420568
    2579   -1.431785
    2580   -1.431785
    2581   -1.443188
    2582   -1.443188
    2583   -1.454037
    2584   -1.454037
    2585   -1.461595
    2586   -1.461595
    2587   -1.465478
    2588   -1.465478
    2589   -1.467200
    2590   -1.467200
    2591   -1.467930
    2592   -1.467930
    2593   -1.468636
    2594   -1.468636
    2595   -1.469609
    2596   -1.469609
    2597   -1.470651
    2598   -1.470651
    2599   -1.471646
    2600   -1.471646
    2601   -1.472510
    2602   -1.472510
    2603   -1.473210
    2604   -1.473210
    2605   -1.473752
    2606   -1.473752
    2607   -1.474109
    2608   -1.474109
    2609   -1.474231
    2610   -1.474231
    2611   -1.474122
    2612   -1.474122
    2613   -1.473837
    2614   -1.473837
    2615   -1.473397
    2616   -1.473397
    2617   -1.472780
    2618   -1.472780
    2619   -1.471983
    2620   -1.471983
    2621   -1.470998
    2622   -1.470998
    2623   -1.469852
    2624   -1.469852
    2625   -1.468614
    2626   -1.468614
    2627   -1.467283
    2628   -1.467283
    2629   -1.465806
    2630   -1.465806
    2631   -1.464185
    2632   -1.464185
    2633   -1.462461
    2634   -1.462461
    2635   -1.460654
    2636   -1.460654
    2637   -1.458756
    2638   -1.458756
    2639   -1.456757
    2640   -1.456757
    2641   -1.454655
    2642   -1.454655
    2643   -1.452439
    2644   -1.452439
    2645   -1.450088
    2646   -1.450088
    2647   -1.447615
    2648   -1.447615
    2649   -1.445077
    2650   -1.445077
    2651   -1.442490
    2652   -1.442490
    2653   -1.439849
    2654   -1.439849
    2655   -1.437147
    2656   -1.437147
    2657   -1.434323
    2658   -1.434323
    2659   -1.431343
    2660   -1.431343
    2661   -1.428212
    2662   -1.428212
    2663   -1.424915
    2664   -1.424915
    2665   -1.421443
    2666   -1.421443
    2667   -1.417805
    2668   -1.417805
    2669   -1.413993
    2670   -1.413993
    2671   -1.410003
    2672   -1.410003
    2673   -1.405825
    2674   -1.405825
    2675   -1.401406
    2676   -1.401406
    2677   -1.396703
    2678   -1.396703
    2679   -1.391748
    2680   -1.391748
    2681   -1.386551
    2682   -1.386551
    2683   -1.381085
    2684   -1.381085
    2685   -1.375351
    2686   -1.375351
    2687   -1.369426
    2688   -1.369426
    2689   -1.363411
    2690   -1.363411
    2691   -1.357543
    2692   -1.357543
    2693   -1.352684
    2694   -1.352684
    2695   -1.349936
    2696   -1.349936
    2697   -1.349026
    2698   -1.349026
    2699   -1.348820
    2700   -1.348820
    2701   -1.348723
    2702   -1.348723
    2703   -1.348407
    2704   -1.348407
    2705   -1.347610
    2706   -1.347610
    2707   -1.346273
    2708   -1.346273
    2709   -1.344538
    2710   -1.344538
    2711   -1.342360
    2712   -1.342360
    2713   -1.339624
    2714   -1.339624
    2715   -1.336377
    2716   -1.336377
    2717   -1.332444
    2718   -1.332444
    2719   -1.327763
    2720   -1.327763
    2721   -1.322486
    2722   -1.322486
    2723   -1.316656
    2724   -1.316656
    2725   -1.310265
    2726   -1.310265
    2727   -1.303185
    2728   -1.303185
    2729   -1.295224
    2730   -1.295224
    2731   -1.286291
    2732   -1.286291
    2733   -1.276432
    2734   -1.276432
    2735   -1.265537
    2736   -1.265537
    2737   -1.253454
    2738   -1.253454
    2739   -1.240200
    2740   -1.240200
    2741   -1.225717
    2742   -1.225717
    2743   -1.209790
    2744   -1.209790
    2745   -1.192137
    2746   -1.192137
    2747   -1.172574
    2748   -1.172574
    2749   -1.151007
    2750   -1.151007
    2751   -1.126893
    2752   -1.126893
    2753   -1.099143
    2754   -1.099143
    2755   -1.066367
    2756   -1.066367
    2757   -1.027779
    2758   -1.027779
    2759   -0.982722
    2760   -0.982722
    2761   -0.930239
    2762   -0.930239
    2763   -0.868160
    2764   -0.868160
    2765   -0.791760
    2766   -0.791760
    2767   -0.699625
    2768   -0.699625
    2769   -0.597430
    2770   -0.597430
    2771   -0.511779
    2772   -0.511779
    2773   -1.843333
    2774   -1.843333
    2775   -1.857343
    2776   -1.857343
    2777   -1.876103
    2778   -1.876103
    2779   -1.892621
    2780   -1.892621
    2781   -1.906849
    2782   -1.906849
    2783   -1.917159
    2784   -1.917159
    2785   -1.923599
    2786   -1.923599
    2787   -1.928126
    2788   -1.928126
    2789   -1.931896
    2790   -1.931896
    2791   -1.935164
    2792   -1.935164
    2793   -1.937980
    2794   -1.937980
    2795   -1.940382
    2796   -1.940382
    2797   -1.942402
    2798   -1.942402
    2799   -1.944047
    2800   -1.944047
    2801   -1.945341
    2802   -1.945341
    2803   -1.946309
    2804   -1.946309
    2805   -1.946942
    2806   -1.946942
    2807   -1.947218
    2808   -1.947218
    2809   -1.947180
    2810   -1.947180
    2811   -1.946925
    2812   -1.946925
    2813   -1.946483
    2814   -1.946483
    2815   -1.945784
    2816   -1.945784
    2817   -1.944812
    2818   -1.944812
    2819   -1.943611
    2820   -1.943611
    2821   -1.942206
    2822   -1.942206
    2823   -1.940624
    2824   -1.940624
    2825   -1.938880
    2826   -1.938880
    2827   -1.936959
    2828   -1.936959
    2829   -1.934851
    2830   -1.934851
    2831   -1.932585
    2832   -1.932585
    2833   -1.930199
    2834   -1.930199
    2835   -1.927702
    2836   -1.927702
    2837   -1.925078
    2838   -1.925078
    2839   -1.922313
    2840   -1.922313
    2841   -1.919407
    2842   -1.919407
    2843   -1.916355
    2844   -1.916355
    2845   -1.913148
    2846   -1.913148
    2847   -1.909801
    2848   -1.909801
    2849   -1.906313
    2850   -1.906313
    2851   -1.902685
    2852   -1.902685
    2853   -1.898939
    2854   -1.898939
    2855   -1.895062
    2856   -1.895062
    2857   -1.891012
    2858   -1.891012
    2859   -1.886742
    2860   -1.886742
    2861   -1.882251
    2862   -1.882251
    2863   -1.877582
    2864   -1.877582
    2865   -1.872757
    2866   -1.872757
    2867   -1.867793
    2868   -1.867793
    2869   -1.862694
    2870   -1.862694
    2871   -1.857431
    2872   -1.857431
    2873   -1.851896
    2874   -1.851896
    2875   -1.845952
    2876   -1.845952
    2877   -1.839619
    2878   -1.839619
    2879   -1.832933
    2880   -1.832933
    2881   -1.825867
    2882   -1.825867
    2883   -1.818407
    2884   -1.818407
    2885   -1.810567
    2886   -1.810567
    2887   -1.802436
    2888   -1.802436
    2889   -1.794406
    2890   -1.794406
    2891   -1.787517
    2892   -1.787517
    2893   -1.783147
    2894   -1.783147
    2895   -1.781187
    2896   -1.781187
    2897   -1.780099
    2898   -1.780099
    2899   -1.778963
    2900   -1.778963
    2901   -1.777482
    2902   -1.777482
    2903   -1.775370
    2904   -1.775370
    2905   -1.772626
    2906   -1.772626
    2907   -1.769659
    2908   -1.769659
    2909   -1.766401
    2910   -1.766401
    2911   -1.762273
    2912   -1.762273
    2913   -1.757195
    2914   -1.757195
    2915   -1.751409
    2916   -1.751409
    2917   -1.744959
    2918   -1.744959
    2919   -1.737668
    2920   -1.737668
    2921   -1.729532
    2922   -1.729532
    2923   -1.720733
    2924   -1.720733
    2925   -1.711082
    2926   -1.711082
    2927   -1.700187
    2928   -1.700187
    2929   -1.687933
    2930   -1.687933
    2931   -1.674437
    2932   -1.674437
    2933   -1.659675
    2934   -1.659675
    2935   -1.643424
    2936   -1.643424
    2937   -1.625664
    2938   -1.625664
    2939   -1.606471
    2940   -1.606471
    2941   -1.585539
    2942   -1.585539
    2943   -1.562234
    2944   -1.562234
    2945   -1.536188
    2946   -1.536188
    2947   -1.507450
    2948   -1.507450
    2949   -1.475572
    2950   -1.475572
    2951   -1.439404
    2952   -1.439404
    2953   -1.397830
    2954   -1.397830
    2955   -1.350030
    2956   -1.350030
    2957   -1.293459
    2958   -1.293459
    2959   -1.225728
    2960   -1.225728
    2961   -1.145339
    2962   -1.145339
    2963   -1.048146
    2964   -1.048146
    2965   -0.932103
    2966   -0.932103
    2967   -0.802425
    2968   -0.802425
    2969   -0.692815
    2970   -0.692815
    2971   -2.472973
    2972   -2.472973
    2973   -2.494383
    2974   -2.494383
    2975   -2.521203
    2976   -2.521203
    2977   -2.541333
    2978   -2.541333
    2979   -2.556845
    2980   -2.556845
    2981   -2.569260
    2982   -2.569260
    2983   -2.579343
    2984   -2.579343
    2985   -2.588706
    2986   -2.588706
    2987   -2.597851
    2988   -2.597851
    2989   -2.605633
    2990   -2.605633
    2991   -2.611736
    2992   -2.611736
    2993   -2.616724
    2994   -2.616724
    2995   -2.620849
    2996   -2.620849
    2997   -2.624082
    2998   -2.624082
    2999   -2.626494
    3000   -2.626494
    3001   -2.628256
    3002   -2.628256
    3003   -2.629443
    3004   -2.629443
    3005   -2.630065
    3006   -2.630065
    3007   -2.630191
    3008   -2.630191
    3009   -2.629978
    3010   -2.629978
    3011   -2.629487
    3012   -2.629487
    3013   -2.628618
    3014   -2.628618
    3015   -2.627350
    3016   -2.627350
    3017   -2.625786
    3018   -2.625786
    3019   -2.623973
    3020   -2.623973
    3021   -2.621861
    3022   -2.621861
    3023   -2.619433
    3024   -2.619433
    3025   -2.616730
    3026   -2.616730
    3027   -2.613779
    3028   -2.613779
    3029   -2.610615
    3030   -2.610615
    3031   -2.607274
    3032   -2.607274
    3033   -2.603772
    3034   -2.603772
    3035   -2.600103
    3036   -2.600103
    3037   -2.596240
    3038   -2.596240
    3039   -2.592188
    3040   -2.592188
    3041   -2.587983
    3042   -2.587983
    3043   -2.583597
    3044   -2.583597
    3045   -2.578947
    3046   -2.578947
    3047   -2.573999
    3048   -2.573999
    3049   -2.568769
    3050   -2.568769
    3051   -2.563288
    3052   -2.563288
    3053   -2.557602
    3054   -2.557602
    3055   -2.551712
    3056   -2.551712
    3057   -2.545568
    3058   -2.545568
    3059   -2.539163
    3060   -2.539163
    3061   -2.532518
    3062   -2.532518
    3063   -2.525654
    3064   -2.525654
    3065   -2.518617
    3066   -2.518617
    3067   -2.511410
    3068   -2.511410
    3069   -2.504007
    3070   -2.504007
    3071   -2.496305
    3072   -2.496305
    3073   -2.488144
    3074   -2.488144
    3075   -2.479482
    3076   -2.479482
    3077   -2.470316
    3078   -2.470316
    3079   -2.460632
    3080   -2.460632
    3081   -2.450459
    3082   -2.450459
    3083   -2.439756
    3084   -2.439756
    3085   -2.428492
    3086   -2.428492
    3087   -2.417297
    3088   -2.417297
    3089   -2.407760
    3090   -2.407760
    3091   -2.401525
    3092   -2.401525
    3093   -2.398273
    3094   -2.398273
    3095   -2.395980
    3096   -2.395980
    3097   -2.393524
    3098   -2.393524
    3099   -2.390641
    3100   -2.390641
    3101   -2.386923
    3102   -2.386923
    3103   -2.382328
    3104   -2.382328
    3105   -2.377254
    3106   -2.377254
    3107   -2.371741
    3108   -2.371741
    3109   -2.365213
    3110   -2.365213
    3111   -2.357372
    3112   -2.357372
    3113   -2.348696
    3114   -2.348696
    3115   -2.339296
    3116   -2.339296
    3117   -2.328653
    3118   -2.328653
    3119   -2.316686
    3120   -2.316686
    3121   -2.303637
    3122   -2.303637
    3123   -2.289374
    3124   -2.289374
    3125   -2.273567
    3126   -2.273567
    3127   -2.256072
    3128   -2.256072
    3129   -2.236954
    3130   -2.236954
    3131   -2.216230
    3132   -2.216230
    3133   -2.193492
    3134   -2.193492
    3135   -2.168520
    3136   -2.168520
    3137   -2.141489
    3138   -2.141489
    3139   -2.112088
    3140   -2.112088
    3141   -2.079470
    3142   -2.079470
    3143   -2.043114
    3144   -2.043114
    3145   -2.002975
    3146   -2.002975
    3147   -1.958579
    3148   -1.958579
    3149   -1.908835
    3150   -1.908835
    3151   -1.852419
    3152   -1.852419
    3153   -1.788082
    3154   -1.788082
    3155   -1.712770
    3156   -1.712770
    3157   -1.622576
    3158   -1.622576
    3159   -1.514745
    3160   -1.514745
    3161   -1.386830
    3162   -1.386830
    3163   -1.236863
    3164   -1.236863
    3165   -1.069129
    3166   -1.069129
    3167   -0.927437
    3168   -0.927437
    3169   -3.503383
    3170   -3.503383
    3171   -3.537077
    3172   -3.537077
    3173   -3.577909
    3174   -3.577909
    3175   -3.607142
    3176   -3.607142
    3177   -3.629368
    3178   -3.629368
    3179   -3.648078
    3180   -3.648078
    3181   -3.664706
    3182   -3.664706
    3183   -3.681038
    3184   -3.681038
    3185   -3.697091
    3186   -3.697091
    3187   -3.710795
    3188   -3.710795
    3189   -3.721584
    3190   -3.721584
    3191   -3.730395
    3192   -3.730395
    3193   -3.737687
    3194   -3.737687
    3195   -3.743402
    3196   -3.743402
    3197   -3.747622
    3198   -3.747622
    3199   -3.750635
    3200   -3.750635
    3201   -3.752663
    3202   -3.752663
    3203   -3.753833
    3204   -3.753833
    3205   -3.754221
    3206   -3.754221
    3207   -3.753926
    3208   -3.753926
    3209   -3.753081
    3210   -3.753081
    3211   -3.751746
    3212   -3.751746
    3213   -3.749899
    3214   -3.749899
    3215   -3.747557
    3216   -3.747557
    3217   -3.744797
    3218   -3.744797
    3219   -3.741652
    3220   -3.741652
    3221   -3.738063
    3222   -3.738063
    3223   -3.733975
    3224   -3.733975
    3225   -3.729450
    3226   -3.729450
    3227   -3.724651
    3228   -3.724651
    3229   -3.719608
    3230   -3.719608
    3231   -3.714233
    3232   -3.714233
    3233   -3.708549
    3234   -3.708549
    3235   -3.702664
    3236   -3.702664
    3237   -3.696576
    3238   -3.696576
    3239   -3.690201
    3240   -3.690201
    3241   -3.683491
    3242   -3.683491
    3243   -3.676431
    3244   -3.676431
    3245   -3.668965
    3246   -3.668965
    3247   -3.660975
    3248   -3.660975
    3249   -3.652474
    3250   -3.652474
    3251   -3.643661
    3252   -3.643661
    3253   -3.634547
    3254   -3.634547
    3255   -3.624926
    3256   -3.624926
    3257   -3.614841
    3258   -3.614841
    3259   -3.604559
    3260   -3.604559
    3261   -3.594141
    3262   -3.594141
    3263   -3.583481
    3264   -3.583481
    3265   -3.572519
    3266   -3.572519
    3267   -3.561265
    3268   -3.561265
    3269   -3.549592
    3270   -3.549592
    3271   -3.537223
    3272   -3.537223
    3273   -3.524095
    3274   -3.524095
    3275   -3.510386
    3276   -3.510386
    3277   -3.496079
    3278   -3.496079
    3279   -3.480975
    3280   -3.480975
    3281   -3.465030
    3282   -3.465030
    3283   -3.448432
    3284   -3.448432
    3285   -3.431773
    3286   -3.431773
    3287   -3.417003
    3288   -3.417003
    3289   -3.406925
    3290   -3.406925
    3291   -3.401464
    3292   -3.401464
    3293   -3.397515
    3294   -3.397515
    3295   -3.393090
    3296   -3.393090
    3297   -3.387895
    3298   -3.387895
    3299   -3.381751
    3300   -3.381751
    3301   -3.374425
    3302   -3.374425
    3303   -3.365702
    3304   -3.365702
    3305   -3.355740
    3306   -3.355740
    3307   -3.344734
    3308   -3.344734
    3309   -3.332309
    3310   -3.332309
    3311   -3.318342
    3312   -3.318342
    3313   -3.302984
    3314   -3.302984
    3315   -3.286267
    3316   -3.286267
    3317   -3.267896
    3318   -3.267896
    3319   -3.247223
    3320   -3.247223
    3321   -3.224283
    3322   -3.224283
    3323   -3.199766
    3324   -3.199766
    3325   -3.173486
    3326   -3.173486
    3327   -3.144481
    3328   -3.144481
    3329   -3.112670
    3330   -3.112670
    3331   -3.078437
    3332   -3.078437
    3333   -3.041318
    3334   -3.041318
    3335   -3.000319
    3336   -3.000319
    3337   -2.955178
    3338   -2.955178
    3339   -2.906160
    3340   -2.906160
    3341   -2.852414
    3342   -2.852414
    3343   -2.792136
    3344   -2.792136
    3345   -2.724715
    3346   -2.724715
    3347   -2.650525
    3348   -2.650525
    3349   -2.567720
    3350   -2.567720
    3351   -2.472484
    3352   -2.472484
    3353   -2.361249
    3354   -2.361249
    3355   -2.230612
    3356   -2.230612
    3357   -2.076220
    3358   -2.076220
    3359   -1.894816
    3360   -1.894816
    3361   -1.683857
    3362   -1.683857
    3363   -1.450863
    3364   -1.450863
    3365   -1.256973
    3366   -1.256973
    3367   -5.402641
    3368   -5.402641
    3369   -5.461276
    3370   -5.461276
    3371   -5.531967
    3372   -5.531967
    3373   -5.583646
    3374   -5.583646
    3375   -5.624311
    3376   -5.624311
    3377   -5.658108
    3378   -5.658108
    3379   -5.687630
    3380   -5.687630
    3381   -5.715728
    3382   -5.715728
    3383   -5.742393
    3384   -5.742393
    3385   -5.765234
    3386   -5.765234
    3387   -5.783570
    3388   -5.783570
    3389   -5.798671
    3390   -5.798671
    3391   -5.811253
    3392   -5.811253
    3393   -5.821190
    3394   -5.821190
    3395   -5.828509
    3396   -5.828509
    3397   -5.833602
    3398   -5.833602
    3399   -5.836954
    3400   -5.836954
    3401   -5.838999
    3402   -5.838999
    3403   -5.839802
    3404   -5.839802
    3405   -5.839222
    3406   -5.839222
    3407   -5.837517
    3408   -5.837517
    3409   -5.835153
    3410   -5.835153
    3411   -5.832115
    3412   -5.832115
    3413   -5.828113
    3414   -5.828113
    3415   -5.823277
    3416   -5.823277
    3417   -5.818017
    3418   -5.818017
    3419   -5.812256
    3420   -5.812256
    3421   -5.805513
    3422   -5.805513
    3423   -5.797859
    3424   -5.797859
    3425   -5.789880
    3426   -5.789880
    3427   -5.781612
    3428   -5.781612
    3429   -5.772565
    3430   -5.772565
    3431   -5.762819
    3432   -5.762819
    3433   -5.752996
    3434   -5.752996
    3435   -5.743077
    3436   -5.743077
    3437   -5.732437
    3438   -5.732437
    3439   -5.721019
    3440   -5.721019
    3441   -5.709285
    3442   -5.709285
    3443   -5.697115
    3444   -5.697115
    3445   -5.683886
    3446   -5.683886
    3447   -5.669632
    3448   -5.669632
    3449   -5.654987
    3450   -5.654987
    3451   -5.639866
    3452   -5.639866
    3453   -5.623478
    3454   -5.623478
    3455   -5.606033
    3456   -5.606033
    3457   -5.588706
    3458   -5.588706
    3459   -5.571682
    3460   -5.571682
    3461   -5.554220
    3462   -5.554220
    3463   -5.536106
    3464   -5.536106
    3465   -5.517608
    3466   -5.517608
    3467   -5.498453
    3468   -5.498453
    3469   -5.477796
    3470   -5.477796
    3471   -5.455642
    3472   -5.455642
    3473   -5.432979
    3474   -5.432979
    3475   -5.409773
    3476   -5.409773
    3477   -5.384878
    3478   -5.384878
    3479   -5.358318
    3480   -5.358318
    3481   -5.331451
    3482   -5.331451
    3483   -5.304532
    3484   -5.304532
    3485   -5.278963
    3486   -5.278963
    3487   -5.260217
    3488   -5.260217
    3489   -5.250231
    3490   -5.250231
    3491   -5.243913
    3492   -5.243913
    3493   -5.236319
    3494   -5.236319
    3495   -5.226529
    3496   -5.226529
    3497   -5.215699
    3498   -5.215699
    3499   -5.203604
    3500   -5.203604
    3501   -5.188487
    3502   -5.188487
    3503   -5.170478
    3504   -5.170478
    3505   -5.151432
    3506   -5.151432
    3507   -5.131019
    3508   -5.131019
    3509   -5.107189
    3510   -5.107189
    3511   -5.080167
    3512   -5.080167
    3513   -5.052181
    3514   -5.052181
    3515   -5.022538
    3516   -5.022538
    3517   -4.987799
    3518   -4.987799
    3519   -4.948158
    3520   -4.948158
    3521   -4.907230
    3522   -4.907230
    3523   -4.864779
    3524   -4.864779
    3525   -4.816710
    3526   -4.816710
    3527   -4.762712
    3528   -4.762712
    3529   -4.706197
    3530   -4.706197
    3531   -4.646434
    3532   -4.646434
    3533   -4.578619
    3534   -4.578619
    3535   -4.502497
    3536   -4.502497
    3537   -4.422162
    3538   -4.422162
    3539   -4.336109
    3540   -4.336109
    3541   -4.237298
    3542   -4.237298
    3543   -4.124762
    3544   -4.124762
    3545   -4.003341
    3546   -4.003341
    3547   -3.870373
    3548   -3.870373
    3549   -3.715453
    3550   -3.715453
    3551   -3.533168
    3552   -3.533168
    3553   -3.323198
    3554   -3.323198
    3555   -3.079743
    3556   -3.079743
    3557   -2.793427
    3558   -2.793427
    3559   -2.459513
    3560   -2.459513
    3561   -2.097390
    3562   -2.097390
    3563   -1.801532
    3564   -1.801532
    3565   -9.040462
    3566   -9.040462
    3567   -9.150662
    3568   -9.150662
    3569   -9.282433
    3570   -9.282433
    3571   -9.376611
    3572   -9.376611
    3573   -9.450954
    3574   -9.450954
    3575   -9.512339
    3576   -9.512339
    3577   -9.566187
    3578   -9.566187
    3579   -9.616798
    3580   -9.616798
    3581   -9.664086
    3582   -9.664086
    3583   -9.704365
    3584   -9.704365
    3585   -9.736650
    3586   -9.736650
    3587   -9.763453
    3588   -9.763453
    3589   -9.786052
    3590   -9.786052
    3591   -9.803908
    3592   -9.803908
    3593   -9.816931
    3594   -9.816931
    3595   -9.825793
    3596   -9.825793
    3597   -9.831485
    3598   -9.831485
    3599   -9.835097
    3600   -9.835097
    3601   -9.836678
    3602   -9.836678
    3603   -9.835574
    3604   -9.835574
    3605   -9.832251
    3606   -9.832251
    3607   -9.827919
    3608   -9.827919
    3609   -9.822537
    3610   -9.822537
    3611   -9.815242
    3612   -9.815242
    3613   -9.806280
    3614   -9.806280
    3615   -9.796916
    3616   -9.796916
    3617   -9.787055
    3618   -9.787055
    3619   -9.775177
    3620   -9.775177
    3621   -9.761365
    3622   -9.761365
    3623   -9.747262
    3624   -9.747262
    3625   -9.732925
    3626   -9.732925
    3627   -9.716833
    3628   -9.716833
    3629   -9.699146
    3630   -9.699146
    3631   -9.681750
    3632   -9.681750
    3633   -9.664608
    3634   -9.664608
    3635   -9.645828
    3636   -9.645828
    3637   -9.625334
    3638   -9.625334
    3639   -9.604705
    3640   -9.604705
    3641   -9.583637
    3642   -9.583637
    3643   -9.560326
    3644   -9.560326
    3645   -9.534930
    3646   -9.534930
    3647   -9.509179
    3648   -9.509179
    3649   -9.482781
    3650   -9.482781
    3651   -9.453484
    3652   -9.453484
    3653   -9.421763
    3654   -9.421763
    3655   -9.390943
    3656   -9.390943
    3657   -9.361457
    3658   -9.361457
    3659   -9.330972
    3660   -9.330972
    3661   -9.299012
    3662   -9.299012
    3663   -9.266661
    3664   -9.266661
    3665   -9.233319
    3666   -9.233319
    3667   -9.196595
    3668   -9.196595
    3669   -9.156634
    3670   -9.156634
    3671   -9.116504
    3672   -9.116504
    3673   -9.076169
    3674   -9.076169
    3675   -9.032226
    3676   -9.032226
    3677   -8.984786
    3678   -8.984786
    3679   -8.937778
    3680   -8.937778
    3681   -8.891084
    3682   -8.891084
    3683   -8.844883
    3684   -8.844883
    3685   -8.809396
    3686   -8.809396
    3687   -8.790810
    3688   -8.790810
    3689   -8.781115
    3690   -8.781115
    3691   -8.768791
    3692   -8.768791
    3693   -8.750250
    3694   -8.750250
    3695   -8.730376
    3696   -8.730376
    3697   -8.709827
    3698   -8.709827
    3699   -8.683090
    3700   -8.683090
    3701   -8.650096
    3702   -8.650096
    3703   -8.616382
    3704   -8.616382
    3705   -8.581563
    3706   -8.581563
    3707   -8.539390
    3708   -8.539390
    3709   -8.490381
    3710   -8.490381
    3711   -8.441470
    3712   -8.441470
    3713   -8.391212
    3714   -8.391212
    3715   -8.330079
    3716   -8.330079
    3717   -8.258463
    3718   -8.258463
    3719   -8.186517
    3720   -8.186517
    3721   -8.113879
    3722   -8.113879
    3723   -8.029204
    3724   -8.029204
    3725   -7.931817
    3726   -7.931817
    3727   -7.832289
    3728   -7.832289
    3729   -7.729600
    3730   -7.729600
    3731   -7.610443
    3732   -7.610443
    3733   -7.474249
    3734   -7.474249
    3735   -7.333904
    3736   -7.333904
    3737   -7.186808
    3738   -7.186808
    3739   -7.014135
    3740   -7.014135
    3741   -6.814198
    3742   -6.814198
    3743   -6.602211
    3744   -6.602211
    3745   -6.374034
    3746   -6.374034
    3747   -6.104917
    3748   -6.104917
    3749   -5.785476
    3750   -5.785476
    3751   -5.422248
    3752   -5.422248
    3753   -5.006555
    3754   -5.006555
    3755   -4.514577
    3756   -4.514577
    3757   -3.934880
    3758   -3.934880
    3759   -3.306786
    3760   -3.306786
    3761   -2.794519
    3762   -2.794519
    3763  -14.586174
    3764  -14.586174
    3765  -14.781552
    3766  -14.781552
    3767  -15.013206
    3768  -15.013206
    3769  -15.169289
    3770  -15.169289
    3771  -15.290269
    3772  -15.290269
    3773  -15.390508
    3774  -15.390508
    3775  -15.480251
    3776  -15.480251
    3777  -15.565042
    3778  -15.565042
    3779  -15.644339
    3780  -15.644339
    3781  -15.711401
    3782  -15.711401
    3783  -15.764557
    3784  -15.764557
    3785  -15.808933
    3786  -15.808933
    3787  -15.846733
    3788  -15.846733
    3789  -15.876486
    3790  -15.876486
    3791  -15.897969
    3792  -15.897969
    3793  -15.912386
    3794  -15.912386
    3795  -15.921480
    3796  -15.921480
    3797  -15.927423
    3798  -15.927423
    3799  -15.930216
    3800  -15.930216
    3801  -15.928311
    3802  -15.928311
    3803  -15.922539
    3804  -15.922539
    3805  -15.915303
    3806  -15.915303
    3807  -15.906425
    3808  -15.906425
    3809  -15.894122
    3810  -15.894122
    3811  -15.878849
    3812  -15.878849
    3813  -15.863323
    3814  -15.863323
    3815  -15.847424
    3816  -15.847424
    3817  -15.827782
    3818  -15.827782
    3819  -15.804515
    3820  -15.804515
    3821  -15.781181
    3822  -15.781181
    3823  -15.757872
    3824  -15.757872
    3825  -15.731178
    3826  -15.731178
    3827  -15.701367
    3828  -15.701367
    3829  -15.672579
    3830  -15.672579
    3831  -15.644746
    3832  -15.644746
    3833  -15.613768
    3834  -15.613768
    3835  -15.579556
    3836  -15.579556
    3837  -15.545609
    3838  -15.545609
    3839  -15.511294
    3840  -15.511294
    3841  -15.472746
    3842  -15.472746
    3843  -15.430372
    3844  -15.430372
    3845  -15.387922
    3846  -15.387922
    3847  -15.344828
    3848  -15.344828
    3849  -15.296157
    3850  -15.296157
    3851  -15.242695
    3852  -15.242695
    3853  -15.191542
    3854  -15.191542
    3855  -15.143506
    3856  -15.143506
    3857  -15.093397
    3858  -15.093397
    3859  -15.040393
    3860  -15.040393
    3861  -14.987203
    3862  -14.987203
    3863  -14.932722
    3864  -14.932722
    3865  -14.871704
    3866  -14.871704
    3867  -14.804474
    3868  -14.804474
    3869  -14.737874
    3870  -14.737874
    3871  -14.671886
    3872  -14.671886
    3873  -14.599125
    3874  -14.599125
    3875  -14.519744
    3876  -14.519744
    3877  -14.441810
    3878  -14.441810
    3879  -14.364552
    3880  -14.364552
    3881  -14.286721
    3882  -14.286721
    3883  -14.226278
    3884  -14.226278
    3885  -14.195414
    3886  -14.195414
    3887  -14.181917
    3888  -14.181917
    3889  -14.163653
    3890  -14.163653
    3891  -14.131772
    3892  -14.131772
    3893  -14.098227
    3894  -14.098227
    3895  -14.065741
    3896  -14.065741
    3897  -14.021776
    3898  -14.021776
    3899  -13.965920
    3900  -13.965920
    3901  -13.910421
    3902  -13.910421
    3903  -13.854674
    3904  -13.854674
    3905  -13.785110
    3906  -13.785110
    3907  -13.702858
    3908  -13.702858
    3909  -13.622931
    3910  -13.622931
    3911  -13.542658
    3912  -13.542658
    3913  -13.441961
    3914  -13.441961
    3915  -13.321551
    3916  -13.321551
    3917  -13.203166
    3918  -13.203166
    3919  -13.086244
    3920  -13.086244
    3921  -12.946494
    3922  -12.946494
    3923  -12.782697
    3924  -12.782697
    3925  -12.618235
    3926  -12.618235
    3927  -12.451826
    3928  -12.451826
    3929  -12.255318
    3930  -12.255318
    3931  -12.027369
    3932  -12.027369
    3933  -11.796621
    3934  -11.796621
    3935  -11.558991
    3936  -11.558991
    3937  -11.274872
    3938  -11.274872
    3939  -10.941546
    3940  -10.941546
    3941  -10.593211
    3942  -10.593211
    3943  -10.223534
    3944  -10.223534
    3945   -9.782672
    3946   -9.782672
    3947   -9.254930
    3948   -9.254930
    3949   -8.659465
    3950   -8.659465
    3951   -7.983047
    3952   -7.983047
    3953   -7.177388
    3954   -7.177388
    3955   -6.214880
    3956   -6.214880
    3957   -5.155323
    3958   -5.155323
    3959   -4.281249
    3960   -4.281249
