Mach     AoA      Beta     P        Filename
   0.100   -5.000    0.000    0.000 dpress_1.txt        
   0.100   -4.000    0.000    0.000 dpress_2.txt        
   0.100   -3.000    0.000    0.000 dpress_3.txt        
   0.100   -2.000    0.000    0.000 dpress_4.txt        
   0.100   -1.000    0.000    0.000 dpress_5.txt        
   0.100    0.000    0.000    0.000 dpress_6.txt        
   0.100    1.000    0.000    0.000 dpress_7.txt        
   0.100    2.000    0.000    0.000 dpress_8.txt        
   0.100    3.000    0.000    0.000 dpress_9.txt        
   0.100    4.000    0.000    0.000 dpress_10.txt       
   0.100    5.000    0.000    0.000 dpress_11.txt       
   0.100    6.000    0.000    0.000 dpress_12.txt       
   0.100    7.000    0.000    0.000 dpress_13.txt       
   0.100    8.000    0.000    0.000 dpress_14.txt       
   0.100    9.000    0.000    0.000 dpress_15.txt       
   0.100   10.000    0.000    0.000 dpress_16.txt       
   0.100   11.000    0.000    0.000 dpress_17.txt       
   0.100   12.000    0.000    0.000 dpress_18.txt       
   0.100   13.000    0.000    0.000 dpress_19.txt       
   0.100   14.000    0.000    0.000 dpress_20.txt       
   0.100   15.000    0.000    0.000 dpress_21.txt       
