       1   -0.046294
       2   -0.046294
       3   -0.044986
       4   -0.044986
       5   -0.043111
       6   -0.043111
       7   -0.040813
       8   -0.040813
       9   -0.038033
      10   -0.038033
      11   -0.036346
      12   -0.036346
      13   -0.036201
      14   -0.036201
      15   -0.036740
      16   -0.036740
      17   -0.037364
      18   -0.037364
      19   -0.037625
      20   -0.037625
      21   -0.037528
      22   -0.037528
      23   -0.037305
      24   -0.037305
      25   -0.037088
      26   -0.037088
      27   -0.036955
      28   -0.036955
      29   -0.036914
      30   -0.036914
      31   -0.036924
      32   -0.036924
      33   -0.036925
      34   -0.036925
      35   -0.036912
      36   -0.036912
      37   -0.036914
      38   -0.036914
      39   -0.036932
      40   -0.036932
      41   -0.036950
      42   -0.036950
      43   -0.036974
      44   -0.036974
      45   -0.036998
      46   -0.036998
      47   -0.036967
      48   -0.036967
      49   -0.036878
      50   -0.036878
      51   -0.036779
      52   -0.036779
      53   -0.036701
      54   -0.036701
      55   -0.036636
      56   -0.036636
      57   -0.036552
      58   -0.036552
      59   -0.036441
      60   -0.036441
      61   -0.036340
      62   -0.036340
      63   -0.036265
      64   -0.036265
      65   -0.036208
      66   -0.036208
      67   -0.036155
      68   -0.036155
      69   -0.036080
      70   -0.036080
      71   -0.035972
      72   -0.035972
      73   -0.035852
      74   -0.035852
      75   -0.035734
      76   -0.035734
      77   -0.035601
      78   -0.035601
      79   -0.035449
      80   -0.035449
      81   -0.035273
      82   -0.035273
      83   -0.035086
      84   -0.035086
      85   -0.034907
      86   -0.034907
      87   -0.034732
      88   -0.034732
      89   -0.034574
      90   -0.034574
      91   -0.034416
      92   -0.034416
      93   -0.034223
      94   -0.034223
      95   -0.034009
      96   -0.034009
      97   -0.033780
      98   -0.033780
      99   -0.033496
     100   -0.033496
     101   -0.033166
     102   -0.033166
     103   -0.032832
     104   -0.032832
     105   -0.032543
     106   -0.032543
     107   -0.032272
     108   -0.032272
     109   -0.031904
     110   -0.031904
     111   -0.031398
     112   -0.031398
     113   -0.030827
     114   -0.030827
     115   -0.030301
     116   -0.030301
     117   -0.029826
     118   -0.029826
     119   -0.029604
     120   -0.029604
     121   -0.029815
     122   -0.029815
     123   -0.030228
     124   -0.030228
     125   -0.030659
     126   -0.030659
     127   -0.031028
     128   -0.031028
     129   -0.031330
     130   -0.031330
     131   -0.031554
     132   -0.031554
     133   -0.031619
     134   -0.031619
     135   -0.031602
     136   -0.031602
     137   -0.031616
     138   -0.031616
     139   -0.031609
     140   -0.031609
     141   -0.031502
     142   -0.031502
     143   -0.031336
     144   -0.031336
     145   -0.031164
     146   -0.031164
     147   -0.031011
     148   -0.031011
     149   -0.030790
     150   -0.030790
     151   -0.030394
     152   -0.030394
     153   -0.029972
     154   -0.029972
     155   -0.029685
     156   -0.029685
     157   -0.029398
     158   -0.029398
     159   -0.029038
     160   -0.029038
     161   -0.028712
     162   -0.028712
     163   -0.028364
     164   -0.028364
     165   -0.027751
     166   -0.027751
     167   -0.026857
     168   -0.026857
     169   -0.025906
     170   -0.025906
     171   -0.024859
     172   -0.024859
     173   -0.023304
     174   -0.023304
     175   -0.021002
     176   -0.021002
     177   -0.018406
     178   -0.018406
     179   -0.016066
     180   -0.016066
     181   -0.013757
     182   -0.013757
     183   -0.011202
     184   -0.011202
     185   -0.008269
     186   -0.008269
     187   -0.004830
     188   -0.004830
     189   -0.000256
     190   -0.000256
     191    0.005669
     192    0.005669
     193    0.015769
     194    0.015769
     195    0.035128
     196    0.035128
     197    0.055684
     198    0.055684
     199   -0.131688
     200   -0.131688
     201   -0.128591
     202   -0.128591
     203   -0.124265
     204   -0.124265
     205   -0.118969
     206   -0.118969
     207   -0.112574
     208   -0.112574
     209   -0.108828
     210   -0.108828
     211   -0.108661
     212   -0.108661
     213   -0.109917
     214   -0.109917
     215   -0.111200
     216   -0.111200
     217   -0.111547
     218   -0.111547
     219   -0.111040
     220   -0.111040
     221   -0.110274
     222   -0.110274
     223   -0.109572
     224   -0.109572
     225   -0.109129
     226   -0.109129
     227   -0.108974
     228   -0.108974
     229   -0.108976
     230   -0.108976
     231   -0.108970
     232   -0.108970
     233   -0.108930
     234   -0.108930
     235   -0.108922
     236   -0.108922
     237   -0.108957
     238   -0.108957
     239   -0.108995
     240   -0.108995
     241   -0.109040
     242   -0.109040
     243   -0.109079
     244   -0.109079
     245   -0.109002
     246   -0.109002
     247   -0.108783
     248   -0.108783
     249   -0.108527
     250   -0.108527
     251   -0.108308
     252   -0.108308
     253   -0.108105
     254   -0.108105
     255   -0.107854
     256   -0.107854
     257   -0.107560
     258   -0.107560
     259   -0.107301
     260   -0.107301
     261   -0.107103
     262   -0.107103
     263   -0.106937
     264   -0.106937
     265   -0.106773
     266   -0.106773
     267   -0.106559
     268   -0.106559
     269   -0.106270
     270   -0.106270
     271   -0.105946
     272   -0.105946
     273   -0.105624
     274   -0.105624
     275   -0.105268
     276   -0.105268
     277   -0.104834
     278   -0.104834
     279   -0.104317
     280   -0.104317
     281   -0.103794
     282   -0.103794
     283   -0.103302
     284   -0.103302
     285   -0.102794
     286   -0.102794
     287   -0.102306
     288   -0.102306
     289   -0.101846
     290   -0.101846
     291   -0.101322
     292   -0.101322
     293   -0.100712
     294   -0.100712
     295   -0.100013
     296   -0.100013
     297   -0.099204
     298   -0.099204
     299   -0.098349
     300   -0.098349
     301   -0.097517
     302   -0.097517
     303   -0.096739
     304   -0.096739
     305   -0.095928
     306   -0.095928
     307   -0.094894
     308   -0.094894
     309   -0.093574
     310   -0.093574
     311   -0.092124
     312   -0.092124
     313   -0.090726
     314   -0.090726
     315   -0.089314
     316   -0.089314
     317   -0.088528
     318   -0.088528
     319   -0.089024
     320   -0.089024
     321   -0.090219
     322   -0.090219
     323   -0.091467
     324   -0.091467
     325   -0.092487
     326   -0.092487
     327   -0.093282
     328   -0.093282
     329   -0.093896
     330   -0.093896
     331   -0.094240
     332   -0.094240
     333   -0.094346
     334   -0.094346
     335   -0.094348
     336   -0.094348
     337   -0.094347
     338   -0.094347
     339   -0.094235
     340   -0.094235
     341   -0.093851
     342   -0.093851
     343   -0.093288
     344   -0.093288
     345   -0.092830
     346   -0.092830
     347   -0.092295
     348   -0.092295
     349   -0.091234
     350   -0.091234
     351   -0.089986
     352   -0.089986
     353   -0.089175
     354   -0.089175
     355   -0.088513
     356   -0.088513
     357   -0.087522
     358   -0.087522
     359   -0.086370
     360   -0.086370
     361   -0.085238
     362   -0.085238
     363   -0.083696
     364   -0.083696
     365   -0.081409
     366   -0.081409
     367   -0.078712
     368   -0.078712
     369   -0.075763
     370   -0.075763
     371   -0.071698
     372   -0.071698
     373   -0.065573
     374   -0.065573
     375   -0.058388
     376   -0.058388
     377   -0.052037
     378   -0.052037
     379   -0.046300
     380   -0.046300
     381   -0.040209
     382   -0.040209
     383   -0.033234
     384   -0.033234
     385   -0.025256
     386   -0.025256
     387   -0.015051
     388   -0.015051
     389   -0.001862
     390   -0.001862
     391    0.019829
     392    0.019829
     393    0.059941
     394    0.059941
     395    0.102306
     396    0.102306
     397   -0.204934
     398   -0.204934
     399   -0.201186
     400   -0.201186
     401   -0.196367
     402   -0.196367
     403   -0.191626
     404   -0.191626
     405   -0.186603
     406   -0.186603
     407   -0.184052
     408   -0.184052
     409   -0.184519
     410   -0.184519
     411   -0.185668
     412   -0.185668
     413   -0.186161
     414   -0.186161
     415   -0.185536
     416   -0.185536
     417   -0.184120
     418   -0.184120
     419   -0.182587
     420   -0.182587
     421   -0.181292
     422   -0.181292
     423   -0.180491
     424   -0.180491
     425   -0.180203
     426   -0.180203
     427   -0.180165
     428   -0.180165
     429   -0.180133
     430   -0.180133
     431   -0.180059
     432   -0.180059
     433   -0.180014
     434   -0.180014
     435   -0.180022
     436   -0.180022
     437   -0.180034
     438   -0.180034
     439   -0.180039
     440   -0.180039
     441   -0.180035
     442   -0.180035
     443   -0.179923
     444   -0.179923
     445   -0.179657
     446   -0.179657
     447   -0.179332
     448   -0.179332
     449   -0.179025
     450   -0.179025
     451   -0.178689
     452   -0.178689
     453   -0.178282
     454   -0.178282
     455   -0.177878
     456   -0.177878
     457   -0.177552
     458   -0.177552
     459   -0.177264
     460   -0.177264
     461   -0.176961
     462   -0.176961
     463   -0.176667
     464   -0.176667
     465   -0.176354
     466   -0.176354
     467   -0.175939
     468   -0.175939
     469   -0.175442
     470   -0.175442
     471   -0.174965
     472   -0.174965
     473   -0.174472
     474   -0.174472
     475   -0.173772
     476   -0.173772
     477   -0.172892
     478   -0.172892
     479   -0.172102
     480   -0.172102
     481   -0.171422
     482   -0.171422
     483   -0.170609
     484   -0.170609
     485   -0.169701
     486   -0.169701
     487   -0.168912
     488   -0.168912
     489   -0.168156
     490   -0.168156
     491   -0.167193
     492   -0.167193
     493   -0.165995
     494   -0.165995
     495   -0.164769
     496   -0.164769
     497   -0.163655
     498   -0.163655
     499   -0.162531
     500   -0.162531
     501   -0.161283
     502   -0.161283
     503   -0.159956
     504   -0.159956
     505   -0.158486
     506   -0.158486
     507   -0.156736
     508   -0.156736
     509   -0.154821
     510   -0.154821
     511   -0.152860
     512   -0.152860
     513   -0.150725
     514   -0.150725
     515   -0.149227
     516   -0.149227
     517   -0.149489
     518   -0.149489
     519   -0.151171
     520   -0.151171
     521   -0.153139
     522   -0.153139
     523   -0.154566
     524   -0.154566
     525   -0.155492
     526   -0.155492
     527   -0.156433
     528   -0.156433
     529   -0.157386
     530   -0.157386
     531   -0.157753
     532   -0.157753
     533   -0.157543
     534   -0.157543
     535   -0.157607
     536   -0.157607
     537   -0.157927
     538   -0.157927
     539   -0.157473
     540   -0.157473
     541   -0.156286
     542   -0.156286
     543   -0.155525
     544   -0.155525
     545   -0.155023
     546   -0.155023
     547   -0.153452
     548   -0.153452
     549   -0.151170
     550   -0.151170
     551   -0.149841
     552   -0.149841
     553   -0.149188
     554   -0.149188
     555   -0.147500
     556   -0.147500
     557   -0.144847
     558   -0.144847
     559   -0.142664
     560   -0.142664
     561   -0.140738
     562   -0.140738
     563   -0.137504
     564   -0.137504
     565   -0.132968
     566   -0.132968
     567   -0.128400
     568   -0.128400
     569   -0.122894
     570   -0.122894
     571   -0.113918
     572   -0.113918
     573   -0.102666
     574   -0.102666
     575   -0.093358
     576   -0.093358
     577   -0.086399
     578   -0.086399
     579   -0.079396
     580   -0.079396
     581   -0.071400
     582   -0.071400
     583   -0.062638
     584   -0.062638
     585   -0.051496
     586   -0.051496
     587   -0.034724
     588   -0.034724
     589   -0.009204
     590   -0.009204
     591    0.028039
     592    0.028039
     593    0.064788
     594    0.064788
     595   -0.272840
     596   -0.272840
     597   -0.268588
     598   -0.268588
     599   -0.263553
     600   -0.263553
     601   -0.260679
     602   -0.260679
     603   -0.259221
     604   -0.259221
     605   -0.259042
     606   -0.259042
     607   -0.260007
     608   -0.260007
     609   -0.260380
     610   -0.260380
     611   -0.259314
     612   -0.259314
     613   -0.257340
     614   -0.257340
     615   -0.255060
     616   -0.255060
     617   -0.253033
     618   -0.253033
     619   -0.251490
     620   -0.251490
     621   -0.250592
     622   -0.250592
     623   -0.250305
     624   -0.250305
     625   -0.250272
     626   -0.250272
     627   -0.250223
     628   -0.250223
     629   -0.250110
     630   -0.250110
     631   -0.250027
     632   -0.250027
     633   -0.250003
     634   -0.250003
     635   -0.249949
     636   -0.249949
     637   -0.249852
     638   -0.249852
     639   -0.249769
     640   -0.249769
     641   -0.249632
     642   -0.249632
     643   -0.249357
     644   -0.249357
     645   -0.249018
     646   -0.249018
     647   -0.248689
     648   -0.248689
     649   -0.248283
     650   -0.248283
     651   -0.247762
     652   -0.247762
     653   -0.247284
     654   -0.247284
     655   -0.246935
     656   -0.246935
     657   -0.246577
     658   -0.246577
     659   -0.246110
     660   -0.246110
     661   -0.245659
     662   -0.245659
     663   -0.245271
     664   -0.245271
     665   -0.244772
     666   -0.244772
     667   -0.244105
     668   -0.244105
     669   -0.243473
     670   -0.243473
     671   -0.242884
     672   -0.242884
     673   -0.241979
     674   -0.241979
     675   -0.240766
     676   -0.240766
     677   -0.239744
     678   -0.239744
     679   -0.238954
     680   -0.238954
     681   -0.237892
     682   -0.237892
     683   -0.236527
     684   -0.236527
     685   -0.235346
     686   -0.235346
     687   -0.234362
     688   -0.234362
     689   -0.233101
     690   -0.233101
     691   -0.231494
     692   -0.231494
     693   -0.229993
     694   -0.229993
     695   -0.228737
     696   -0.228737
     697   -0.227298
     698   -0.227298
     699   -0.225516
     700   -0.225516
     701   -0.223768
     702   -0.223768
     703   -0.222089
     704   -0.222089
     705   -0.220088
     706   -0.220088
     707   -0.217772
     708   -0.217772
     709   -0.215380
     710   -0.215380
     711   -0.212944
     712   -0.212944
     713   -0.210984
     714   -0.210984
     715   -0.210688
     716   -0.210688
     717   -0.212402
     718   -0.212402
     719   -0.214844
     720   -0.214844
     721   -0.216493
     722   -0.216493
     723   -0.217375
     724   -0.217375
     725   -0.218635
     726   -0.218635
     727   -0.220196
     728   -0.220196
     729   -0.220664
     730   -0.220664
     731   -0.220140
     732   -0.220140
     733   -0.220304
     734   -0.220304
     735   -0.221079
     736   -0.221079
     737   -0.220515
     738   -0.220515
     739   -0.218657
     740   -0.218657
     741   -0.217607
     742   -0.217607
     743   -0.217230
     744   -0.217230
     745   -0.215222
     746   -0.215222
     747   -0.211862
     748   -0.211862
     749   -0.209875
     750   -0.209875
     751   -0.209092
     752   -0.209092
     753   -0.206495
     754   -0.206495
     755   -0.202059
     756   -0.202059
     757   -0.198677
     758   -0.198677
     759   -0.196351
     760   -0.196351
     761   -0.192107
     762   -0.192107
     763   -0.185648
     764   -0.185648
     765   -0.179603
     766   -0.179603
     767   -0.173052
     768   -0.173052
     769   -0.161797
     770   -0.161797
     771   -0.147205
     772   -0.147205
     773   -0.135816
     774   -0.135816
     775   -0.128672
     776   -0.128672
     777   -0.121849
     778   -0.121849
     779   -0.114493
     780   -0.114493
     781   -0.107045
     782   -0.107045
     783   -0.096845
     784   -0.096845
     785   -0.077297
     786   -0.077297
     787   -0.048980
     788   -0.048980
     789   -0.019417
     790   -0.019417
     791    0.006070
     792    0.006070
     793   -0.343034
     794   -0.343034
     795   -0.338100
     796   -0.338100
     797   -0.331963
     798   -0.331963
     799   -0.328181
     800   -0.328181
     801   -0.326029
     802   -0.326029
     803   -0.325006
     804   -0.325006
     805   -0.324949
     806   -0.324949
     807   -0.324313
     808   -0.324313
     809   -0.322467
     810   -0.322467
     811   -0.320219
     812   -0.320219
     813   -0.318210
     814   -0.318210
     815   -0.316907
     816   -0.316907
     817   -0.316300
     818   -0.316300
     819   -0.316057
     820   -0.316057
     821   -0.316005
     822   -0.316005
     823   -0.316023
     824   -0.316023
     825   -0.315992
     826   -0.315992
     827   -0.315891
     828   -0.315891
     829   -0.315797
     830   -0.315797
     831   -0.315731
     832   -0.315731
     833   -0.315608
     834   -0.315608
     835   -0.315417
     836   -0.315417
     837   -0.315247
     838   -0.315247
     839   -0.315068
     840   -0.315068
     841   -0.314795
     842   -0.314795
     843   -0.314472
     844   -0.314472
     845   -0.314133
     846   -0.314133
     847   -0.313688
     848   -0.313688
     849   -0.313124
     850   -0.313124
     851   -0.312599
     852   -0.312599
     853   -0.312177
     854   -0.312177
     855   -0.311711
     856   -0.311711
     857   -0.311120
     858   -0.311120
     859   -0.310540
     860   -0.310540
     861   -0.310037
     862   -0.310037
     863   -0.309431
     864   -0.309431
     865   -0.308636
     866   -0.308636
     867   -0.307857
     868   -0.307857
     869   -0.307124
     870   -0.307124
     871   -0.306105
     872   -0.306105
     873   -0.304775
     874   -0.304775
     875   -0.303588
     876   -0.303588
     877   -0.302610
     878   -0.302610
     879   -0.301351
     880   -0.301351
     881   -0.299726
     882   -0.299726
     883   -0.298232
     884   -0.298232
     885   -0.296950
     886   -0.296950
     887   -0.295438
     888   -0.295438
     889   -0.293634
     890   -0.293634
     891   -0.291969
     892   -0.291969
     893   -0.290481
     894   -0.290481
     895   -0.288669
     896   -0.288669
     897   -0.286485
     898   -0.286485
     899   -0.284418
     900   -0.284418
     901   -0.282444
     902   -0.282444
     903   -0.280046
     904   -0.280046
     905   -0.277195
     906   -0.277195
     907   -0.274346
     908   -0.274346
     909   -0.271755
     910   -0.271755
     911   -0.269748
     912   -0.269748
     913   -0.269278
     914   -0.269278
     915   -0.270830
     916   -0.270830
     917   -0.273274
     918   -0.273274
     919   -0.275123
     920   -0.275123
     921   -0.276318
     922   -0.276318
     923   -0.277804
     924   -0.277804
     925   -0.279366
     926   -0.279366
     927   -0.279726
     928   -0.279726
     929   -0.279186
     930   -0.279186
     931   -0.279320
     932   -0.279320
     933   -0.279881
     934   -0.279881
     935   -0.279112
     936   -0.279112
     937   -0.277152
     938   -0.277152
     939   -0.275858
     940   -0.275858
     941   -0.275079
     942   -0.275079
     943   -0.272790
     944   -0.272790
     945   -0.269168
     946   -0.269168
     947   -0.266518
     948   -0.266518
     949   -0.264769
     950   -0.264769
     951   -0.261325
     952   -0.261325
     953   -0.256118
     954   -0.256118
     955   -0.251767
     956   -0.251767
     957   -0.248294
     958   -0.248294
     959   -0.242895
     960   -0.242895
     961   -0.235259
     962   -0.235259
     963   -0.227879
     964   -0.227879
     965   -0.219935
     966   -0.219935
     967   -0.207534
     968   -0.207534
     969   -0.191944
     970   -0.191944
     971   -0.179315
     972   -0.179315
     973   -0.170766
     974   -0.170766
     975   -0.162662
     976   -0.162662
     977   -0.155576
     978   -0.155576
     979   -0.149281
     980   -0.149281
     981   -0.139109
     982   -0.139109
     983   -0.119842
     984   -0.119842
     985   -0.093448
     986   -0.093448
     987   -0.068287
     988   -0.068287
     989   -0.047620
     990   -0.047620
     991   -0.419897
     992   -0.419897
     993   -0.414909
     994   -0.414909
     995   -0.408089
     996   -0.408089
     997   -0.401830
     998   -0.401830
     999   -0.395878
    1000   -0.395878
    1001   -0.391865
    1002   -0.391865
    1003   -0.390045
    1004   -0.390045
    1005   -0.388489
    1006   -0.388489
    1007   -0.386601
    1008   -0.386601
    1009   -0.384986
    1010   -0.384986
    1011   -0.384079
    1012   -0.384079
    1013   -0.384173
    1014   -0.384173
    1015   -0.385025
    1016   -0.385025
    1017   -0.385737
    1018   -0.385737
    1019   -0.385949
    1020   -0.385949
    1021   -0.385912
    1022   -0.385912
    1023   -0.385838
    1024   -0.385838
    1025   -0.385774
    1026   -0.385774
    1027   -0.385643
    1028   -0.385643
    1029   -0.385437
    1030   -0.385437
    1031   -0.385227
    1032   -0.385227
    1033   -0.385022
    1034   -0.385022
    1035   -0.384778
    1036   -0.384778
    1037   -0.384491
    1038   -0.384491
    1039   -0.384217
    1040   -0.384217
    1041   -0.383944
    1042   -0.383944
    1043   -0.383557
    1044   -0.383557
    1045   -0.383018
    1046   -0.383018
    1047   -0.382438
    1048   -0.382438
    1049   -0.381907
    1050   -0.381907
    1051   -0.381343
    1052   -0.381343
    1053   -0.380668
    1054   -0.380668
    1055   -0.379966
    1056   -0.379966
    1057   -0.379316
    1058   -0.379316
    1059   -0.378640
    1060   -0.378640
    1061   -0.377825
    1062   -0.377825
    1063   -0.376924
    1064   -0.376924
    1065   -0.376054
    1066   -0.376054
    1067   -0.375125
    1068   -0.375125
    1069   -0.373975
    1070   -0.373975
    1071   -0.372679
    1072   -0.372679
    1073   -0.371429
    1074   -0.371429
    1075   -0.370172
    1076   -0.370172
    1077   -0.368679
    1078   -0.368679
    1079   -0.366990
    1080   -0.366990
    1081   -0.365381
    1082   -0.365381
    1083   -0.363821
    1084   -0.363821
    1085   -0.362052
    1086   -0.362052
    1087   -0.360145
    1088   -0.360145
    1089   -0.358349
    1090   -0.358349
    1091   -0.356535
    1092   -0.356535
    1093   -0.354367
    1094   -0.354367
    1095   -0.351930
    1096   -0.351930
    1097   -0.349514
    1098   -0.349514
    1099   -0.347000
    1100   -0.347000
    1101   -0.344043
    1102   -0.344043
    1103   -0.340674
    1104   -0.340674
    1105   -0.337321
    1106   -0.337321
    1107   -0.334304
    1108   -0.334304
    1109   -0.332113
    1110   -0.332113
    1111   -0.331615
    1112   -0.331615
    1113   -0.332938
    1114   -0.332938
    1115   -0.335037
    1116   -0.335037
    1117   -0.336923
    1118   -0.336923
    1119   -0.338462
    1120   -0.338462
    1121   -0.339852
    1122   -0.339852
    1123   -0.340899
    1124   -0.340899
    1125   -0.341153
    1126   -0.341153
    1127   -0.340891
    1128   -0.340891
    1129   -0.340821
    1130   -0.340821
    1131   -0.340697
    1132   -0.340697
    1133   -0.339733
    1134   -0.339733
    1135   -0.338109
    1136   -0.338109
    1137   -0.336612
    1138   -0.336612
    1139   -0.335086
    1140   -0.335086
    1141   -0.332679
    1142   -0.332679
    1143   -0.329485
    1144   -0.329485
    1145   -0.326391
    1146   -0.326391
    1147   -0.323331
    1148   -0.323331
    1149   -0.319245
    1150   -0.319245
    1151   -0.314110
    1152   -0.314110
    1153   -0.309100
    1154   -0.309100
    1155   -0.304131
    1156   -0.304131
    1157   -0.297660
    1158   -0.297660
    1159   -0.289520
    1160   -0.289520
    1161   -0.281013
    1162   -0.281013
    1163   -0.271635
    1164   -0.271635
    1165   -0.259212
    1166   -0.259212
    1167   -0.244542
    1168   -0.244542
    1169   -0.231180
    1170   -0.231180
    1171   -0.219830
    1172   -0.219830
    1173   -0.208433
    1174   -0.208433
    1175   -0.199275
    1176   -0.199275
    1177   -0.191242
    1178   -0.191242
    1179   -0.177953
    1180   -0.177953
    1181   -0.159039
    1182   -0.159039
    1183   -0.135826
    1184   -0.135826
    1185   -0.110313
    1186   -0.110313
    1187   -0.088452
    1188   -0.088452
    1189   -0.505899
    1190   -0.505899
    1191   -0.501955
    1192   -0.501955
    1193   -0.496481
    1194   -0.496481
    1195   -0.490920
    1196   -0.490920
    1197   -0.485238
    1198   -0.485238
    1199   -0.481296
    1200   -0.481296
    1201   -0.479177
    1202   -0.479177
    1203   -0.477073
    1204   -0.477073
    1205   -0.474811
    1206   -0.474811
    1207   -0.473415
    1208   -0.473415
    1209   -0.473160
    1210   -0.473160
    1211   -0.473708
    1212   -0.473708
    1213   -0.474668
    1214   -0.474668
    1215   -0.475383
    1216   -0.475383
    1217   -0.475527
    1218   -0.475527
    1219   -0.475306
    1220   -0.475306
    1221   -0.475037
    1222   -0.475037
    1223   -0.474861
    1224   -0.474861
    1225   -0.474622
    1226   -0.474622
    1227   -0.474240
    1228   -0.474240
    1229   -0.473879
    1230   -0.473879
    1231   -0.473624
    1232   -0.473624
    1233   -0.473337
    1234   -0.473337
    1235   -0.472976
    1236   -0.472976
    1237   -0.472663
    1238   -0.472663
    1239   -0.472358
    1240   -0.472358
    1241   -0.471884
    1242   -0.471884
    1243   -0.471253
    1244   -0.471253
    1245   -0.470635
    1246   -0.470635
    1247   -0.470041
    1248   -0.470041
    1249   -0.469303
    1250   -0.469303
    1251   -0.468402
    1252   -0.468402
    1253   -0.467530
    1254   -0.467530
    1255   -0.466747
    1256   -0.466747
    1257   -0.465876
    1258   -0.465876
    1259   -0.464837
    1260   -0.464837
    1261   -0.463788
    1262   -0.463788
    1263   -0.462790
    1264   -0.462790
    1265   -0.461668
    1266   -0.461668
    1267   -0.460343
    1268   -0.460343
    1269   -0.458966
    1270   -0.458966
    1271   -0.457585
    1272   -0.457585
    1273   -0.456060
    1274   -0.456060
    1275   -0.454349
    1276   -0.454349
    1277   -0.452600
    1278   -0.452600
    1279   -0.450886
    1280   -0.450886
    1281   -0.449079
    1282   -0.449079
    1283   -0.447086
    1284   -0.447086
    1285   -0.445055
    1286   -0.445055
    1287   -0.443058
    1288   -0.443058
    1289   -0.440875
    1290   -0.440875
    1291   -0.438353
    1292   -0.438353
    1293   -0.435620
    1294   -0.435620
    1295   -0.432775
    1296   -0.432775
    1297   -0.429702
    1298   -0.429702
    1299   -0.426233
    1300   -0.426233
    1301   -0.422428
    1302   -0.422428
    1303   -0.418569
    1304   -0.418569
    1305   -0.414930
    1306   -0.414930
    1307   -0.412119
    1308   -0.412119
    1309   -0.411128
    1310   -0.411128
    1311   -0.412062
    1312   -0.412062
    1313   -0.413806
    1314   -0.413806
    1315   -0.415360
    1316   -0.415360
    1317   -0.416525
    1318   -0.416525
    1319   -0.417425
    1320   -0.417425
    1321   -0.418039
    1322   -0.418039
    1323   -0.418219
    1324   -0.418219
    1325   -0.417998
    1326   -0.417998
    1327   -0.417611
    1328   -0.417611
    1329   -0.416993
    1330   -0.416993
    1331   -0.415827
    1332   -0.415827
    1333   -0.414219
    1334   -0.414219
    1335   -0.412480
    1336   -0.412480
    1337   -0.410474
    1338   -0.410474
    1339   -0.407868
    1340   -0.407868
    1341   -0.404675
    1342   -0.404675
    1343   -0.401157
    1344   -0.401157
    1345   -0.397219
    1346   -0.397219
    1347   -0.392499
    1348   -0.392499
    1349   -0.387097
    1350   -0.387097
    1351   -0.381524
    1352   -0.381524
    1353   -0.375547
    1354   -0.375547
    1355   -0.368151
    1356   -0.368151
    1357   -0.359283
    1358   -0.359283
    1359   -0.349744
    1360   -0.349744
    1361   -0.339417
    1362   -0.339417
    1363   -0.327324
    1364   -0.327324
    1365   -0.313692
    1366   -0.313692
    1367   -0.299903
    1368   -0.299903
    1369   -0.286554
    1370   -0.286554
    1371   -0.272188
    1372   -0.272188
    1373   -0.257788
    1374   -0.257788
    1375   -0.243443
    1376   -0.243443
    1377   -0.225023
    1378   -0.225023
    1379   -0.203379
    1380   -0.203379
    1381   -0.178329
    1382   -0.178329
    1383   -0.148634
    1384   -0.148634
    1385   -0.123149
    1386   -0.123149
    1387   -0.605536
    1388   -0.605536
    1389   -0.602724
    1390   -0.602724
    1391   -0.599184
    1392   -0.599184
    1393   -0.596734
    1394   -0.596734
    1395   -0.595189
    1396   -0.595189
    1397   -0.594284
    1398   -0.594284
    1399   -0.593465
    1400   -0.593465
    1401   -0.591679
    1402   -0.591679
    1403   -0.589325
    1404   -0.589325
    1405   -0.588090
    1406   -0.588090
    1407   -0.588136
    1408   -0.588136
    1409   -0.588346
    1410   -0.588346
    1411   -0.588323
    1412   -0.588323
    1413   -0.588258
    1414   -0.588258
    1415   -0.588115
    1416   -0.588115
    1417   -0.587757
    1418   -0.587757
    1419   -0.587302
    1420   -0.587302
    1421   -0.586940
    1422   -0.586940
    1423   -0.586613
    1424   -0.586613
    1425   -0.586137
    1426   -0.586137
    1427   -0.585577
    1428   -0.585577
    1429   -0.585134
    1430   -0.585134
    1431   -0.584772
    1432   -0.584772
    1433   -0.584368
    1434   -0.584368
    1435   -0.583935
    1436   -0.583935
    1437   -0.583452
    1438   -0.583452
    1439   -0.582850
    1440   -0.582850
    1441   -0.582168
    1442   -0.582168
    1443   -0.581468
    1444   -0.581468
    1445   -0.580705
    1446   -0.580705
    1447   -0.579780
    1448   -0.579780
    1449   -0.578705
    1450   -0.578705
    1451   -0.577618
    1452   -0.577618
    1453   -0.576581
    1454   -0.576581
    1455   -0.575498
    1456   -0.575498
    1457   -0.574301
    1458   -0.574301
    1459   -0.573067
    1460   -0.573067
    1461   -0.571836
    1462   -0.571836
    1463   -0.570504
    1464   -0.570504
    1465   -0.568993
    1466   -0.568993
    1467   -0.567390
    1468   -0.567390
    1469   -0.565760
    1470   -0.565760
    1471   -0.564035
    1472   -0.564035
    1473   -0.562210
    1474   -0.562210
    1475   -0.560351
    1476   -0.560351
    1477   -0.558402
    1478   -0.558402
    1479   -0.556306
    1480   -0.556306
    1481   -0.554127
    1482   -0.554127
    1483   -0.551916
    1484   -0.551916
    1485   -0.549590
    1486   -0.549590
    1487   -0.546996
    1488   -0.546996
    1489   -0.544109
    1490   -0.544109
    1491   -0.541022
    1492   -0.541022
    1493   -0.537782
    1494   -0.537782
    1495   -0.534311
    1496   -0.534311
    1497   -0.530483
    1498   -0.530483
    1499   -0.526350
    1500   -0.526350
    1501   -0.522121
    1502   -0.522121
    1503   -0.518044
    1504   -0.518044
    1505   -0.514706
    1506   -0.514706
    1507   -0.513205
    1508   -0.513205
    1509   -0.513825
    1510   -0.513825
    1511   -0.515359
    1512   -0.515359
    1513   -0.516456
    1514   -0.516456
    1515   -0.516922
    1516   -0.516922
    1517   -0.517350
    1518   -0.517350
    1519   -0.517798
    1520   -0.517798
    1521   -0.517756
    1522   -0.517756
    1523   -0.517087
    1524   -0.517087
    1525   -0.516242
    1526   -0.516242
    1527   -0.515323
    1528   -0.515323
    1529   -0.513883
    1530   -0.513883
    1531   -0.511921
    1532   -0.511921
    1533   -0.509850
    1534   -0.509850
    1535   -0.507560
    1536   -0.507560
    1537   -0.504556
    1538   -0.504556
    1539   -0.500797
    1540   -0.500797
    1541   -0.496681
    1542   -0.496681
    1543   -0.492112
    1544   -0.492112
    1545   -0.486625
    1546   -0.486625
    1547   -0.480410
    1548   -0.480410
    1549   -0.474074
    1550   -0.474074
    1551   -0.467319
    1552   -0.467319
    1553   -0.458971
    1554   -0.458971
    1555   -0.448982
    1556   -0.448982
    1557   -0.438296
    1558   -0.438296
    1559   -0.427093
    1560   -0.427093
    1561   -0.414809
    1562   -0.414809
    1563   -0.401182
    1564   -0.401182
    1565   -0.386472
    1566   -0.386472
    1567   -0.371716
    1568   -0.371716
    1569   -0.355100
    1570   -0.355100
    1571   -0.334021
    1572   -0.334021
    1573   -0.310952
    1574   -0.310952
    1575   -0.286516
    1576   -0.286516
    1577   -0.259111
    1578   -0.259111
    1579   -0.226967
    1580   -0.226967
    1581   -0.190076
    1582   -0.190076
    1583   -0.159420
    1584   -0.159420
    1585   -0.726057
    1586   -0.726057
    1587   -0.723542
    1588   -0.723542
    1589   -0.720433
    1590   -0.720433
    1591   -0.718806
    1592   -0.718806
    1593   -0.718591
    1594   -0.718591
    1595   -0.719194
    1596   -0.719194
    1597   -0.720063
    1598   -0.720063
    1599   -0.720415
    1600   -0.720415
    1601   -0.720409
    1602   -0.720409
    1603   -0.720965
    1604   -0.720965
    1605   -0.721925
    1606   -0.721925
    1607   -0.722324
    1608   -0.722324
    1609   -0.722051
    1610   -0.722051
    1611   -0.721747
    1612   -0.721747
    1613   -0.721592
    1614   -0.721592
    1615   -0.721343
    1616   -0.721343
    1617   -0.720962
    1618   -0.720962
    1619   -0.720592
    1620   -0.720592
    1621   -0.720251
    1622   -0.720251
    1623   -0.719756
    1624   -0.719756
    1625   -0.719080
    1626   -0.719080
    1627   -0.718427
    1628   -0.718427
    1629   -0.717857
    1630   -0.717857
    1631   -0.717264
    1632   -0.717264
    1633   -0.716594
    1634   -0.716594
    1635   -0.715860
    1636   -0.715860
    1637   -0.715090
    1638   -0.715090
    1639   -0.714296
    1640   -0.714296
    1641   -0.713445
    1642   -0.713445
    1643   -0.712483
    1644   -0.712483
    1645   -0.711381
    1646   -0.711381
    1647   -0.710151
    1648   -0.710151
    1649   -0.708849
    1650   -0.708849
    1651   -0.707531
    1652   -0.707531
    1653   -0.706199
    1654   -0.706199
    1655   -0.704813
    1656   -0.704813
    1657   -0.703364
    1658   -0.703364
    1659   -0.701866
    1660   -0.701866
    1661   -0.700291
    1662   -0.700291
    1663   -0.698574
    1664   -0.698574
    1665   -0.696748
    1666   -0.696748
    1667   -0.694907
    1668   -0.694907
    1669   -0.693047
    1670   -0.693047
    1671   -0.691124
    1672   -0.691124
    1673   -0.689109
    1674   -0.689109
    1675   -0.686926
    1676   -0.686926
    1677   -0.684577
    1678   -0.684577
    1679   -0.682148
    1680   -0.682148
    1681   -0.679617
    1682   -0.679617
    1683   -0.676873
    1684   -0.676873
    1685   -0.673889
    1686   -0.673889
    1687   -0.670699
    1688   -0.670699
    1689   -0.667326
    1690   -0.667326
    1691   -0.663779
    1692   -0.663779
    1693   -0.659980
    1694   -0.659980
    1695   -0.655847
    1696   -0.655847
    1697   -0.651452
    1698   -0.651452
    1699   -0.646968
    1700   -0.646968
    1701   -0.642620
    1702   -0.642620
    1703   -0.638995
    1704   -0.638995
    1705   -0.637216
    1706   -0.637216
    1707   -0.637594
    1708   -0.637594
    1709   -0.638911
    1710   -0.638911
    1711   -0.639779
    1712   -0.639779
    1713   -0.640036
    1714   -0.640036
    1715   -0.640353
    1716   -0.640353
    1717   -0.640732
    1718   -0.640732
    1719   -0.640514
    1720   -0.640514
    1721   -0.639562
    1722   -0.639562
    1723   -0.638421
    1724   -0.638421
    1725   -0.637233
    1726   -0.637233
    1727   -0.635571
    1728   -0.635571
    1729   -0.633374
    1730   -0.633374
    1731   -0.631002
    1732   -0.631002
    1733   -0.628371
    1734   -0.628371
    1735   -0.624987
    1736   -0.624987
    1737   -0.620789
    1738   -0.620789
    1739   -0.616128
    1740   -0.616128
    1741   -0.610938
    1742   -0.610938
    1743   -0.604741
    1744   -0.604741
    1745   -0.597641
    1746   -0.597641
    1747   -0.590240
    1748   -0.590240
    1749   -0.582313
    1750   -0.582313
    1751   -0.572788
    1752   -0.572788
    1753   -0.561601
    1754   -0.561601
    1755   -0.549637
    1756   -0.549637
    1757   -0.537035
    1758   -0.537035
    1759   -0.523158
    1760   -0.523158
    1761   -0.507585
    1762   -0.507585
    1763   -0.490410
    1764   -0.490410
    1765   -0.472601
    1766   -0.472601
    1767   -0.452326
    1768   -0.452326
    1769   -0.425798
    1770   -0.425798
    1771   -0.395477
    1772   -0.395477
    1773   -0.363676
    1774   -0.363676
    1775   -0.327863
    1776   -0.327863
    1777   -0.285866
    1778   -0.285866
    1779   -0.239200
    1780   -0.239200
    1781   -0.200995
    1782   -0.200995
    1783   -0.874024
    1784   -0.874024
    1785   -0.871579
    1786   -0.871579
    1787   -0.868194
    1788   -0.868194
    1789   -0.865340
    1790   -0.865340
    1791   -0.863398
    1792   -0.863398
    1793   -0.863590
    1794   -0.863590
    1795   -0.865939
    1796   -0.865939
    1797   -0.869333
    1798   -0.869333
    1799   -0.873055
    1800   -0.873055
    1801   -0.876254
    1802   -0.876254
    1803   -0.878449
    1804   -0.878449
    1805   -0.879616
    1806   -0.879616
    1807   -0.880023
    1808   -0.880023
    1809   -0.880219
    1810   -0.880219
    1811   -0.880418
    1812   -0.880418
    1813   -0.880517
    1814   -0.880517
    1815   -0.880453
    1816   -0.880453
    1817   -0.880260
    1818   -0.880260
    1819   -0.879971
    1820   -0.879971
    1821   -0.879528
    1822   -0.879528
    1823   -0.878897
    1824   -0.878897
    1825   -0.878150
    1826   -0.878150
    1827   -0.877353
    1828   -0.877353
    1829   -0.876489
    1830   -0.876489
    1831   -0.875528
    1832   -0.875528
    1833   -0.874527
    1834   -0.874527
    1835   -0.873551
    1836   -0.873551
    1837   -0.872576
    1838   -0.872576
    1839   -0.871526
    1840   -0.871526
    1841   -0.870364
    1842   -0.870364
    1843   -0.869100
    1844   -0.869100
    1845   -0.867728
    1846   -0.867728
    1847   -0.866231
    1848   -0.866231
    1849   -0.864651
    1850   -0.864651
    1851   -0.863041
    1852   -0.863041
    1853   -0.861391
    1854   -0.861391
    1855   -0.859670
    1856   -0.859670
    1857   -0.857894
    1858   -0.857894
    1859   -0.856070
    1860   -0.856070
    1861   -0.854163
    1862   -0.854163
    1863   -0.852165
    1864   -0.852165
    1865   -0.850131
    1866   -0.850131
    1867   -0.848083
    1868   -0.848083
    1869   -0.845959
    1870   -0.845959
    1871   -0.843717
    1872   -0.843717
    1873   -0.841331
    1874   -0.841331
    1875   -0.838752
    1876   -0.838752
    1877   -0.835953
    1878   -0.835953
    1879   -0.832932
    1880   -0.832932
    1881   -0.829702
    1882   -0.829702
    1883   -0.826330
    1884   -0.826330
    1885   -0.822826
    1886   -0.822826
    1887   -0.819140
    1888   -0.819140
    1889   -0.815240
    1890   -0.815240
    1891   -0.811052
    1892   -0.811052
    1893   -0.806522
    1894   -0.806522
    1895   -0.801708
    1896   -0.801708
    1897   -0.796785
    1898   -0.796785
    1899   -0.791983
    1900   -0.791983
    1901   -0.787876
    1902   -0.787876
    1903   -0.785585
    1904   -0.785585
    1905   -0.785440
    1906   -0.785440
    1907   -0.786330
    1908   -0.786330
    1909   -0.787076
    1910   -0.787076
    1911   -0.787465
    1912   -0.787465
    1913   -0.787857
    1914   -0.787857
    1915   -0.788191
    1916   -0.788191
    1917   -0.788030
    1918   -0.788030
    1919   -0.787287
    1920   -0.787287
    1921   -0.786231
    1922   -0.786231
    1923   -0.784903
    1924   -0.784903
    1925   -0.783115
    1926   -0.783115
    1927   -0.780835
    1928   -0.780835
    1929   -0.778195
    1930   -0.778195
    1931   -0.775123
    1932   -0.775123
    1933   -0.771365
    1934   -0.771365
    1935   -0.766892
    1936   -0.766892
    1937   -0.761813
    1938   -0.761813
    1939   -0.756102
    1940   -0.756102
    1941   -0.749400
    1942   -0.749400
    1943   -0.741626
    1944   -0.741626
    1945   -0.733168
    1946   -0.733168
    1947   -0.723852
    1948   -0.723852
    1949   -0.713005
    1950   -0.713005
    1951   -0.700646
    1952   -0.700646
    1953   -0.687337
    1954   -0.687337
    1955   -0.672874
    1956   -0.672874
    1957   -0.656337
    1958   -0.656337
    1959   -0.637431
    1960   -0.637431
    1961   -0.616509
    1962   -0.616509
    1963   -0.593773
    1964   -0.593773
    1965   -0.568086
    1966   -0.568086
    1967   -0.537104
    1968   -0.537104
    1969   -0.500809
    1970   -0.500809
    1971   -0.459907
    1972   -0.459907
    1973   -0.413032
    1974   -0.413032
    1975   -0.358948
    1976   -0.358948
    1977   -0.300191
    1978   -0.300191
    1979   -0.252261
    1980   -0.252261
    1981   -1.057751
    1982   -1.057751
    1983   -1.056210
    1984   -1.056210
    1985   -1.053863
    1986   -1.053863
    1987   -1.051509
    1988   -1.051509
    1989   -1.049678
    1990   -1.049678
    1991   -1.050172
    1992   -1.050172
    1993   -1.053171
    1994   -1.053171
    1995   -1.057421
    1996   -1.057421
    1997   -1.061974
    1998   -1.061974
    1999   -1.065697
    2000   -1.065697
    2001   -1.068236
    2002   -1.068236
    2003   -1.069948
    2004   -1.069948
    2005   -1.071099
    2006   -1.071099
    2007   -1.071916
    2008   -1.071916
    2009   -1.072544
    2010   -1.072544
    2011   -1.073038
    2012   -1.073038
    2013   -1.073350
    2014   -1.073350
    2015   -1.073404
    2016   -1.073404
    2017   -1.073234
    2018   -1.073234
    2019   -1.072906
    2020   -1.072906
    2021   -1.072401
    2022   -1.072401
    2023   -1.071698
    2024   -1.071698
    2025   -1.070844
    2026   -1.070844
    2027   -1.069867
    2028   -1.069867
    2029   -1.068755
    2030   -1.068755
    2031   -1.067568
    2032   -1.067568
    2033   -1.066390
    2034   -1.066390
    2035   -1.065214
    2036   -1.065214
    2037   -1.063958
    2038   -1.063958
    2039   -1.062590
    2040   -1.062590
    2041   -1.061147
    2042   -1.061147
    2043   -1.059616
    2044   -1.059616
    2045   -1.057938
    2046   -1.057938
    2047   -1.056124
    2048   -1.056124
    2049   -1.054239
    2050   -1.054239
    2051   -1.052294
    2052   -1.052294
    2053   -1.050268
    2054   -1.050268
    2055   -1.048181
    2056   -1.048181
    2057   -1.046083
    2058   -1.046083
    2059   -1.043971
    2060   -1.043971
    2061   -1.041766
    2062   -1.041766
    2063   -1.039434
    2064   -1.039434
    2065   -1.037037
    2066   -1.037037
    2067   -1.034602
    2068   -1.034602
    2069   -1.032075
    2070   -1.032075
    2071   -1.029381
    2072   -1.029381
    2073   -1.026428
    2074   -1.026428
    2075   -1.023093
    2076   -1.023093
    2077   -1.019397
    2078   -1.019397
    2079   -1.015519
    2080   -1.015519
    2081   -1.011571
    2082   -1.011571
    2083   -1.007517
    2084   -1.007517
    2085   -1.003277
    2086   -1.003277
    2087   -0.998818
    2088   -0.998818
    2089   -0.994120
    2090   -0.994120
    2091   -0.989136
    2092   -0.989136
    2093   -0.983851
    2094   -0.983851
    2095   -0.978389
    2096   -0.978389
    2097   -0.973056
    2098   -0.973056
    2099   -0.968626
    2100   -0.968626
    2101   -0.966150
    2102   -0.966150
    2103   -0.965701
    2104   -0.965701
    2105   -0.966283
    2106   -0.966283
    2107   -0.967010
    2108   -0.967010
    2109   -0.967571
    2110   -0.967571
    2111   -0.968000
    2112   -0.968000
    2113   -0.968210
    2114   -0.968210
    2115   -0.967961
    2116   -0.967961
    2117   -0.967241
    2118   -0.967241
    2119   -0.966165
    2120   -0.966165
    2121   -0.964674
    2122   -0.964674
    2123   -0.962666
    2124   -0.962666
    2125   -0.960112
    2126   -0.960112
    2127   -0.957030
    2128   -0.957030
    2129   -0.953352
    2130   -0.953352
    2131   -0.948960
    2132   -0.948960
    2133   -0.943887
    2134   -0.943887
    2135   -0.938197
    2136   -0.938197
    2137   -0.931871
    2138   -0.931871
    2139   -0.924607
    2140   -0.924607
    2141   -0.916181
    2142   -0.916181
    2143   -0.906683
    2144   -0.906683
    2145   -0.895942
    2146   -0.895942
    2147   -0.883699
    2148   -0.883699
    2149   -0.870016
    2150   -0.870016
    2151   -0.855069
    2152   -0.855069
    2153   -0.838540
    2154   -0.838540
    2155   -0.819604
    2156   -0.819604
    2157   -0.797801
    2158   -0.797801
    2159   -0.772897
    2160   -0.772897
    2161   -0.744429
    2162   -0.744429
    2163   -0.712717
    2164   -0.712717
    2165   -0.676799
    2166   -0.676799
    2167   -0.633861
    2168   -0.633861
    2169   -0.582708
    2170   -0.582708
    2171   -0.522741
    2172   -0.522741
    2173   -0.453715
    2174   -0.453715
    2175   -0.379685
    2176   -0.379685
    2177   -0.319528
    2178   -0.319528
    2179   -1.296842
    2180   -1.296842
    2181   -1.297888
    2182   -1.297888
    2183   -1.299204
    2184   -1.299204
    2185   -1.300693
    2186   -1.300693
    2187   -1.302517
    2188   -1.302517
    2189   -1.305174
    2190   -1.305174
    2191   -1.308448
    2192   -1.308448
    2193   -1.311398
    2194   -1.311398
    2195   -1.313813
    2196   -1.313813
    2197   -1.315940
    2198   -1.315940
    2199   -1.317893
    2200   -1.317893
    2201   -1.319709
    2202   -1.319709
    2203   -1.321343
    2204   -1.321343
    2205   -1.322633
    2206   -1.322633
    2207   -1.323595
    2208   -1.323595
    2209   -1.324397
    2210   -1.324397
    2211   -1.325029
    2212   -1.325029
    2213   -1.325328
    2214   -1.325328
    2215   -1.325302
    2216   -1.325302
    2217   -1.325088
    2218   -1.325088
    2219   -1.324701
    2220   -1.324701
    2221   -1.324093
    2222   -1.324093
    2223   -1.323290
    2224   -1.323290
    2225   -1.322329
    2226   -1.322329
    2227   -1.321214
    2228   -1.321214
    2229   -1.319967
    2230   -1.319967
    2231   -1.318626
    2232   -1.318626
    2233   -1.317212
    2234   -1.317212
    2235   -1.315706
    2236   -1.315706
    2237   -1.314093
    2238   -1.314093
    2239   -1.312399
    2240   -1.312399
    2241   -1.310620
    2242   -1.310620
    2243   -1.308710
    2244   -1.308710
    2245   -1.306650
    2246   -1.306650
    2247   -1.304460
    2248   -1.304460
    2249   -1.302167
    2250   -1.302167
    2251   -1.299781
    2252   -1.299781
    2253   -1.297323
    2254   -1.297323
    2255   -1.294852
    2256   -1.294852
    2257   -1.292382
    2258   -1.292382
    2259   -1.289809
    2260   -1.289809
    2261   -1.287040
    2262   -1.287040
    2263   -1.284146
    2264   -1.284146
    2265   -1.281264
    2266   -1.281264
    2267   -1.278317
    2268   -1.278317
    2269   -1.275109
    2270   -1.275109
    2271   -1.271553
    2272   -1.271553
    2273   -1.267521
    2274   -1.267521
    2275   -1.263028
    2276   -1.263028
    2277   -1.258336
    2278   -1.258336
    2279   -1.253562
    2280   -1.253562
    2281   -1.248690
    2282   -1.248690
    2283   -1.243656
    2284   -1.243656
    2285   -1.238396
    2286   -1.238396
    2287   -1.232939
    2288   -1.232939
    2289   -1.227329
    2290   -1.227329
    2291   -1.221554
    2292   -1.221554
    2293   -1.215622
    2294   -1.215622
    2295   -1.209911
    2296   -1.209911
    2297   -1.205642
    2298   -1.205642
    2299   -1.203782
    2300   -1.203782
    2301   -1.203747
    2302   -1.203747
    2303   -1.204532
    2304   -1.204532
    2305   -1.205618
    2306   -1.205618
    2307   -1.206588
    2308   -1.206588
    2309   -1.207153
    2310   -1.207153
    2311   -1.207228
    2312   -1.207228
    2313   -1.206709
    2314   -1.206709
    2315   -1.205662
    2316   -1.205662
    2317   -1.204296
    2318   -1.204296
    2319   -1.202559
    2320   -1.202559
    2321   -1.200191
    2322   -1.200191
    2323   -1.197053
    2324   -1.197053
    2325   -1.193243
    2326   -1.193243
    2327   -1.188767
    2328   -1.188767
    2329   -1.183457
    2330   -1.183457
    2331   -1.177343
    2332   -1.177343
    2333   -1.170581
    2334   -1.170581
    2335   -1.163126
    2336   -1.163126
    2337   -1.154763
    2338   -1.154763
    2339   -1.145185
    2340   -1.145185
    2341   -1.134165
    2342   -1.134165
    2343   -1.121565
    2344   -1.121565
    2345   -1.107405
    2346   -1.107405
    2347   -1.091670
    2348   -1.091670
    2349   -1.074264
    2350   -1.074264
    2351   -1.055109
    2352   -1.055109
    2353   -1.033806
    2354   -1.033806
    2355   -1.009435
    2356   -1.009435
    2357   -0.980641
    2358   -0.980641
    2359   -0.945996
    2360   -0.945996
    2361   -0.906607
    2362   -0.906607
    2363   -0.863192
    2364   -0.863192
    2365   -0.811892
    2366   -0.811892
    2367   -0.749481
    2368   -0.749481
    2369   -0.674349
    2370   -0.674349
    2371   -0.586530
    2372   -0.586530
    2373   -0.492023
    2374   -0.492023
    2375   -0.415034
    2376   -0.415034
    2377   -1.627667
    2378   -1.627667
    2379   -1.633605
    2380   -1.633605
    2381   -1.641870
    2382   -1.641870
    2383   -1.650790
    2384   -1.650790
    2385   -1.659876
    2386   -1.659876
    2387   -1.667146
    2388   -1.667146
    2389   -1.671897
    2390   -1.671897
    2391   -1.674401
    2392   -1.674401
    2393   -1.675574
    2394   -1.675574
    2395   -1.676790
    2396   -1.676790
    2397   -1.678466
    2398   -1.678466
    2399   -1.680360
    2400   -1.680360
    2401   -1.682266
    2402   -1.682266
    2403   -1.683893
    2404   -1.683893
    2405   -1.685168
    2406   -1.685168
    2407   -1.686227
    2408   -1.686227
    2409   -1.687076
    2410   -1.687076
    2411   -1.687564
    2412   -1.687564
    2413   -1.687683
    2414   -1.687683
    2415   -1.687554
    2416   -1.687554
    2417   -1.687209
    2418   -1.687209
    2419   -1.686622
    2420   -1.686622
    2421   -1.685802
    2422   -1.685802
    2423   -1.684756
    2424   -1.684756
    2425   -1.683520
    2426   -1.683520
    2427   -1.682137
    2428   -1.682137
    2429   -1.680595
    2430   -1.680595
    2431   -1.678879
    2432   -1.678879
    2433   -1.677017
    2434   -1.677017
    2435   -1.675041
    2436   -1.675041
    2437   -1.672963
    2438   -1.672963
    2439   -1.670779
    2440   -1.670779
    2441   -1.668468
    2442   -1.668468
    2443   -1.665999
    2444   -1.665999
    2445   -1.663351
    2446   -1.663351
    2447   -1.660533
    2448   -1.660533
    2449   -1.657587
    2450   -1.657587
    2451   -1.654566
    2452   -1.654566
    2453   -1.651509
    2454   -1.651509
    2455   -1.648425
    2456   -1.648425
    2457   -1.645243
    2458   -1.645243
    2459   -1.641853
    2460   -1.641853
    2461   -1.638278
    2462   -1.638278
    2463   -1.634646
    2464   -1.634646
    2465   -1.630889
    2466   -1.630889
    2467   -1.626824
    2468   -1.626824
    2469   -1.622422
    2470   -1.622422
    2471   -1.617618
    2472   -1.617618
    2473   -1.612405
    2474   -1.612405
    2475   -1.606932
    2476   -1.606932
    2477   -1.601247
    2478   -1.601247
    2479   -1.595378
    2480   -1.595378
    2481   -1.589310
    2482   -1.589310
    2483   -1.582966
    2484   -1.582966
    2485   -1.576349
    2486   -1.576349
    2487   -1.569562
    2488   -1.569562
    2489   -1.562692
    2490   -1.562692
    2491   -1.555779
    2492   -1.555779
    2493   -1.549216
    2494   -1.549216
    2495   -1.544460
    2496   -1.544460
    2497   -1.542675
    2498   -1.542675
    2499   -1.542961
    2500   -1.542961
    2501   -1.544053
    2502   -1.544053
    2503   -1.545501
    2504   -1.545501
    2505   -1.546815
    2506   -1.546815
    2507   -1.547525
    2508   -1.547525
    2509   -1.547514
    2510   -1.547514
    2511   -1.546772
    2512   -1.546772
    2513   -1.545358
    2514   -1.545358
    2515   -1.543537
    2516   -1.543537
    2517   -1.541333
    2518   -1.541333
    2519   -1.538266
    2520   -1.538266
    2521   -1.534122
    2522   -1.534122
    2523   -1.529179
    2524   -1.529179
    2525   -1.523539
    2526   -1.523539
    2527   -1.517022
    2528   -1.517022
    2529   -1.509555
    2530   -1.509555
    2531   -1.501174
    2532   -1.501174
    2533   -1.491793
    2534   -1.491793
    2535   -1.481340
    2536   -1.481340
    2537   -1.469522
    2538   -1.469522
    2539   -1.456021
    2540   -1.456021
    2541   -1.440784
    2542   -1.440784
    2543   -1.423821
    2544   -1.423821
    2545   -1.404967
    2546   -1.404967
    2547   -1.383984
    2548   -1.383984
    2549   -1.360856
    2550   -1.360856
    2551   -1.335400
    2552   -1.335400
    2553   -1.306537
    2554   -1.306537
    2555   -1.272474
    2556   -1.272474
    2557   -1.230858
    2558   -1.230858
    2559   -1.181649
    2560   -1.181649
    2561   -1.126377
    2562   -1.126377
    2563   -1.062845
    2564   -1.062845
    2565   -0.986396
    2566   -0.986396
    2567   -0.892226
    2568   -0.892226
    2569   -0.779786
    2570   -0.779786
    2571   -0.657162
    2572   -0.657162
    2573   -0.556217
    2574   -0.556217
    2575   -2.102405
    2576   -2.102405
    2577   -2.116413
    2578   -2.116413
    2579   -2.135842
    2580   -2.135842
    2581   -2.155433
    2582   -2.155433
    2583   -2.174155
    2584   -2.174155
    2585   -2.187867
    2586   -2.187867
    2587   -2.195883
    2588   -2.195883
    2589   -2.200370
    2590   -2.200370
    2591   -2.203204
    2592   -2.203204
    2593   -2.205870
    2594   -2.205870
    2595   -2.208739
    2596   -2.208739
    2597   -2.211516
    2598   -2.211516
    2599   -2.214068
    2600   -2.214068
    2601   -2.216295
    2602   -2.216295
    2603   -2.218153
    2604   -2.218153
    2605   -2.219655
    2606   -2.219655
    2607   -2.220779
    2608   -2.220779
    2609   -2.221472
    2610   -2.221472
    2611   -2.221752
    2612   -2.221752
    2613   -2.221699
    2614   -2.221699
    2615   -2.221344
    2616   -2.221344
    2617   -2.220681
    2618   -2.220681
    2619   -2.219713
    2620   -2.219713
    2621   -2.218428
    2622   -2.218428
    2623   -2.216861
    2624   -2.216861
    2625   -2.215110
    2626   -2.215110
    2627   -2.213184
    2628   -2.213184
    2629   -2.211028
    2630   -2.211028
    2631   -2.208644
    2632   -2.208644
    2633   -2.206087
    2634   -2.206087
    2635   -2.203396
    2636   -2.203396
    2637   -2.200562
    2638   -2.200562
    2639   -2.197557
    2640   -2.197557
    2641   -2.194368
    2642   -2.194368
    2643   -2.190979
    2644   -2.190979
    2645   -2.187356
    2646   -2.187356
    2647   -2.183526
    2648   -2.183526
    2649   -2.179585
    2650   -2.179585
    2651   -2.175569
    2652   -2.175569
    2653   -2.171472
    2654   -2.171472
    2655   -2.167271
    2656   -2.167271
    2657   -2.162877
    2658   -2.162877
    2659   -2.158236
    2660   -2.158236
    2661   -2.153356
    2662   -2.153356
    2663   -2.148208
    2664   -2.148208
    2665   -2.142795
    2666   -2.142795
    2667   -2.137162
    2668   -2.137162
    2669   -2.131295
    2670   -2.131295
    2671   -2.125168
    2672   -2.125168
    2673   -2.118765
    2674   -2.118765
    2675   -2.112000
    2676   -2.112000
    2677   -2.104803
    2678   -2.104803
    2679   -2.097224
    2680   -2.097224
    2681   -2.089280
    2682   -2.089280
    2683   -2.080926
    2684   -2.080926
    2685   -2.072178
    2686   -2.072178
    2687   -2.063158
    2688   -2.063158
    2689   -2.054053
    2690   -2.054053
    2691   -2.045302
    2692   -2.045302
    2693   -2.038380
    2694   -2.038380
    2695   -2.035037
    2696   -2.035037
    2697   -2.034725
    2698   -2.034725
    2699   -2.035574
    2700   -2.035574
    2701   -2.036641
    2702   -2.036641
    2703   -2.037417
    2704   -2.037417
    2705   -2.037481
    2706   -2.037481
    2707   -2.036726
    2708   -2.036726
    2709   -2.035371
    2710   -2.035371
    2711   -2.033365
    2712   -2.033365
    2713   -2.030547
    2714   -2.030547
    2715   -2.026969
    2716   -2.026969
    2717   -2.022339
    2718   -2.022339
    2719   -2.016555
    2720   -2.016555
    2721   -2.009862
    2722   -2.009862
    2723   -2.002325
    2724   -2.002325
    2725   -1.993905
    2726   -1.993905
    2727   -1.984388
    2728   -1.984388
    2729   -1.973471
    2730   -1.973471
    2731   -1.961001
    2732   -1.961001
    2733   -1.946990
    2734   -1.946990
    2735   -1.931287
    2736   -1.931287
    2737   -1.913759
    2738   -1.913759
    2739   -1.894437
    2740   -1.894437
    2741   -1.873169
    2742   -1.873169
    2743   -1.849583
    2744   -1.849583
    2745   -1.823212
    2746   -1.823212
    2747   -1.793756
    2748   -1.793756
    2749   -1.761029
    2750   -1.761029
    2751   -1.724136
    2752   -1.724136
    2753   -1.681384
    2754   -1.681384
    2755   -1.630608
    2756   -1.630608
    2757   -1.570545
    2758   -1.570545
    2759   -1.500120
    2760   -1.500120
    2761   -1.417904
    2762   -1.417904
    2763   -1.320604
    2764   -1.320604
    2765   -1.200723
    2766   -1.200723
    2767   -1.056104
    2768   -1.056104
    2769   -0.896451
    2770   -0.896451
    2771   -0.763449
    2772   -0.763449
    2773   -2.800309
    2774   -2.800309
    2775   -2.826061
    2776   -2.826061
    2777   -2.860175
    2778   -2.860175
    2779   -2.889910
    2780   -2.889910
    2781   -2.915429
    2782   -2.915429
    2783   -2.934494
    2784   -2.934494
    2785   -2.947353
    2786   -2.947353
    2787   -2.957014
    2788   -2.957014
    2789   -2.965351
    2790   -2.965351
    2791   -2.972724
    2792   -2.972724
    2793   -2.979119
    2794   -2.979119
    2795   -2.984590
    2796   -2.984590
    2797   -2.989233
    2798   -2.989233
    2799   -2.993093
    2800   -2.993093
    2801   -2.996220
    2802   -2.996220
    2803   -2.998672
    2804   -2.998672
    2805   -3.000463
    2806   -3.000463
    2807   -3.001584
    2808   -3.001584
    2809   -3.002112
    2810   -3.002112
    2811   -3.002200
    2812   -3.002200
    2813   -3.001904
    2814   -3.001904
    2815   -3.001138
    2816   -3.001138
    2817   -2.999898
    2818   -2.999898
    2819   -2.998260
    2820   -2.998260
    2821   -2.996262
    2822   -2.996262
    2823   -2.993934
    2824   -2.993934
    2825   -2.991312
    2826   -2.991312
    2827   -2.988391
    2828   -2.988391
    2829   -2.985156
    2830   -2.985156
    2831   -2.981654
    2832   -2.981654
    2833   -2.977952
    2834   -2.977952
    2835   -2.974066
    2836   -2.974066
    2837   -2.969964
    2838   -2.969964
    2839   -2.965623
    2840   -2.965623
    2841   -2.961044
    2842   -2.961044
    2843   -2.956209
    2844   -2.956209
    2845   -2.951106
    2846   -2.951106
    2847   -2.945767
    2848   -2.945767
    2849   -2.940201
    2850   -2.940201
    2851   -2.934414
    2852   -2.934414
    2853   -2.928442
    2854   -2.928442
    2855   -2.922260
    2856   -2.922260
    2857   -2.915798
    2858   -2.915798
    2859   -2.908979
    2860   -2.908979
    2861   -2.901795
    2862   -2.901795
    2863   -2.894324
    2864   -2.894324
    2865   -2.886641
    2866   -2.886641
    2867   -2.878784
    2868   -2.878784
    2869   -2.870743
    2870   -2.870743
    2871   -2.862468
    2872   -2.862468
    2873   -2.853776
    2874   -2.853776
    2875   -2.844447
    2876   -2.844447
    2877   -2.834509
    2878   -2.834509
    2879   -2.824015
    2880   -2.824015
    2881   -2.812919
    2882   -2.812919
    2883   -2.801212
    2884   -2.801212
    2885   -2.788939
    2886   -2.788939
    2887   -2.776276
    2888   -2.776276
    2889   -2.763929
    2890   -2.763929
    2891   -2.753762
    2892   -2.753762
    2893   -2.748104
    2894   -2.748104
    2895   -2.746644
    2896   -2.746644
    2897   -2.746727
    2898   -2.746727
    2899   -2.746782
    2900   -2.746782
    2901   -2.746315
    2902   -2.746315
    2903   -2.744878
    2904   -2.744878
    2905   -2.742467
    2906   -2.742467
    2907   -2.739716
    2908   -2.739716
    2909   -2.736528
    2910   -2.736528
    2911   -2.732014
    2912   -2.732014
    2913   -2.726038
    2914   -2.726038
    2915   -2.718975
    2916   -2.718975
    2917   -2.710901
    2918   -2.710901
    2919   -2.701544
    2920   -2.701544
    2921   -2.690870
    2922   -2.690870
    2923   -2.679106
    2924   -2.679106
    2925   -2.665941
    2926   -2.665941
    2927   -2.650776
    2928   -2.650776
    2929   -2.633403
    2930   -2.633403
    2931   -2.613977
    2932   -2.613977
    2933   -2.592540
    2934   -2.592540
    2935   -2.568820
    2936   -2.568820
    2937   -2.542722
    2938   -2.542722
    2939   -2.514251
    2940   -2.514251
    2941   -2.482896
    2942   -2.482896
    2943   -2.447704
    2944   -2.447704
    2945   -2.408079
    2946   -2.408079
    2947   -2.363982
    2948   -2.363982
    2949   -2.314643
    2950   -2.314643
    2951   -2.258281
    2952   -2.258281
    2953   -2.193110
    2954   -2.193110
    2955   -2.117729
    2956   -2.117729
    2957   -2.027862
    2958   -2.027862
    2959   -1.919517
    2960   -1.919517
    2961   -1.790593
    2962   -1.790593
    2963   -1.634684
    2964   -1.634684
    2965   -1.448303
    2966   -1.448303
    2967   -1.240513
    2968   -1.240513
    2969   -1.065702
    2970   -1.065702
    2971   -3.886768
    2972   -3.886768
    2973   -3.928576
    2974   -3.928576
    2975   -3.980568
    2976   -3.980568
    2977   -4.019753
    2978   -4.019753
    2979   -4.050230
    2980   -4.050230
    2981   -4.074805
    2982   -4.074805
    2983   -4.095017
    2984   -4.095017
    2985   -4.113636
    2986   -4.113636
    2987   -4.131635
    2988   -4.131635
    2989   -4.147232
    2990   -4.147232
    2991   -4.159830
    2992   -4.159830
    2993   -4.170265
    2994   -4.170265
    2995   -4.178986
    2996   -4.178986
    2997   -4.186004
    2998   -4.186004
    2999   -4.191448
    3000   -4.191448
    3001   -4.195607
    3002   -4.195607
    3003   -4.198642
    3004   -4.198642
    3005   -4.200592
    3006   -4.200592
    3007   -4.201579
    3008   -4.201579
    3009   -4.201867
    3010   -4.201867
    3011   -4.201580
    3012   -4.201580
    3013   -4.200587
    3014   -4.200587
    3015   -4.198871
    3016   -4.198871
    3017   -4.196607
    3018   -4.196607
    3019   -4.193880
    3020   -4.193880
    3021   -4.190631
    3022   -4.190631
    3023   -4.186843
    3024   -4.186843
    3025   -4.182565
    3026   -4.182565
    3027   -4.177834
    3028   -4.177834
    3029   -4.172727
    3030   -4.172727
    3031   -4.167312
    3032   -4.167312
    3033   -4.161621
    3034   -4.161621
    3035   -4.155650
    3036   -4.155650
    3037   -4.149362
    3038   -4.149362
    3039   -4.142766
    3040   -4.142766
    3041   -4.135901
    3042   -4.135901
    3043   -4.128721
    3044   -4.128721
    3045   -4.121103
    3046   -4.121103
    3047   -4.112995
    3048   -4.112995
    3049   -4.104420
    3050   -4.104420
    3051   -4.095448
    3052   -4.095448
    3053   -4.086162
    3054   -4.086162
    3055   -4.076549
    3056   -4.076549
    3057   -4.066509
    3058   -4.066509
    3059   -4.056018
    3060   -4.056018
    3061   -4.045115
    3062   -4.045115
    3063   -4.033872
    3064   -4.033872
    3065   -4.022401
    3066   -4.022401
    3067   -4.010704
    3068   -4.010704
    3069   -3.998724
    3070   -3.998724
    3071   -3.986279
    3072   -3.986279
    3073   -3.973097
    3074   -3.973097
    3075   -3.959104
    3076   -3.959104
    3077   -3.944299
    3078   -3.944299
    3079   -3.928658
    3080   -3.928658
    3081   -3.912233
    3082   -3.912233
    3083   -3.894976
    3084   -3.894976
    3085   -3.876875
    3086   -3.876875
    3087   -3.859054
    3088   -3.859054
    3089   -3.844459
    3090   -3.844459
    3091   -3.836121
    3092   -3.836121
    3093   -3.833362
    3094   -3.833362
    3095   -3.832488
    3096   -3.832488
    3097   -3.831412
    3098   -3.831412
    3099   -3.829637
    3100   -3.829637
    3101   -3.826546
    3102   -3.826546
    3103   -3.822090
    3104   -3.822090
    3105   -3.816871
    3106   -3.816871
    3107   -3.810946
    3108   -3.810946
    3109   -3.803446
    3110   -3.803446
    3111   -3.793913
    3112   -3.793913
    3113   -3.783067
    3114   -3.783067
    3115   -3.771085
    3116   -3.771085
    3117   -3.757184
    3118   -3.757184
    3119   -3.741190
    3120   -3.741190
    3121   -3.723376
    3122   -3.723376
    3123   -3.703519
    3124   -3.703519
    3125   -3.681170
    3126   -3.681170
    3127   -3.656073
    3128   -3.656073
    3129   -3.628308
    3130   -3.628308
    3131   -3.597995
    3132   -3.597995
    3133   -3.564510
    3134   -3.564510
    3135   -3.527397
    3136   -3.527397
    3137   -3.486791
    3138   -3.486791
    3139   -3.442168
    3140   -3.442168
    3141   -3.392285
    3142   -3.392285
    3143   -3.336268
    3144   -3.336268
    3145   -3.273834
    3146   -3.273834
    3147   -3.204155
    3148   -3.204155
    3149   -3.125554
    3150   -3.125554
    3151   -3.035820
    3152   -3.035820
    3153   -2.932660
    3154   -2.932660
    3155   -2.810812
    3156   -2.810812
    3157   -2.663722
    3158   -2.663722
    3159   -2.486932
    3160   -2.486932
    3161   -2.276454
    3162   -2.276454
    3163   -2.028674
    3164   -2.028674
    3165   -1.751112
    3166   -1.751112
    3167   -1.516928
    3168   -1.516928
    3169   -5.753766
    3170   -5.753766
    3171   -5.823443
    3172   -5.823443
    3173   -5.907223
    3174   -5.907223
    3175   -5.967331
    3176   -5.967331
    3177   -6.013491
    3178   -6.013491
    3179   -6.052119
    3180   -6.052119
    3181   -6.085980
    3182   -6.085980
    3183   -6.118476
    3184   -6.118476
    3185   -6.149969
    3186   -6.149969
    3187   -6.177178
    3188   -6.177178
    3189   -6.199108
    3190   -6.199108
    3191   -6.217251
    3192   -6.217251
    3193   -6.232422
    3194   -6.232422
    3195   -6.244581
    3196   -6.244581
    3197   -6.253884
    3198   -6.253884
    3199   -6.260841
    3200   -6.260841
    3201   -6.265862
    3202   -6.265862
    3203   -6.269183
    3204   -6.269183
    3205   -6.270940
    3206   -6.270940
    3207   -6.271338
    3208   -6.271338
    3209   -6.270651
    3210   -6.270651
    3211   -6.268991
    3212   -6.268991
    3213   -6.266337
    3214   -6.266337
    3215   -6.262741
    3216   -6.262741
    3217   -6.258371
    3218   -6.258371
    3219   -6.253329
    3220   -6.253329
    3221   -6.247515
    3222   -6.247515
    3223   -6.240792
    3224   -6.240792
    3225   -6.233255
    3226   -6.233255
    3227   -6.225201
    3228   -6.225201
    3229   -6.216696
    3230   -6.216696
    3231   -6.207603
    3232   -6.207603
    3233   -6.197988
    3234   -6.197988
    3235   -6.188063
    3236   -6.188063
    3237   -6.177826
    3238   -6.177826
    3239   -6.167106
    3240   -6.167106
    3241   -6.155826
    3242   -6.155826
    3243   -6.143966
    3244   -6.143966
    3245   -6.131417
    3246   -6.131417
    3247   -6.117980
    3248   -6.117980
    3249   -6.103721
    3250   -6.103721
    3251   -6.088989
    3252   -6.088989
    3253   -6.073776
    3254   -6.073776
    3255   -6.057695
    3256   -6.057695
    3257   -6.040792
    3258   -6.040792
    3259   -6.023505
    3260   -6.023505
    3261   -6.005978
    3262   -6.005978
    3263   -5.988102
    3264   -5.988102
    3265   -5.969798
    3266   -5.969798
    3267   -5.951055
    3268   -5.951055
    3269   -5.931650
    3270   -5.931650
    3271   -5.911106
    3272   -5.911106
    3273   -5.889305
    3274   -5.889305
    3275   -5.866545
    3276   -5.866545
    3277   -5.842803
    3278   -5.842803
    3279   -5.817731
    3280   -5.817731
    3281   -5.791251
    3282   -5.791251
    3283   -5.763713
    3284   -5.763713
    3285   -5.736260
    3286   -5.736260
    3287   -5.712788
    3288   -5.712788
    3289   -5.698691
    3290   -5.698691
    3291   -5.693645
    3292   -5.693645
    3293   -5.691743
    3294   -5.691743
    3295   -5.689172
    3296   -5.689172
    3297   -5.685287
    3298   -5.685287
    3299   -5.679852
    3300   -5.679852
    3301   -5.672548
    3302   -5.672548
    3303   -5.663004
    3304   -5.663004
    3305   -5.651451
    3306   -5.651451
    3307   -5.638245
    3308   -5.638245
    3309   -5.622815
    3310   -5.622815
    3311   -5.604907
    3312   -5.604907
    3313   -5.584753
    3314   -5.584753
    3315   -5.562462
    3316   -5.562462
    3317   -5.537504
    3318   -5.537504
    3319   -5.508699
    3320   -5.508699
    3321   -5.476085
    3322   -5.476085
    3323   -5.440882
    3324   -5.440882
    3325   -5.402781
    3326   -5.402781
    3327   -5.360189
    3328   -5.360189
    3329   -5.313024
    3330   -5.313024
    3331   -5.261886
    3332   -5.261886
    3333   -5.205922
    3334   -5.205922
    3335   -5.143380
    3336   -5.143380
    3337   -5.073801
    3338   -5.073801
    3339   -4.997701
    3340   -4.997701
    3341   -4.913623
    3342   -4.913623
    3343   -4.818350
    3344   -4.818350
    3345   -4.710809
    3346   -4.710809
    3347   -4.591686
    3348   -4.591686
    3349   -4.457789
    3350   -4.457789
    3351   -4.302369
    3352   -4.302369
    3353   -4.119115
    3354   -4.119115
    3355   -3.902120
    3356   -3.902120
    3357   -3.643625
    3358   -3.643625
    3359   -3.337512
    3360   -3.337512
    3361   -2.978861
    3362   -2.978861
    3363   -2.580295
    3364   -2.580295
    3365   -2.247288
    3366   -2.247288
    3367   -9.266162
    3368   -9.266162
    3369   -9.392290
    3370   -9.392290
    3371   -9.542305
    3372   -9.542305
    3373   -9.650179
    3374   -9.650179
    3375   -9.735009
    3376   -9.735009
    3377   -9.805342
    3378   -9.805342
    3379   -9.866194
    3380   -9.866194
    3381   -9.923281
    3382   -9.923281
    3383   -9.977071
    3384   -9.977071
    3385  -10.023448
    3386  -10.023448
    3387  -10.061194
    3388  -10.061194
    3389  -10.092632
    3390  -10.092632
    3391  -10.119104
    3392  -10.119104
    3393  -10.140381
    3394  -10.140381
    3395  -10.156552
    3396  -10.156552
    3397  -10.168404
    3398  -10.168404
    3399  -10.176819
    3400  -10.176819
    3401  -10.182514
    3402  -10.182514
    3403  -10.185628
    3404  -10.185628
    3405  -10.186052
    3406  -10.186052
    3407  -10.184309
    3408  -10.184309
    3409  -10.181159
    3410  -10.181159
    3411  -10.176576
    3412  -10.176576
    3413  -10.170173
    3414  -10.170173
    3415  -10.162252
    3416  -10.162252
    3417  -10.153547
    3418  -10.153547
    3419  -10.143909
    3420  -10.143909
    3421  -10.132458
    3422  -10.132458
    3423  -10.119320
    3424  -10.119320
    3425  -10.105523
    3426  -10.105523
    3427  -10.091131
    3428  -10.091131
    3429  -10.075336
    3430  -10.075336
    3431  -10.058346
    3432  -10.058346
    3433  -10.041278
    3434  -10.041278
    3435  -10.024112
    3436  -10.024112
    3437  -10.005780
    3438  -10.005780
    3439   -9.986175
    3440   -9.986175
    3441   -9.966028
    3442   -9.966028
    3443   -9.945100
    3444   -9.945100
    3445   -9.922372
    3446   -9.922372
    3447   -9.897955
    3448   -9.897955
    3449   -9.872940
    3450   -9.872940
    3451   -9.847146
    3452   -9.847146
    3453   -9.819174
    3454   -9.819174
    3455   -9.789323
    3456   -9.789323
    3457   -9.759553
    3458   -9.759553
    3459   -9.730234
    3460   -9.730234
    3461   -9.700252
    3462   -9.700252
    3463   -9.669290
    3464   -9.669290
    3465   -9.637735
    3466   -9.637735
    3467   -9.605118
    3468   -9.605118
    3469   -9.570016
    3470   -9.570016
    3471   -9.532398
    3472   -9.532398
    3473   -9.493908
    3474   -9.493908
    3475   -9.454504
    3476   -9.454504
    3477   -9.412232
    3478   -9.412232
    3479   -9.367073
    3480   -9.367073
    3481   -9.321302
    3482   -9.321302
    3483   -9.275662
    3484   -9.275662
    3485   -9.233902
    3486   -9.233902
    3487   -9.206712
    3488   -9.206712
    3489   -9.196865
    3490   -9.196865
    3491   -9.194261
    3492   -9.194261
    3493   -9.189710
    3494   -9.189710
    3495   -9.181410
    3496   -9.181410
    3497   -9.171310
    3498   -9.171310
    3499   -9.159153
    3500   -9.159153
    3501   -9.142101
    3502   -9.142101
    3503   -9.120342
    3504   -9.120342
    3505   -9.096886
    3506   -9.096886
    3507   -9.071220
    3508   -9.071220
    3509   -9.040009
    3510   -9.040009
    3511   -9.003623
    3512   -9.003623
    3513   -8.965659
    3514   -8.965659
    3515   -8.924904
    3516   -8.924904
    3517   -8.875656
    3518   -8.875656
    3519   -8.818214
    3520   -8.818214
    3521   -8.758555
    3522   -8.758555
    3523   -8.696308
    3524   -8.696308
    3525   -8.624728
    3526   -8.624728
    3527   -8.543263
    3528   -8.543263
    3529   -8.457419
    3530   -8.457419
    3531   -8.365920
    3532   -8.365920
    3533   -8.260802
    3534   -8.260802
    3535   -8.141574
    3536   -8.141574
    3537   -8.014917
    3538   -8.014917
    3539   -7.878182
    3540   -7.878182
    3541   -7.719474
    3542   -7.719474
    3543   -7.537103
    3544   -7.537103
    3545   -7.339063
    3546   -7.339063
    3547   -7.120613
    3548   -7.120613
    3549   -6.863753
    3550   -6.863753
    3551   -6.558688
    3552   -6.558688
    3553   -6.203989
    3554   -6.203989
    3555   -5.788640
    3556   -5.788640
    3557   -5.295312
    3558   -5.295312
    3559   -4.714481
    3560   -4.714481
    3561   -4.077993
    3562   -4.077993
    3563   -3.553144
    3564   -3.553144
    3565  -15.967233
    3566  -15.967233
    3567  -16.209394
    3568  -16.209394
    3569  -16.493981
    3570  -16.493981
    3571  -16.691506
    3572  -16.691506
    3573  -16.846847
    3574  -16.846847
    3575  -16.975023
    3576  -16.975023
    3577  -17.086377
    3578  -17.086377
    3579  -17.190152
    3580  -17.190152
    3581  -17.286931
    3582  -17.286931
    3583  -17.369789
    3584  -17.369789
    3585  -17.436892
    3586  -17.436892
    3587  -17.493160
    3588  -17.493160
    3589  -17.541031
    3590  -17.541031
    3591  -17.579425
    3592  -17.579425
    3593  -17.608290
    3594  -17.608290
    3595  -17.629120
    3596  -17.629120
    3597  -17.643700
    3598  -17.643700
    3599  -17.653749
    3600  -17.653749
    3601  -17.659419
    3602  -17.659419
    3603  -17.659913
    3604  -17.659913
    3605  -17.656213
    3606  -17.656213
    3607  -17.650255
    3608  -17.650255
    3609  -17.641919
    3610  -17.641919
    3611  -17.630009
    3612  -17.630009
    3613  -17.615104
    3614  -17.615104
    3615  -17.599352
    3616  -17.599352
    3617  -17.582557
    3618  -17.582557
    3619  -17.562036
    3620  -17.562036
    3621  -17.537967
    3622  -17.537967
    3623  -17.513197
    3624  -17.513197
    3625  -17.487791
    3626  -17.487791
    3627  -17.459225
    3628  -17.459225
    3629  -17.427943
    3630  -17.427943
    3631  -17.397238
    3632  -17.397238
    3633  -17.367057
    3634  -17.367057
    3635  -17.334286
    3636  -17.334286
    3637  -17.298765
    3638  -17.298765
    3639  -17.262935
    3640  -17.262935
    3641  -17.226215
    3642  -17.226215
    3643  -17.185708
    3644  -17.185708
    3645  -17.141759
    3646  -17.141759
    3647  -17.097237
    3648  -17.097237
    3649  -17.051615
    3650  -17.051615
    3651  -17.001044
    3652  -17.001044
    3653  -16.946217
    3654  -16.946217
    3655  -16.892641
    3656  -16.892641
    3657  -16.841168
    3658  -16.841168
    3659  -16.788190
    3660  -16.788190
    3661  -16.732962
    3662  -16.732962
    3663  -16.677108
    3664  -16.677108
    3665  -16.619600
    3666  -16.619600
    3667  -16.556484
    3668  -16.556484
    3669  -16.487914
    3670  -16.487914
    3671  -16.418963
    3672  -16.418963
    3673  -16.349612
    3674  -16.349612
    3675  -16.274165
    3676  -16.274165
    3677  -16.192633
    3678  -16.192633
    3679  -16.111414
    3680  -16.111414
    3681  -16.030821
    3682  -16.030821
    3683  -15.954244
    3684  -15.954244
    3685  -15.902183
    3686  -15.902183
    3687  -15.883703
    3688  -15.883703
    3689  -15.881730
    3690  -15.881730
    3691  -15.875433
    3692  -15.875433
    3693  -15.858736
    3694  -15.858736
    3695  -15.839594
    3696  -15.839594
    3697  -15.819197
    3698  -15.819197
    3699  -15.788771
    3700  -15.788771
    3701  -15.748184
    3702  -15.748184
    3703  -15.706288
    3704  -15.706288
    3705  -15.662452
    3706  -15.662452
    3707  -15.606706
    3708  -15.606706
    3709  -15.539942
    3710  -15.539942
    3711  -15.473149
    3712  -15.473149
    3713  -15.403794
    3714  -15.403794
    3715  -15.316400
    3716  -15.316400
    3717  -15.211591
    3718  -15.211591
    3719  -15.105880
    3720  -15.105880
    3721  -14.998716
    3722  -14.998716
    3723  -14.871590
    3724  -14.871590
    3725  -14.723229
    3726  -14.723229
    3727  -14.570647
    3728  -14.570647
    3729  -14.412065
    3730  -14.412065
    3731  -14.225758
    3732  -14.225758
    3733  -14.010696
    3734  -14.010696
    3735  -13.787620
    3736  -13.787620
    3737  -13.551852
    3738  -13.551852
    3739  -13.272129
    3740  -13.272129
    3741  -12.945534
    3742  -12.945534
    3743  -12.596946
    3744  -12.596946
    3745  -12.218863
    3746  -12.218863
    3747  -11.769095
    3748  -11.769095
    3749  -11.230475
    3750  -11.230475
    3751  -10.611616
    3752  -10.611616
    3753   -9.895441
    3754   -9.895441
    3755   -9.039107
    3756   -9.039107
    3757   -8.019501
    3758   -8.019501
    3759   -6.899415
    3760   -6.899415
    3761   -5.974175
    3762   -5.974175
    3763  -26.067548
    3764  -26.067548
    3765  -26.499079
    3766  -26.499079
    3767  -27.000720
    3768  -27.000720
    3769  -27.327184
    3770  -27.327184
    3771  -27.580220
    3772  -27.580220
    3773  -27.789715
    3774  -27.789715
    3775  -27.974635
    3776  -27.974635
    3777  -28.148024
    3778  -28.148024
    3779  -28.310119
    3780  -28.310119
    3781  -28.447998
    3782  -28.447998
    3783  -28.558508
    3784  -28.558508
    3785  -28.651608
    3786  -28.651608
    3787  -28.731496
    3788  -28.731496
    3789  -28.795278
    3790  -28.795278
    3791  -28.842766
    3792  -28.842766
    3793  -28.876723
    3794  -28.876723
    3795  -28.900281
    3796  -28.900281
    3797  -28.916762
    3798  -28.916762
    3799  -28.926257
    3800  -28.926257
    3801  -28.926816
    3802  -28.926816
    3803  -28.920223
    3804  -28.920223
    3805  -28.910206
    3806  -28.910206
    3807  -28.896313
    3808  -28.896313
    3809  -28.876121
    3810  -28.876121
    3811  -28.850686
    3812  -28.850686
    3813  -28.824511
    3814  -28.824511
    3815  -28.797327
    3816  -28.797327
    3817  -28.763287
    3818  -28.763287
    3819  -28.722684
    3820  -28.722684
    3821  -28.681598
    3822  -28.681598
    3823  -28.640084
    3824  -28.640084
    3825  -28.592555
    3826  -28.592555
    3827  -28.539803
    3828  -28.539803
    3829  -28.488869
    3830  -28.488869
    3831  -28.439626
    3832  -28.439626
    3833  -28.385498
    3834  -28.385498
    3835  -28.326291
    3836  -28.326291
    3837  -28.267293
    3838  -28.267293
    3839  -28.207314
    3840  -28.207314
    3841  -28.140287
    3842  -28.140287
    3843  -28.067019
    3844  -28.067019
    3845  -27.993550
    3846  -27.993550
    3847  -27.918895
    3848  -27.918895
    3849  -27.834867
    3850  -27.834867
    3851  -27.742574
    3852  -27.742574
    3853  -27.653591
    3854  -27.653591
    3855  -27.569485
    3856  -27.569485
    3857  -27.482296
    3858  -27.482296
    3859  -27.390735
    3860  -27.390735
    3861  -27.298816
    3862  -27.298816
    3863  -27.204672
    3864  -27.204672
    3865  -27.099771
    3866  -27.099771
    3867  -26.984484
    3868  -26.984484
    3869  -26.869963
    3870  -26.869963
    3871  -26.756289
    3872  -26.756289
    3873  -26.631332
    3874  -26.631332
    3875  -26.494989
    3876  -26.494989
    3877  -26.360007
    3878  -26.360007
    3879  -26.225720
    3880  -26.225720
    3881  -26.096095
    3882  -26.096095
    3883  -26.007776
    3884  -26.007776
    3885  -25.978177
    3886  -25.978177
    3887  -25.979441
    3888  -25.979441
    3889  -25.972417
    3890  -25.972417
    3891  -25.943063
    3892  -25.943063
    3893  -25.910461
    3894  -25.910461
    3895  -25.879047
    3896  -25.879047
    3897  -25.829217
    3898  -25.829217
    3899  -25.760293
    3900  -25.760293
    3901  -25.691517
    3902  -25.691517
    3903  -25.621849
    3904  -25.621849
    3905  -25.530042
    3906  -25.530042
    3907  -25.418079
    3908  -25.418079
    3909  -25.309300
    3910  -25.309300
    3911  -25.199027
    3912  -25.199027
    3913  -25.055262
    3914  -25.055262
    3915  -24.879148
    3916  -24.879148
    3917  -24.705416
    3918  -24.705416
    3919  -24.533225
    3920  -24.533225
    3921  -24.323609
    3922  -24.323609
    3923  -24.074250
    3924  -24.074250
    3925  -23.822247
    3926  -23.822247
    3927  -23.565324
    3928  -23.565324
    3929  -23.258275
    3930  -23.258275
    3931  -22.898841
    3932  -22.898841
    3933  -22.532440
    3934  -22.532440
    3935  -22.151584
    3936  -22.151584
    3937  -21.691615
    3938  -21.691615
    3939  -21.147878
    3940  -21.147878
    3941  -20.575503
    3942  -20.575503
    3943  -19.962969
    3944  -19.962969
    3945  -19.226774
    3946  -19.226774
    3947  -18.338263
    3948  -18.338263
    3949  -17.324469
    3950  -17.324469
    3951  -16.158952
    3952  -16.158952
    3953  -14.756763
    3954  -14.756763
    3955  -13.063524
    3956  -13.063524
    3957  -11.169218
    3958  -11.169218
    3959   -9.583453
    3960   -9.583453
