       1   -0.029587
       2   -0.029587
       3   -0.028760
       4   -0.028760
       5   -0.027557
       6   -0.027557
       7   -0.026058
       8   -0.026058
       9   -0.024270
      10   -0.024270
      11   -0.023181
      12   -0.023181
      13   -0.023028
      14   -0.023028
      15   -0.023286
      16   -0.023286
      17   -0.023613
      18   -0.023613
      19   -0.023725
      20   -0.023725
      21   -0.023619
      22   -0.023619
      23   -0.023437
      24   -0.023437
      25   -0.023255
      26   -0.023255
      27   -0.023123
      28   -0.023123
      29   -0.023060
      30   -0.023060
      31   -0.023038
      32   -0.023038
      33   -0.023011
      34   -0.023011
      35   -0.022979
      36   -0.022979
      37   -0.022967
      38   -0.022967
      39   -0.022973
      40   -0.022973
      41   -0.022982
      42   -0.022982
      43   -0.022995
      44   -0.022995
      45   -0.023006
      46   -0.023006
      47   -0.022979
      48   -0.022979
      49   -0.022913
      50   -0.022913
      51   -0.022847
      52   -0.022847
      53   -0.022799
      54   -0.022799
      55   -0.022757
      56   -0.022757
      57   -0.022700
      58   -0.022700
      59   -0.022631
      60   -0.022631
      61   -0.022572
      62   -0.022572
      63   -0.022526
      64   -0.022526
      65   -0.022484
      66   -0.022484
      67   -0.022445
      68   -0.022445
      69   -0.022399
      70   -0.022399
      71   -0.022334
      72   -0.022334
      73   -0.022258
      74   -0.022258
      75   -0.022180
      76   -0.022180
      77   -0.022093
      78   -0.022093
      79   -0.021998
      80   -0.021998
      81   -0.021888
      82   -0.021888
      83   -0.021767
      84   -0.021767
      85   -0.021646
      86   -0.021646
      87   -0.021530
      88   -0.021530
      89   -0.021428
      90   -0.021428
      91   -0.021328
      92   -0.021328
      93   -0.021212
      94   -0.021212
      95   -0.021088
      96   -0.021088
      97   -0.020943
      98   -0.020943
      99   -0.020756
     100   -0.020756
     101   -0.020541
     102   -0.020541
     103   -0.020329
     104   -0.020329
     105   -0.020148
     106   -0.020148
     107   -0.019984
     108   -0.019984
     109   -0.019759
     110   -0.019759
     111   -0.019439
     112   -0.019439
     113   -0.019057
     114   -0.019057
     115   -0.018684
     116   -0.018684
     117   -0.018338
     118   -0.018338
     119   -0.018165
     120   -0.018165
     121   -0.018291
     122   -0.018291
     123   -0.018548
     124   -0.018548
     125   -0.018804
     126   -0.018804
     127   -0.019011
     128   -0.019011
     129   -0.019167
     130   -0.019167
     131   -0.019278
     132   -0.019278
     133   -0.019309
     134   -0.019309
     135   -0.019291
     136   -0.019291
     137   -0.019279
     138   -0.019279
     139   -0.019249
     140   -0.019249
     141   -0.019175
     142   -0.019175
     143   -0.019070
     144   -0.019070
     145   -0.018939
     146   -0.018939
     147   -0.018812
     148   -0.018812
     149   -0.018661
     150   -0.018661
     151   -0.018404
     152   -0.018404
     153   -0.018103
     154   -0.018103
     155   -0.017869
     156   -0.017869
     157   -0.017643
     158   -0.017643
     159   -0.017360
     160   -0.017360
     161   -0.017061
     162   -0.017061
     163   -0.016741
     164   -0.016741
     165   -0.016291
     166   -0.016291
     167   -0.015672
     168   -0.015672
     169   -0.014961
     170   -0.014961
     171   -0.014142
     172   -0.014142
     173   -0.013040
     174   -0.013040
     175   -0.011567
     176   -0.011567
     177   -0.009921
     178   -0.009921
     179   -0.008343
     180   -0.008343
     181   -0.006783
     182   -0.006783
     183   -0.005117
     184   -0.005117
     185   -0.003246
     186   -0.003246
     187   -0.001169
     188   -0.001169
     189    0.001182
     190    0.001182
     191    0.003428
     192    0.003428
     193    0.006682
     194    0.006682
     195    0.013257
     196    0.013257
     197    0.020022
     198    0.020022
     199   -0.084131
     200   -0.084131
     201   -0.082145
     202   -0.082145
     203   -0.079326
     204   -0.079326
     205   -0.075832
     206   -0.075832
     207   -0.071669
     208   -0.071669
     209   -0.069197
     210   -0.069197
     211   -0.068912
     212   -0.068912
     213   -0.069490
     214   -0.069490
     215   -0.070123
     216   -0.070123
     217   -0.070197
     218   -0.070197
     219   -0.069747
     220   -0.069747
     221   -0.069144
     222   -0.069144
     223   -0.068575
     224   -0.068575
     225   -0.068173
     226   -0.068173
     227   -0.067983
     228   -0.067983
     229   -0.067913
     230   -0.067913
     231   -0.067838
     232   -0.067838
     233   -0.067753
     234   -0.067753
     235   -0.067715
     236   -0.067715
     237   -0.067724
     238   -0.067724
     239   -0.067738
     240   -0.067738
     241   -0.067759
     242   -0.067759
     243   -0.067773
     244   -0.067773
     245   -0.067700
     246   -0.067700
     247   -0.067533
     248   -0.067533
     249   -0.067361
     250   -0.067361
     251   -0.067227
     252   -0.067227
     253   -0.067101
     254   -0.067101
     255   -0.066939
     256   -0.066939
     257   -0.066754
     258   -0.066754
     259   -0.066598
     260   -0.066598
     261   -0.066470
     262   -0.066470
     263   -0.066345
     264   -0.066345
     265   -0.066225
     266   -0.066225
     267   -0.066090
     268   -0.066090
     269   -0.065911
     270   -0.065911
     271   -0.065704
     272   -0.065704
     273   -0.065490
     274   -0.065490
     275   -0.065253
     276   -0.065253
     277   -0.064973
     278   -0.064973
     279   -0.064643
     280   -0.064643
     281   -0.064297
     282   -0.064297
     283   -0.063965
     284   -0.063965
     285   -0.063634
     286   -0.063634
     287   -0.063324
     288   -0.063324
     289   -0.063031
     290   -0.063031
     291   -0.062714
     292   -0.062714
     293   -0.062348
     294   -0.062348
     295   -0.061902
     296   -0.061902
     297   -0.061368
     298   -0.061368
     299   -0.060814
     300   -0.060814
     301   -0.060284
     302   -0.060284
     303   -0.059793
     304   -0.059793
     305   -0.059290
     306   -0.059290
     307   -0.058649
     308   -0.058649
     309   -0.057804
     310   -0.057804
     311   -0.056835
     312   -0.056835
     313   -0.055863
     314   -0.055863
     315   -0.054879
     316   -0.054879
     317   -0.054314
     318   -0.054314
     319   -0.054586
     320   -0.054586
     321   -0.055300
     322   -0.055300
     323   -0.056028
     324   -0.056028
     325   -0.056595
     326   -0.056595
     327   -0.057003
     328   -0.057003
     329   -0.057311
     330   -0.057311
     331   -0.057490
     332   -0.057490
     333   -0.057527
     334   -0.057527
     335   -0.057466
     336   -0.057466
     337   -0.057397
     338   -0.057397
     339   -0.057296
     340   -0.057296
     341   -0.057032
     342   -0.057032
     343   -0.056610
     344   -0.056610
     345   -0.056239
     346   -0.056239
     347   -0.055855
     348   -0.055855
     349   -0.055143
     350   -0.055143
     351   -0.054253
     352   -0.054253
     353   -0.053599
     354   -0.053599
     355   -0.053047
     356   -0.053047
     357   -0.052256
     358   -0.052256
     359   -0.051288
     360   -0.051288
     361   -0.050315
     362   -0.050315
     363   -0.049145
     364   -0.049145
     365   -0.047507
     366   -0.047507
     367   -0.045490
     368   -0.045490
     369   -0.043218
     370   -0.043218
     371   -0.040311
     372   -0.040311
     373   -0.036320
     374   -0.036320
     375   -0.031706
     376   -0.031706
     377   -0.027392
     378   -0.027392
     379   -0.023378
     380   -0.023378
     381   -0.019182
     382   -0.019182
     383   -0.014494
     384   -0.014494
     385   -0.009394
     386   -0.009394
     387   -0.003765
     388   -0.003765
     389    0.001696
     390    0.001696
     391    0.008937
     392    0.008937
     393    0.021837
     394    0.021837
     395    0.034283
     396    0.034283
     397   -0.130858
     398   -0.130858
     399   -0.128399
     400   -0.128399
     401   -0.125170
     402   -0.125170
     403   -0.121909
     404   -0.121909
     405   -0.118470
     406   -0.118470
     407   -0.116614
     408   -0.116614
     409   -0.116613
     410   -0.116613
     411   -0.117023
     412   -0.117023
     413   -0.117066
     414   -0.117066
     415   -0.116443
     416   -0.116443
     417   -0.115340
     418   -0.115340
     419   -0.114172
     420   -0.114172
     421   -0.113155
     422   -0.113155
     423   -0.112483
     424   -0.112483
     425   -0.112190
     426   -0.112190
     427   -0.112073
     428   -0.112073
     429   -0.111959
     430   -0.111959
     431   -0.111840
     432   -0.111840
     433   -0.111779
     434   -0.111779
     435   -0.111767
     436   -0.111767
     437   -0.111752
     438   -0.111752
     439   -0.111736
     440   -0.111736
     441   -0.111708
     442   -0.111708
     443   -0.111593
     444   -0.111593
     445   -0.111381
     446   -0.111381
     447   -0.111159
     448   -0.111159
     449   -0.110973
     450   -0.110973
     451   -0.110775
     452   -0.110775
     453   -0.110524
     454   -0.110524
     455   -0.110265
     456   -0.110265
     457   -0.110053
     458   -0.110053
     459   -0.109856
     460   -0.109856
     461   -0.109638
     462   -0.109638
     463   -0.109428
     464   -0.109428
     465   -0.109218
     466   -0.109218
     467   -0.108951
     468   -0.108951
     469   -0.108629
     470   -0.108629
     471   -0.108309
     472   -0.108309
     473   -0.107973
     474   -0.107973
     475   -0.107511
     476   -0.107511
     477   -0.106927
     478   -0.106927
     479   -0.106392
     480   -0.106392
     481   -0.105933
     482   -0.105933
     483   -0.105411
     484   -0.105411
     485   -0.104839
     486   -0.104839
     487   -0.104342
     488   -0.104342
     489   -0.103876
     490   -0.103876
     491   -0.103276
     492   -0.103276
     493   -0.102506
     494   -0.102506
     495   -0.101708
     496   -0.101708
     497   -0.100993
     498   -0.100993
     499   -0.100277
     500   -0.100277
     501   -0.099481
     502   -0.099481
     503   -0.098644
     504   -0.098644
     505   -0.097719
     506   -0.097719
     507   -0.096590
     508   -0.096590
     509   -0.095314
     510   -0.095314
     511   -0.093986
     512   -0.093986
     513   -0.092557
     514   -0.092557
     515   -0.091534
     516   -0.091534
     517   -0.091607
     518   -0.091607
     519   -0.092563
     520   -0.092563
     521   -0.093693
     522   -0.093693
     523   -0.094467
     524   -0.094467
     525   -0.094912
     526   -0.094912
     527   -0.095391
     528   -0.095391
     529   -0.095924
     530   -0.095924
     531   -0.096092
     532   -0.096092
     533   -0.095864
     534   -0.095864
     535   -0.095809
     536   -0.095809
     537   -0.095946
     538   -0.095946
     539   -0.095597
     540   -0.095597
     541   -0.094750
     542   -0.094750
     543   -0.094161
     544   -0.094161
     545   -0.093762
     546   -0.093762
     547   -0.092685
     548   -0.092685
     549   -0.091107
     550   -0.091107
     551   -0.090090
     552   -0.090090
     553   -0.089494
     554   -0.089494
     555   -0.088214
     556   -0.088214
     557   -0.086262
     558   -0.086262
     559   -0.084581
     560   -0.084581
     561   -0.083095
     562   -0.083095
     563   -0.080778
     564   -0.080778
     565   -0.077548
     566   -0.077548
     567   -0.074220
     568   -0.074220
     569   -0.070374
     570   -0.070374
     571   -0.064593
     572   -0.064593
     573   -0.057460
     574   -0.057460
     575   -0.051255
     576   -0.051255
     577   -0.046253
     578   -0.046253
     579   -0.041115
     580   -0.041115
     581   -0.035322
     582   -0.035322
     583   -0.029144
     584   -0.029144
     585   -0.022228
     586   -0.022228
     587   -0.013914
     588   -0.013914
     589   -0.003761
     590   -0.003761
     591    0.007725
     592    0.007725
     593    0.016520
     594    0.016520
     595   -0.174031
     596   -0.174031
     597   -0.171197
     598   -0.171197
     599   -0.167743
     600   -0.167743
     601   -0.165543
     602   -0.165543
     603   -0.164206
     604   -0.164206
     605   -0.163713
     606   -0.163713
     607   -0.163933
     608   -0.163933
     609   -0.163779
     610   -0.163779
     611   -0.162757
     612   -0.162757
     613   -0.161209
     614   -0.161209
     615   -0.159497
     616   -0.159497
     617   -0.157947
     618   -0.157947
     619   -0.156715
     620   -0.156715
     621   -0.155957
     622   -0.155957
     623   -0.155659
     624   -0.155659
     625   -0.155541
     626   -0.155541
     627   -0.155412
     628   -0.155412
     629   -0.155277
     630   -0.155277
     631   -0.155202
     632   -0.155202
     633   -0.155163
     634   -0.155163
     635   -0.155084
     636   -0.155084
     637   -0.154975
     638   -0.154975
     639   -0.154872
     640   -0.154872
     641   -0.154721
     642   -0.154721
     643   -0.154487
     644   -0.154487
     645   -0.154244
     646   -0.154244
     647   -0.154038
     648   -0.154038
     649   -0.153798
     650   -0.153798
     651   -0.153478
     652   -0.153478
     653   -0.153155
     654   -0.153155
     655   -0.152905
     656   -0.152905
     657   -0.152654
     658   -0.152654
     659   -0.152337
     660   -0.152337
     661   -0.152026
     662   -0.152026
     663   -0.151756
     664   -0.151756
     665   -0.151421
     666   -0.151421
     667   -0.150982
     668   -0.150982
     669   -0.150558
     670   -0.150558
     671   -0.150152
     672   -0.150152
     673   -0.149540
     674   -0.149540
     675   -0.148724
     676   -0.148724
     677   -0.148031
     678   -0.148031
     679   -0.147506
     680   -0.147506
     681   -0.146832
     682   -0.146832
     683   -0.145976
     684   -0.145976
     685   -0.145235
     686   -0.145235
     687   -0.144615
     688   -0.144615
     689   -0.143813
     690   -0.143813
     691   -0.142784
     692   -0.142784
     693   -0.141826
     694   -0.141826
     695   -0.141034
     696   -0.141034
     697   -0.140125
     698   -0.140125
     699   -0.138992
     700   -0.138992
     701   -0.137884
     702   -0.137884
     703   -0.136820
     704   -0.136820
     705   -0.135528
     706   -0.135528
     707   -0.134002
     708   -0.134002
     709   -0.132416
     710   -0.132416
     711   -0.130809
     712   -0.130809
     713   -0.129473
     714   -0.129473
     715   -0.129139
     716   -0.129139
     717   -0.130058
     718   -0.130058
     719   -0.131440
     720   -0.131440
     721   -0.132314
     722   -0.132314
     723   -0.132699
     724   -0.132699
     725   -0.133354
     726   -0.133354
     727   -0.134246
     728   -0.134246
     729   -0.134455
     730   -0.134455
     731   -0.134015
     732   -0.134015
     733   -0.134013
     734   -0.134013
     735   -0.134419
     736   -0.134419
     737   -0.133982
     738   -0.133982
     739   -0.132714
     740   -0.132714
     741   -0.131953
     742   -0.131953
     743   -0.131630
     744   -0.131630
     745   -0.130278
     746   -0.130278
     747   -0.128047
     748   -0.128047
     749   -0.126656
     750   -0.126656
     751   -0.126017
     752   -0.126017
     753   -0.124228
     754   -0.124228
     755   -0.121251
     756   -0.121251
     757   -0.118911
     758   -0.118911
     759   -0.117253
     760   -0.117253
     761   -0.114416
     762   -0.114416
     763   -0.110172
     764   -0.110172
     765   -0.106165
     766   -0.106165
     767   -0.101928
     768   -0.101928
     769   -0.094987
     770   -0.094987
     771   -0.086040
     772   -0.086040
     773   -0.078778
     774   -0.078778
     775   -0.073748
     776   -0.073748
     777   -0.068623
     778   -0.068623
     779   -0.062890
     780   -0.062890
     781   -0.056901
     782   -0.056901
     783   -0.049562
     784   -0.049562
     785   -0.038013
     786   -0.038013
     787   -0.023725
     788   -0.023725
     789   -0.012950
     790   -0.012950
     791   -0.006853
     792   -0.006853
     793   -0.218376
     794   -0.218376
     795   -0.215086
     796   -0.215086
     797   -0.210878
     798   -0.210878
     799   -0.208017
     800   -0.208017
     801   -0.206153
     802   -0.206153
     803   -0.205051
     804   -0.205051
     805   -0.204580
     806   -0.204580
     807   -0.203766
     808   -0.203766
     809   -0.202229
     810   -0.202229
     811   -0.200480
     812   -0.200480
     813   -0.198912
     814   -0.198912
     815   -0.197801
     816   -0.197801
     817   -0.197156
     818   -0.197156
     819   -0.196811
     820   -0.196811
     821   -0.196657
     822   -0.196657
     823   -0.196572
     824   -0.196572
     825   -0.196465
     826   -0.196465
     827   -0.196342
     828   -0.196342
     829   -0.196249
     830   -0.196249
     831   -0.196160
     832   -0.196160
     833   -0.196008
     834   -0.196008
     835   -0.195805
     836   -0.195805
     837   -0.195617
     838   -0.195617
     839   -0.195419
     840   -0.195419
     841   -0.195166
     842   -0.195166
     843   -0.194904
     844   -0.194904
     845   -0.194664
     846   -0.194664
     847   -0.194376
     848   -0.194376
     849   -0.194002
     850   -0.194002
     851   -0.193625
     852   -0.193625
     853   -0.193313
     854   -0.193313
     855   -0.192989
     856   -0.192989
     857   -0.192589
     858   -0.192589
     859   -0.192189
     860   -0.192189
     861   -0.191836
     862   -0.191836
     863   -0.191425
     864   -0.191425
     865   -0.190899
     866   -0.190899
     867   -0.190380
     868   -0.190380
     869   -0.189880
     870   -0.189880
     871   -0.189192
     872   -0.189192
     873   -0.188310
     874   -0.188310
     875   -0.187528
     876   -0.187528
     877   -0.186899
     878   -0.186899
     879   -0.186106
     880   -0.186106
     881   -0.185085
     882   -0.185085
     883   -0.184140
     884   -0.184140
     885   -0.183321
     886   -0.183321
     887   -0.182352
     888   -0.182352
     889   -0.181203
     890   -0.181203
     891   -0.180153
     892   -0.180153
     893   -0.179224
     894   -0.179224
     895   -0.178088
     896   -0.178088
     897   -0.176705
     898   -0.176705
     899   -0.175393
     900   -0.175393
     901   -0.174139
     902   -0.174139
     903   -0.172595
     904   -0.172595
     905   -0.170736
     906   -0.170736
     907   -0.168867
     908   -0.168867
     909   -0.167151
     910   -0.167151
     911   -0.165753
     912   -0.165753
     913   -0.165270
     914   -0.165270
     915   -0.166054
     916   -0.166054
     917   -0.167412
     918   -0.167412
     919   -0.168392
     920   -0.168392
     921   -0.168961
     922   -0.168961
     923   -0.169747
     924   -0.169747
     925   -0.170623
     926   -0.170623
     927   -0.170752
     928   -0.170752
     929   -0.170308
     930   -0.170308
     931   -0.170297
     932   -0.170297
     933   -0.170571
     934   -0.170571
     935   -0.170015
     936   -0.170015
     937   -0.168710
     938   -0.168710
     939   -0.167825
     940   -0.167825
     941   -0.167270
     942   -0.167270
     943   -0.165767
     944   -0.165767
     945   -0.163422
     946   -0.163422
     947   -0.161684
     948   -0.161684
     949   -0.160519
     950   -0.160519
     951   -0.158300
     952   -0.158300
     953   -0.154975
     954   -0.154975
     955   -0.152185
     956   -0.152185
     957   -0.149973
     958   -0.149973
     959   -0.146609
     960   -0.146609
     961   -0.141888
     962   -0.141888
     963   -0.137348
     964   -0.137348
     965   -0.132524
     966   -0.132524
     967   -0.125057
     968   -0.125057
     969   -0.115632
     970   -0.115632
     971   -0.107795
     972   -0.107795
     973   -0.102101
     974   -0.102101
     975   -0.096305
     976   -0.096305
     977   -0.090674
     978   -0.090674
     979   -0.085145
     980   -0.085145
     981   -0.077196
     982   -0.077196
     983   -0.064276
     984   -0.064276
     985   -0.048394
     986   -0.048394
     987   -0.036136
     988   -0.036136
     989   -0.028719
     990   -0.028719
     991   -0.266690
     992   -0.266690
     993   -0.263374
     994   -0.263374
     995   -0.258719
     996   -0.258719
     997   -0.254256
     998   -0.254256
     999   -0.249942
    1000   -0.249942
    1001   -0.246894
    1002   -0.246894
    1003   -0.245278
    1004   -0.245278
    1005   -0.243884
    1006   -0.243884
    1007   -0.242331
    1008   -0.242331
    1009   -0.240986
    1010   -0.240986
    1011   -0.240119
    1012   -0.240119
    1013   -0.239914
    1014   -0.239914
    1015   -0.240225
    1016   -0.240225
    1017   -0.240500
    1018   -0.240500
    1019   -0.240509
    1020   -0.240509
    1021   -0.240389
    1022   -0.240389
    1023   -0.240256
    1024   -0.240256
    1025   -0.240136
    1026   -0.240136
    1027   -0.239976
    1028   -0.239976
    1029   -0.239760
    1030   -0.239760
    1031   -0.239528
    1032   -0.239528
    1033   -0.239298
    1034   -0.239298
    1035   -0.239045
    1036   -0.239045
    1037   -0.238765
    1038   -0.238765
    1039   -0.238491
    1040   -0.238491
    1041   -0.238228
    1042   -0.238228
    1043   -0.237917
    1044   -0.237917
    1045   -0.237522
    1046   -0.237522
    1047   -0.237096
    1048   -0.237096
    1049   -0.236698
    1050   -0.236698
    1051   -0.236294
    1052   -0.236294
    1053   -0.235830
    1054   -0.235830
    1055   -0.235343
    1056   -0.235343
    1057   -0.234882
    1058   -0.234882
    1059   -0.234414
    1060   -0.234414
    1061   -0.233871
    1062   -0.233871
    1063   -0.233277
    1064   -0.233277
    1065   -0.232697
    1066   -0.232697
    1067   -0.232079
    1068   -0.232079
    1069   -0.231327
    1070   -0.231327
    1071   -0.230495
    1072   -0.230495
    1073   -0.229698
    1074   -0.229698
    1075   -0.228907
    1076   -0.228907
    1077   -0.227970
    1078   -0.227970
    1079   -0.226899
    1080   -0.226899
    1081   -0.225871
    1082   -0.225871
    1083   -0.224869
    1084   -0.224869
    1085   -0.223735
    1086   -0.223735
    1087   -0.222521
    1088   -0.222521
    1089   -0.221386
    1090   -0.221386
    1091   -0.220250
    1092   -0.220250
    1093   -0.218889
    1094   -0.218889
    1095   -0.217349
    1096   -0.217349
    1097   -0.215812
    1098   -0.215812
    1099   -0.214206
    1100   -0.214206
    1101   -0.212303
    1102   -0.212303
    1103   -0.210115
    1104   -0.210115
    1105   -0.207917
    1106   -0.207917
    1107   -0.205910
    1108   -0.205910
    1109   -0.204380
    1110   -0.204380
    1111   -0.203869
    1112   -0.203869
    1113   -0.204494
    1114   -0.204494
    1115   -0.205618
    1116   -0.205618
    1117   -0.206611
    1118   -0.206611
    1119   -0.207390
    1120   -0.207390
    1121   -0.208102
    1122   -0.208102
    1123   -0.208629
    1124   -0.208629
    1125   -0.208674
    1126   -0.208674
    1127   -0.208403
    1128   -0.208403
    1129   -0.208262
    1130   -0.208262
    1131   -0.208101
    1132   -0.208101
    1133   -0.207425
    1134   -0.207425
    1135   -0.206337
    1136   -0.206337
    1137   -0.205329
    1138   -0.205329
    1139   -0.204302
    1140   -0.204302
    1141   -0.202720
    1142   -0.202720
    1143   -0.200643
    1144   -0.200643
    1145   -0.198640
    1146   -0.198640
    1147   -0.196675
    1148   -0.196675
    1149   -0.194084
    1150   -0.194084
    1151   -0.190852
    1152   -0.190852
    1153   -0.187719
    1154   -0.187719
    1155   -0.184640
    1156   -0.184640
    1157   -0.180673
    1158   -0.180673
    1159   -0.175715
    1160   -0.175715
    1161   -0.170554
    1162   -0.170554
    1163   -0.164863
    1164   -0.164863
    1165   -0.157280
    1166   -0.157280
    1167   -0.148257
    1168   -0.148257
    1169   -0.139898
    1170   -0.139898
    1171   -0.132542
    1172   -0.132542
    1173   -0.124854
    1174   -0.124854
    1175   -0.118111
    1176   -0.118111
    1177   -0.111729
    1178   -0.111729
    1179   -0.102027
    1180   -0.102027
    1181   -0.088909
    1182   -0.088909
    1183   -0.073747
    1184   -0.073747
    1185   -0.059182
    1186   -0.059182
    1187   -0.048630
    1188   -0.048630
    1189   -0.320612
    1190   -0.320612
    1191   -0.317960
    1192   -0.317960
    1193   -0.314158
    1194   -0.314158
    1195   -0.310109
    1196   -0.310109
    1197   -0.305887
    1198   -0.305887
    1199   -0.302796
    1200   -0.302796
    1201   -0.300943
    1202   -0.300943
    1203   -0.299177
    1204   -0.299177
    1205   -0.297359
    1206   -0.297359
    1207   -0.296135
    1208   -0.296135
    1209   -0.295683
    1210   -0.295683
    1211   -0.295784
    1212   -0.295784
    1213   -0.296183
    1214   -0.296183
    1215   -0.296463
    1216   -0.296463
    1217   -0.296416
    1218   -0.296416
    1219   -0.296160
    1220   -0.296160
    1221   -0.295882
    1222   -0.295882
    1223   -0.295656
    1224   -0.295656
    1225   -0.295385
    1226   -0.295385
    1227   -0.295028
    1228   -0.295028
    1229   -0.294690
    1230   -0.294690
    1231   -0.294424
    1232   -0.294424
    1233   -0.294141
    1234   -0.294141
    1235   -0.293810
    1236   -0.293810
    1237   -0.293506
    1238   -0.293506
    1239   -0.293211
    1240   -0.293211
    1241   -0.292815
    1242   -0.292815
    1243   -0.292317
    1244   -0.292317
    1245   -0.291830
    1246   -0.291830
    1247   -0.291383
    1248   -0.291383
    1249   -0.290866
    1250   -0.290866
    1251   -0.290253
    1252   -0.290253
    1253   -0.289653
    1254   -0.289653
    1255   -0.289105
    1256   -0.289105
    1257   -0.288514
    1258   -0.288514
    1259   -0.287830
    1260   -0.287830
    1261   -0.287141
    1262   -0.287141
    1263   -0.286480
    1264   -0.286480
    1265   -0.285746
    1266   -0.285746
    1267   -0.284897
    1268   -0.284897
    1269   -0.284024
    1270   -0.284024
    1271   -0.283155
    1272   -0.283155
    1273   -0.282198
    1274   -0.282198
    1275   -0.281123
    1276   -0.281123
    1277   -0.280012
    1278   -0.280012
    1279   -0.278915
    1280   -0.278915
    1281   -0.277759
    1282   -0.277759
    1283   -0.276484
    1284   -0.276484
    1285   -0.275185
    1286   -0.275185
    1287   -0.273914
    1288   -0.273914
    1289   -0.272535
    1290   -0.272535
    1291   -0.270946
    1292   -0.270946
    1293   -0.269218
    1294   -0.269218
    1295   -0.267406
    1296   -0.267406
    1297   -0.265439
    1298   -0.265439
    1299   -0.263209
    1300   -0.263209
    1301   -0.260738
    1302   -0.260738
    1303   -0.258203
    1304   -0.258203
    1305   -0.255785
    1306   -0.255785
    1307   -0.253864
    1308   -0.253864
    1309   -0.253043
    1310   -0.253043
    1311   -0.253401
    1312   -0.253401
    1313   -0.254268
    1314   -0.254268
    1315   -0.255031
    1316   -0.255031
    1317   -0.255564
    1318   -0.255564
    1319   -0.255943
    1320   -0.255943
    1321   -0.256152
    1322   -0.256152
    1323   -0.256111
    1324   -0.256111
    1325   -0.255841
    1326   -0.255841
    1327   -0.255476
    1328   -0.255476
    1329   -0.254970
    1330   -0.254970
    1331   -0.254130
    1332   -0.254130
    1333   -0.253020
    1334   -0.253020
    1335   -0.251824
    1336   -0.251824
    1337   -0.250453
    1338   -0.250453
    1339   -0.248702
    1340   -0.248702
    1341   -0.246589
    1342   -0.246589
    1343   -0.244284
    1344   -0.244284
    1345   -0.241731
    1346   -0.241731
    1347   -0.238711
    1348   -0.238711
    1349   -0.235287
    1350   -0.235287
    1351   -0.231768
    1352   -0.231768
    1353   -0.228013
    1354   -0.228013
    1355   -0.223419
    1356   -0.223419
    1357   -0.217956
    1358   -0.217956
    1359   -0.212085
    1360   -0.212085
    1361   -0.205697
    1362   -0.205697
    1363   -0.198166
    1364   -0.198166
    1365   -0.189628
    1366   -0.189628
    1367   -0.180925
    1368   -0.180925
    1369   -0.172354
    1370   -0.172354
    1371   -0.162989
    1372   -0.162989
    1373   -0.153369
    1374   -0.153369
    1375   -0.143571
    1376   -0.143571
    1377   -0.131196
    1378   -0.131196
    1379   -0.116754
    1380   -0.116754
    1381   -0.100471
    1382   -0.100471
    1383   -0.082720
    1384   -0.082720
    1385   -0.068859
    1386   -0.068859
    1387   -0.382915
    1388   -0.382915
    1389   -0.380971
    1390   -0.380971
    1391   -0.378389
    1392   -0.378389
    1393   -0.376276
    1394   -0.376276
    1395   -0.374601
    1396   -0.374601
    1397   -0.373375
    1398   -0.373375
    1399   -0.372319
    1400   -0.372319
    1401   -0.370721
    1402   -0.370721
    1403   -0.368783
    1404   -0.368783
    1405   -0.367603
    1406   -0.367603
    1407   -0.367313
    1408   -0.367313
    1409   -0.367185
    1410   -0.367185
    1411   -0.366944
    1412   -0.366944
    1413   -0.366699
    1414   -0.366699
    1415   -0.366429
    1416   -0.366429
    1417   -0.366046
    1418   -0.366046
    1419   -0.365616
    1420   -0.365616
    1421   -0.365242
    1422   -0.365242
    1423   -0.364890
    1424   -0.364890
    1425   -0.364458
    1426   -0.364458
    1427   -0.363991
    1428   -0.363991
    1429   -0.363604
    1430   -0.363604
    1431   -0.363270
    1432   -0.363270
    1433   -0.362912
    1434   -0.362912
    1435   -0.362540
    1436   -0.362540
    1437   -0.362139
    1438   -0.362139
    1439   -0.361658
    1440   -0.361658
    1441   -0.361113
    1442   -0.361113
    1443   -0.360565
    1444   -0.360565
    1445   -0.360014
    1446   -0.360014
    1447   -0.359387
    1448   -0.359387
    1449   -0.358673
    1450   -0.358673
    1451   -0.357950
    1452   -0.357950
    1453   -0.357265
    1454   -0.357265
    1455   -0.356556
    1456   -0.356556
    1457   -0.355776
    1458   -0.355776
    1459   -0.354968
    1460   -0.354968
    1461   -0.354158
    1462   -0.354158
    1463   -0.353288
    1464   -0.353288
    1465   -0.352315
    1466   -0.352315
    1467   -0.351292
    1468   -0.351292
    1469   -0.350257
    1470   -0.350257
    1471   -0.349167
    1472   -0.349167
    1473   -0.348021
    1474   -0.348021
    1475   -0.346848
    1476   -0.346848
    1477   -0.345609
    1478   -0.345609
    1479   -0.344273
    1480   -0.344273
    1481   -0.342877
    1482   -0.342877
    1483   -0.341456
    1484   -0.341456
    1485   -0.339964
    1486   -0.339964
    1487   -0.338313
    1488   -0.338313
    1489   -0.336482
    1490   -0.336482
    1491   -0.334521
    1492   -0.334521
    1493   -0.332450
    1494   -0.332450
    1495   -0.330224
    1496   -0.330224
    1497   -0.327763
    1498   -0.327763
    1499   -0.325079
    1500   -0.325079
    1501   -0.322295
    1502   -0.322295
    1503   -0.319591
    1504   -0.319591
    1505   -0.317337
    1506   -0.317337
    1507   -0.316188
    1508   -0.316188
    1509   -0.316318
    1510   -0.316318
    1511   -0.317014
    1512   -0.317014
    1513   -0.317467
    1514   -0.317467
    1515   -0.317549
    1516   -0.317549
    1517   -0.317598
    1518   -0.317598
    1519   -0.317647
    1520   -0.317647
    1521   -0.317414
    1522   -0.317414
    1523   -0.316823
    1524   -0.316823
    1525   -0.316128
    1526   -0.316128
    1527   -0.315379
    1528   -0.315379
    1529   -0.314308
    1530   -0.314308
    1531   -0.312917
    1532   -0.312917
    1533   -0.311457
    1534   -0.311457
    1535   -0.309856
    1536   -0.309856
    1537   -0.307817
    1538   -0.307817
    1539   -0.305327
    1540   -0.305327
    1541   -0.302625
    1542   -0.302625
    1543   -0.299652
    1544   -0.299652
    1545   -0.296136
    1546   -0.296136
    1547   -0.292197
    1548   -0.292197
    1549   -0.288182
    1550   -0.288182
    1551   -0.283913
    1552   -0.283913
    1553   -0.278709
    1554   -0.278709
    1555   -0.272549
    1556   -0.272549
    1557   -0.265963
    1558   -0.265963
    1559   -0.259026
    1560   -0.259026
    1561   -0.251406
    1562   -0.251406
    1563   -0.242959
    1564   -0.242959
    1565   -0.233827
    1566   -0.233827
    1567   -0.224571
    1568   -0.224571
    1569   -0.214123
    1570   -0.214123
    1571   -0.200939
    1572   -0.200939
    1573   -0.186412
    1574   -0.186412
    1575   -0.170867
    1576   -0.170867
    1577   -0.153332
    1578   -0.153332
    1579   -0.132921
    1580   -0.132921
    1581   -0.110403
    1582   -0.110403
    1583   -0.092599
    1584   -0.092599
    1585   -0.458064
    1586   -0.458064
    1587   -0.456345
    1588   -0.456345
    1589   -0.454079
    1590   -0.454079
    1591   -0.452515
    1592   -0.452515
    1593   -0.451711
    1594   -0.451711
    1595   -0.451464
    1596   -0.451464
    1597   -0.451483
    1598   -0.451483
    1599   -0.451226
    1600   -0.451226
    1601   -0.450728
    1602   -0.450728
    1603   -0.450612
    1604   -0.450612
    1605   -0.450835
    1606   -0.450835
    1607   -0.450769
    1608   -0.450769
    1609   -0.450311
    1610   -0.450311
    1611   -0.449856
    1612   -0.449856
    1613   -0.449520
    1614   -0.449520
    1615   -0.449150
    1616   -0.449150
    1617   -0.448719
    1618   -0.448719
    1619   -0.448308
    1620   -0.448308
    1621   -0.447926
    1622   -0.447926
    1623   -0.447463
    1624   -0.447463
    1625   -0.446903
    1626   -0.446903
    1627   -0.446369
    1628   -0.446369
    1629   -0.445896
    1630   -0.445896
    1631   -0.445421
    1632   -0.445421
    1633   -0.444909
    1634   -0.444909
    1635   -0.444362
    1636   -0.444362
    1637   -0.443792
    1638   -0.443792
    1639   -0.443206
    1640   -0.443206
    1641   -0.442600
    1642   -0.442600
    1643   -0.441954
    1644   -0.441954
    1645   -0.441241
    1646   -0.441241
    1647   -0.440454
    1648   -0.440454
    1649   -0.439626
    1650   -0.439626
    1651   -0.438795
    1652   -0.438795
    1653   -0.437955
    1654   -0.437955
    1655   -0.437070
    1656   -0.437070
    1657   -0.436129
    1658   -0.436129
    1659   -0.435147
    1660   -0.435147
    1661   -0.434116
    1662   -0.434116
    1663   -0.433003
    1664   -0.433003
    1665   -0.431828
    1666   -0.431828
    1667   -0.430649
    1668   -0.430649
    1669   -0.429467
    1670   -0.429467
    1671   -0.428258
    1672   -0.428258
    1673   -0.426992
    1674   -0.426992
    1675   -0.425608
    1676   -0.425608
    1677   -0.424108
    1678   -0.424108
    1679   -0.422547
    1680   -0.422547
    1681   -0.420913
    1682   -0.420913
    1683   -0.419143
    1684   -0.419143
    1685   -0.417227
    1686   -0.417227
    1687   -0.415181
    1688   -0.415181
    1689   -0.413015
    1690   -0.413015
    1691   -0.410729
    1692   -0.410729
    1693   -0.408281
    1694   -0.408281
    1695   -0.405621
    1696   -0.405621
    1697   -0.402773
    1698   -0.402773
    1699   -0.399831
    1700   -0.399831
    1701   -0.396957
    1702   -0.396957
    1703   -0.394517
    1704   -0.394517
    1705   -0.393180
    1706   -0.393180
    1707   -0.393132
    1708   -0.393132
    1709   -0.393659
    1710   -0.393659
    1711   -0.393943
    1712   -0.393943
    1713   -0.393870
    1714   -0.393870
    1715   -0.393812
    1716   -0.393812
    1717   -0.393765
    1718   -0.393765
    1719   -0.393360
    1720   -0.393360
    1721   -0.392524
    1722   -0.392524
    1723   -0.391578
    1724   -0.391578
    1725   -0.390595
    1726   -0.390595
    1727   -0.389312
    1728   -0.389312
    1729   -0.387699
    1730   -0.387699
    1731   -0.385985
    1732   -0.385985
    1733   -0.384120
    1734   -0.384120
    1735   -0.381807
    1736   -0.381807
    1737   -0.379017
    1738   -0.379017
    1739   -0.375952
    1740   -0.375952
    1741   -0.372567
    1742   -0.372567
    1743   -0.368586
    1744   -0.368586
    1745   -0.364080
    1746   -0.364080
    1747   -0.359400
    1748   -0.359400
    1749   -0.354409
    1750   -0.354409
    1751   -0.348483
    1752   -0.348483
    1753   -0.341600
    1754   -0.341600
    1755   -0.334260
    1756   -0.334260
    1757   -0.326531
    1758   -0.326531
    1759   -0.318052
    1760   -0.318052
    1761   -0.308583
    1762   -0.308583
    1763   -0.298144
    1764   -0.298144
    1765   -0.287265
    1766   -0.287265
    1767   -0.274888
    1768   -0.274888
    1769   -0.258779
    1770   -0.258779
    1771   -0.240288
    1772   -0.240288
    1773   -0.220667
    1774   -0.220667
    1775   -0.198335
    1776   -0.198335
    1777   -0.172069
    1778   -0.172069
    1779   -0.143323
    1780   -0.143323
    1781   -0.120350
    1782   -0.120350
    1783   -0.550224
    1784   -0.550224
    1785   -0.548628
    1786   -0.548628
    1787   -0.546291
    1788   -0.546291
    1789   -0.544031
    1790   -0.544031
    1791   -0.542190
    1792   -0.542190
    1793   -0.541674
    1794   -0.541674
    1795   -0.542578
    1796   -0.542578
    1797   -0.544208
    1798   -0.544208
    1799   -0.546044
    1800   -0.546044
    1801   -0.547560
    1802   -0.547560
    1803   -0.548501
    1804   -0.548501
    1805   -0.548848
    1806   -0.548848
    1807   -0.548749
    1808   -0.548749
    1809   -0.548548
    1810   -0.548548
    1811   -0.548381
    1812   -0.548381
    1813   -0.548174
    1814   -0.548174
    1815   -0.547885
    1816   -0.547885
    1817   -0.547543
    1818   -0.547543
    1819   -0.547166
    1820   -0.547166
    1821   -0.546707
    1822   -0.546707
    1823   -0.546143
    1824   -0.546143
    1825   -0.545526
    1826   -0.545526
    1827   -0.544902
    1828   -0.544902
    1829   -0.544258
    1830   -0.544258
    1831   -0.543572
    1832   -0.543572
    1833   -0.542870
    1834   -0.542870
    1835   -0.542194
    1836   -0.542194
    1837   -0.541538
    1838   -0.541538
    1839   -0.540857
    1840   -0.540857
    1841   -0.540121
    1842   -0.540121
    1843   -0.539329
    1844   -0.539329
    1845   -0.538474
    1846   -0.538474
    1847   -0.537549
    1848   -0.537549
    1849   -0.536573
    1850   -0.536573
    1851   -0.535571
    1852   -0.535571
    1853   -0.534530
    1854   -0.534530
    1855   -0.533428
    1856   -0.533428
    1857   -0.532279
    1858   -0.532279
    1859   -0.531098
    1860   -0.531098
    1861   -0.529868
    1862   -0.529868
    1863   -0.528582
    1864   -0.528582
    1865   -0.527279
    1866   -0.527279
    1867   -0.525976
    1868   -0.525976
    1869   -0.524638
    1870   -0.524638
    1871   -0.523229
    1872   -0.523229
    1873   -0.521718
    1874   -0.521718
    1875   -0.520073
    1876   -0.520073
    1877   -0.518280
    1878   -0.518280
    1879   -0.516335
    1880   -0.516335
    1881   -0.514255
    1882   -0.514255
    1883   -0.512084
    1884   -0.512084
    1885   -0.509822
    1886   -0.509822
    1887   -0.507433
    1888   -0.507433
    1889   -0.504903
    1890   -0.504903
    1891   -0.502199
    1892   -0.502199
    1893   -0.499292
    1894   -0.499292
    1895   -0.496203
    1896   -0.496203
    1897   -0.493019
    1898   -0.493019
    1899   -0.489886
    1900   -0.489886
    1901   -0.487152
    1902   -0.487152
    1903   -0.485487
    1904   -0.485487
    1905   -0.485100
    1906   -0.485100
    1907   -0.485345
    1908   -0.485345
    1909   -0.485525
    1910   -0.485525
    1911   -0.485493
    1912   -0.485493
    1913   -0.485437
    1914   -0.485437
    1915   -0.485313
    1916   -0.485313
    1917   -0.484872
    1918   -0.484872
    1919   -0.484075
    1920   -0.484075
    1921   -0.483088
    1922   -0.483088
    1923   -0.481934
    1924   -0.481934
    1925   -0.480492
    1926   -0.480492
    1927   -0.478747
    1928   -0.478747
    1929   -0.476791
    1930   -0.476791
    1931   -0.474586
    1932   -0.474586
    1933   -0.471978
    1934   -0.471978
    1935   -0.468947
    1936   -0.468947
    1937   -0.465553
    1938   -0.465553
    1939   -0.461771
    1940   -0.461771
    1941   -0.457391
    1942   -0.457391
    1943   -0.452381
    1944   -0.452381
    1945   -0.446979
    1946   -0.446979
    1947   -0.441078
    1948   -0.441078
    1949   -0.434281
    1950   -0.434281
    1951   -0.426612
    1952   -0.426612
    1953   -0.418409
    1954   -0.418409
    1955   -0.409541
    1956   -0.409541
    1957   -0.399471
    1958   -0.399471
    1959   -0.388024
    1960   -0.388024
    1961   -0.375380
    1962   -0.375380
    1963   -0.361636
    1964   -0.361636
    1965   -0.346133
    1966   -0.346133
    1967   -0.327469
    1968   -0.327469
    1969   -0.305561
    1970   -0.305561
    1971   -0.280724
    1972   -0.280724
    1973   -0.252030
    1974   -0.252030
    1975   -0.218709
    1976   -0.218709
    1977   -0.182643
    1978   -0.182643
    1979   -0.153543
    1980   -0.153543
    1981   -0.664555
    1982   -0.664555
    1983   -0.663548
    1984   -0.663548
    1985   -0.661899
    1986   -0.661899
    1987   -0.659947
    1988   -0.659947
    1989   -0.658084
    1990   -0.658084
    1991   -0.657594
    1992   -0.657594
    1993   -0.658749
    1994   -0.658749
    1995   -0.660827
    1996   -0.660827
    1997   -0.663167
    1998   -0.663167
    1999   -0.665004
    2000   -0.665004
    2001   -0.666124
    2002   -0.666124
    2003   -0.666764
    2004   -0.666764
    2005   -0.667083
    2006   -0.667083
    2007   -0.667225
    2008   -0.667225
    2009   -0.667285
    2010   -0.667285
    2011   -0.667288
    2012   -0.667288
    2013   -0.667200
    2014   -0.667200
    2015   -0.666980
    2016   -0.666980
    2017   -0.666650
    2018   -0.666650
    2019   -0.666241
    2020   -0.666241
    2021   -0.665742
    2022   -0.665742
    2023   -0.665145
    2024   -0.665145
    2025   -0.664481
    2026   -0.664481
    2027   -0.663766
    2028   -0.663766
    2029   -0.662987
    2030   -0.662987
    2031   -0.662174
    2032   -0.662174
    2033   -0.661382
    2034   -0.661382
    2035   -0.660613
    2036   -0.660613
    2037   -0.659812
    2038   -0.659812
    2039   -0.658947
    2040   -0.658947
    2041   -0.658038
    2042   -0.658038
    2043   -0.657078
    2044   -0.657078
    2045   -0.656031
    2046   -0.656031
    2047   -0.654903
    2048   -0.654903
    2049   -0.653727
    2050   -0.653727
    2051   -0.652506
    2052   -0.652506
    2053   -0.651227
    2054   -0.651227
    2055   -0.649906
    2056   -0.649906
    2057   -0.648578
    2058   -0.648578
    2059   -0.647239
    2060   -0.647239
    2061   -0.645840
    2062   -0.645840
    2063   -0.644366
    2064   -0.644366
    2065   -0.642857
    2066   -0.642857
    2067   -0.641329
    2068   -0.641329
    2069   -0.639746
    2070   -0.639746
    2071   -0.638055
    2072   -0.638055
    2073   -0.636193
    2074   -0.636193
    2075   -0.634086
    2076   -0.634086
    2077   -0.631748
    2078   -0.631748
    2079   -0.629288
    2080   -0.629288
    2081   -0.626776
    2082   -0.626776
    2083   -0.624183
    2084   -0.624183
    2085   -0.621460
    2086   -0.621460
    2087   -0.618596
    2088   -0.618596
    2089   -0.615587
    2090   -0.615587
    2091   -0.612407
    2092   -0.612407
    2093   -0.609047
    2094   -0.609047
    2095   -0.605570
    2096   -0.605570
    2097   -0.602147
    2098   -0.602147
    2099   -0.599221
    2100   -0.599221
    2101   -0.597422
    2102   -0.597422
    2103   -0.596824
    2104   -0.596824
    2105   -0.596857
    2106   -0.596857
    2107   -0.596982
    2108   -0.596982
    2109   -0.596992
    2110   -0.596992
    2111   -0.596892
    2112   -0.596892
    2113   -0.596630
    2114   -0.596630
    2115   -0.596064
    2116   -0.596064
    2117   -0.595190
    2118   -0.595190
    2119   -0.594088
    2120   -0.594088
    2121   -0.592729
    2122   -0.592729
    2123   -0.591057
    2124   -0.591057
    2125   -0.589058
    2126   -0.589058
    2127   -0.586742
    2128   -0.586742
    2129   -0.584071
    2130   -0.584071
    2131   -0.580976
    2132   -0.580976
    2133   -0.577474
    2134   -0.577474
    2135   -0.573597
    2136   -0.573597
    2137   -0.569323
    2138   -0.569323
    2139   -0.564477
    2140   -0.564477
    2141   -0.558945
    2142   -0.558945
    2143   -0.552795
    2144   -0.552795
    2145   -0.545920
    2146   -0.545920
    2147   -0.538171
    2148   -0.538171
    2149   -0.529600
    2150   -0.529600
    2151   -0.520319
    2152   -0.520319
    2153   -0.510136
    2154   -0.510136
    2155   -0.498560
    2156   -0.498560
    2157   -0.485321
    2158   -0.485321
    2159   -0.470273
    2160   -0.470273
    2161   -0.453145
    2162   -0.453145
    2163   -0.434117
    2164   -0.434117
    2165   -0.412581
    2166   -0.412581
    2167   -0.386854
    2168   -0.386854
    2169   -0.356186
    2170   -0.356186
    2171   -0.320094
    2172   -0.320094
    2173   -0.278260
    2174   -0.278260
    2175   -0.233225
    2176   -0.233225
    2177   -0.196698
    2178   -0.196698
    2179   -0.812621
    2180   -0.812621
    2181   -0.813117
    2182   -0.813117
    2183   -0.813637
    2184   -0.813637
    2185   -0.813934
    2186   -0.813934
    2187   -0.814112
    2188   -0.814112
    2189   -0.814701
    2190   -0.814701
    2191   -0.815792
    2192   -0.815792
    2193   -0.816903
    2194   -0.816903
    2195   -0.817820
    2196   -0.817820
    2197   -0.818589
    2198   -0.818589
    2199   -0.819270
    2200   -0.819270
    2201   -0.819913
    2202   -0.819913
    2203   -0.820485
    2204   -0.820485
    2205   -0.820876
    2206   -0.820876
    2207   -0.821100
    2208   -0.821100
    2209   -0.821268
    2210   -0.821268
    2211   -0.821368
    2212   -0.821368
    2213   -0.821287
    2214   -0.821287
    2215   -0.821028
    2216   -0.821028
    2217   -0.820683
    2218   -0.820683
    2219   -0.820261
    2220   -0.820261
    2221   -0.819726
    2222   -0.819726
    2223   -0.819092
    2224   -0.819092
    2225   -0.818382
    2226   -0.818382
    2227   -0.817597
    2228   -0.817597
    2229   -0.816744
    2230   -0.816744
    2231   -0.815846
    2232   -0.815846
    2233   -0.814913
    2234   -0.814913
    2235   -0.813931
    2236   -0.813931
    2237   -0.812892
    2238   -0.812892
    2239   -0.811807
    2240   -0.811807
    2241   -0.810668
    2242   -0.810668
    2243   -0.809450
    2244   -0.809450
    2245   -0.808152
    2246   -0.808152
    2247   -0.806788
    2248   -0.806788
    2249   -0.805366
    2250   -0.805366
    2251   -0.803887
    2252   -0.803887
    2253   -0.802366
    2254   -0.802366
    2255   -0.800839
    2256   -0.800839
    2257   -0.799312
    2258   -0.799312
    2259   -0.797723
    2260   -0.797723
    2261   -0.796015
    2262   -0.796015
    2263   -0.794228
    2264   -0.794228
    2265   -0.792447
    2266   -0.792447
    2267   -0.790630
    2268   -0.790630
    2269   -0.788651
    2270   -0.788651
    2271   -0.786449
    2272   -0.786449
    2273   -0.783953
    2274   -0.783953
    2275   -0.781176
    2276   -0.781176
    2277   -0.778266
    2278   -0.778266
    2279   -0.775290
    2280   -0.775290
    2281   -0.772243
    2282   -0.772243
    2283   -0.769089
    2284   -0.769089
    2285   -0.765792
    2286   -0.765792
    2287   -0.762362
    2288   -0.762362
    2289   -0.758821
    2290   -0.758821
    2291   -0.755176
    2292   -0.755176
    2293   -0.751436
    2294   -0.751436
    2295   -0.747793
    2296   -0.747793
    2297   -0.744928
    2298   -0.744928
    2299   -0.743424
    2300   -0.743424
    2301   -0.742993
    2302   -0.742993
    2303   -0.743060
    2304   -0.743060
    2305   -0.743291
    2306   -0.743291
    2307   -0.743418
    2308   -0.743418
    2309   -0.743273
    2310   -0.743273
    2311   -0.742810
    2312   -0.742810
    2313   -0.741969
    2314   -0.741969
    2315   -0.740781
    2316   -0.740781
    2317   -0.739364
    2318   -0.739364
    2319   -0.737702
    2320   -0.737702
    2321   -0.735667
    2322   -0.735667
    2323   -0.733184
    2324   -0.733184
    2325   -0.730297
    2326   -0.730297
    2327   -0.727005
    2328   -0.727005
    2329   -0.723215
    2330   -0.723215
    2331   -0.718948
    2332   -0.718948
    2333   -0.714287
    2334   -0.714287
    2335   -0.709193
    2336   -0.709193
    2337   -0.703557
    2338   -0.703557
    2339   -0.697222
    2340   -0.697222
    2341   -0.690051
    2342   -0.690051
    2343   -0.681955
    2344   -0.681955
    2345   -0.672957
    2346   -0.672957
    2347   -0.663068
    2348   -0.663068
    2349   -0.652243
    2350   -0.652243
    2351   -0.640437
    2352   -0.640437
    2353   -0.627409
    2354   -0.627409
    2355   -0.612627
    2356   -0.612627
    2357   -0.595312
    2358   -0.595312
    2359   -0.574640
    2360   -0.574640
    2361   -0.551233
    2362   -0.551233
    2363   -0.525437
    2364   -0.525437
    2365   -0.494954
    2366   -0.494954
    2367   -0.457924
    2368   -0.457924
    2369   -0.413340
    2370   -0.413340
    2371   -0.360933
    2372   -0.360933
    2373   -0.304086
    2374   -0.304086
    2375   -0.257566
    2376   -0.257566
    2377   -1.014669
    2378   -1.014669
    2379   -1.017804
    2380   -1.017804
    2381   -1.022166
    2382   -1.022166
    2383   -1.026679
    2384   -1.026679
    2385   -1.031000
    2386   -1.031000
    2387   -1.034115
    2388   -1.034115
    2389   -1.035812
    2390   -1.035812
    2391   -1.036371
    2392   -1.036371
    2393   -1.036263
    2394   -1.036263
    2395   -1.036235
    2396   -1.036235
    2397   -1.036557
    2398   -1.036557
    2399   -1.037100
    2400   -1.037100
    2401   -1.037721
    2402   -1.037721
    2403   -1.038222
    2404   -1.038222
    2405   -1.038557
    2406   -1.038557
    2407   -1.038823
    2408   -1.038823
    2409   -1.039015
    2410   -1.039015
    2411   -1.039023
    2412   -1.039023
    2413   -1.038830
    2414   -1.038830
    2415   -1.038522
    2416   -1.038522
    2417   -1.038119
    2418   -1.038119
    2419   -1.037589
    2420   -1.037589
    2421   -1.036932
    2422   -1.036932
    2423   -1.036160
    2424   -1.036160
    2425   -1.035297
    2426   -1.035297
    2427   -1.034366
    2428   -1.034366
    2429   -1.033349
    2430   -1.033349
    2431   -1.032228
    2432   -1.032228
    2433   -1.031022
    2434   -1.031022
    2435   -1.029758
    2436   -1.029758
    2437   -1.028437
    2438   -1.028437
    2439   -1.027049
    2440   -1.027049
    2441   -1.025588
    2442   -1.025588
    2443   -1.024051
    2444   -1.024051
    2445   -1.022429
    2446   -1.022429
    2447   -1.020720
    2448   -1.020720
    2449   -1.018940
    2450   -1.018940
    2451   -1.017120
    2452   -1.017120
    2453   -1.015279
    2454   -1.015279
    2455   -1.013422
    2456   -1.013422
    2457   -1.011510
    2458   -1.011510
    2459   -1.009475
    2460   -1.009475
    2461   -1.007325
    2462   -1.007325
    2463   -1.005138
    2464   -1.005138
    2465   -1.002880
    2466   -1.002880
    2467   -1.000435
    2468   -1.000435
    2469   -0.997772
    2470   -0.997772
    2471   -0.994857
    2472   -0.994857
    2473   -0.991697
    2474   -0.991697
    2475   -0.988371
    2476   -0.988371
    2477   -0.984906
    2478   -0.984906
    2479   -0.981324
    2480   -0.981324
    2481   -0.977619
    2482   -0.977619
    2483   -0.973746
    2484   -0.973746
    2485   -0.969694
    2486   -0.969694
    2487   -0.965508
    2488   -0.965508
    2489   -0.961253
    2490   -0.961253
    2491   -0.956955
    2492   -0.956955
    2493   -0.952800
    2494   -0.952800
    2495   -0.949584
    2496   -0.949584
    2497   -0.948001
    2498   -0.948001
    2499   -0.947601
    2500   -0.947601
    2501   -0.947669
    2502   -0.947669
    2503   -0.947913
    2504   -0.947913
    2505   -0.948032
    2506   -0.948032
    2507   -0.947762
    2508   -0.947762
    2509   -0.947044
    2510   -0.947044
    2511   -0.945878
    2512   -0.945878
    2513   -0.944284
    2514   -0.944284
    2515   -0.942397
    2516   -0.942397
    2517   -0.940248
    2518   -0.940248
    2519   -0.937592
    2520   -0.937592
    2521   -0.934311
    2522   -0.934311
    2523   -0.930553
    2524   -0.930553
    2525   -0.926370
    2526   -0.926370
    2527   -0.921667
    2528   -0.921667
    2529   -0.916409
    2530   -0.916409
    2531   -0.910607
    2532   -0.910607
    2533   -0.904206
    2534   -0.904206
    2535   -0.897190
    2536   -0.897190
    2537   -0.889404
    2538   -0.889404
    2539   -0.880640
    2540   -0.880640
    2541   -0.870863
    2542   -0.870863
    2543   -0.860095
    2544   -0.860095
    2545   -0.848262
    2546   -0.848262
    2547   -0.835254
    2548   -0.835254
    2549   -0.821066
    2550   -0.821066
    2551   -0.805591
    2552   -0.805591
    2553   -0.788222
    2554   -0.788222
    2555   -0.767936
    2556   -0.767936
    2557   -0.743367
    2558   -0.743367
    2559   -0.714484
    2560   -0.714484
    2561   -0.682096
    2562   -0.682096
    2563   -0.644805
    2564   -0.644805
    2565   -0.599974
    2566   -0.599974
    2567   -0.544867
    2568   -0.544867
    2569   -0.478861
    2570   -0.478861
    2571   -0.406232
    2572   -0.406232
    2573   -0.345970
    2574   -0.345970
    2575   -1.295185
    2576   -1.295185
    2577   -1.302237
    2578   -1.302237
    2579   -1.312133
    2580   -1.312133
    2581   -1.322201
    2582   -1.322201
    2583   -1.331769
    2584   -1.331769
    2585   -1.338339
    2586   -1.338339
    2587   -1.341573
    2588   -1.341573
    2589   -1.342879
    2590   -1.342879
    2591   -1.343315
    2592   -1.343315
    2593   -1.343749
    2594   -1.343749
    2595   -1.344450
    2596   -1.344450
    2597   -1.345237
    2598   -1.345237
    2599   -1.346002
    2600   -1.346002
    2601   -1.346666
    2602   -1.346666
    2603   -1.347198
    2604   -1.347198
    2605   -1.347602
    2606   -1.347602
    2607   -1.347853
    2608   -1.347853
    2609   -1.347901
    2610   -1.347901
    2611   -1.347747
    2612   -1.347747
    2613   -1.347442
    2614   -1.347442
    2615   -1.347005
    2616   -1.347005
    2617   -1.346412
    2618   -1.346412
    2619   -1.345658
    2620   -1.345658
    2621   -1.344737
    2622   -1.344737
    2623   -1.343675
    2624   -1.343675
    2625   -1.342537
    2626   -1.342537
    2627   -1.341317
    2628   -1.341317
    2629   -1.339966
    2630   -1.339966
    2631   -1.338483
    2632   -1.338483
    2633   -1.336906
    2634   -1.336906
    2635   -1.335254
    2636   -1.335254
    2637   -1.333520
    2638   -1.333520
    2639   -1.331695
    2640   -1.331695
    2641   -1.329779
    2642   -1.329779
    2643   -1.327764
    2644   -1.327764
    2645   -1.325630
    2646   -1.325630
    2647   -1.323388
    2648   -1.323388
    2649   -1.321088
    2650   -1.321088
    2651   -1.318742
    2652   -1.318742
    2653   -1.316346
    2654   -1.316346
    2655   -1.313891
    2656   -1.313891
    2657   -1.311325
    2658   -1.311325
    2659   -1.308613
    2660   -1.308613
    2661   -1.305761
    2662   -1.305761
    2663   -1.302758
    2664   -1.302758
    2665   -1.299595
    2666   -1.299595
    2667   -1.296281
    2668   -1.296281
    2669   -1.292811
    2670   -1.292811
    2671   -1.289180
    2672   -1.289180
    2673   -1.285378
    2674   -1.285378
    2675   -1.281353
    2676   -1.281353
    2677   -1.277070
    2678   -1.277070
    2679   -1.272559
    2680   -1.272559
    2681   -1.267832
    2682   -1.267832
    2683   -1.262858
    2684   -1.262858
    2685   -1.257630
    2686   -1.257630
    2687   -1.252215
    2688   -1.252215
    2689   -1.246709
    2690   -1.246709
    2691   -1.241316
    2692   -1.241316
    2693   -1.236807
    2694   -1.236807
    2695   -1.234177
    2696   -1.234177
    2697   -1.233191
    2698   -1.233191
    2699   -1.232828
    2700   -1.232828
    2701   -1.232548
    2702   -1.232548
    2703   -1.232058
    2704   -1.232058
    2705   -1.231123
    2706   -1.231123
    2707   -1.229691
    2708   -1.229691
    2709   -1.227893
    2710   -1.227893
    2711   -1.225685
    2712   -1.225685
    2713   -1.222959
    2714   -1.222959
    2715   -1.219761
    2716   -1.219761
    2717   -1.215938
    2718   -1.215938
    2719   -1.211433
    2720   -1.211433
    2721   -1.206382
    2722   -1.206382
    2723   -1.200824
    2724   -1.200824
    2725   -1.194753
    2726   -1.194753
    2727   -1.188052
    2728   -1.188052
    2729   -1.180540
    2730   -1.180540
    2731   -1.172128
    2732   -1.172128
    2733   -1.162853
    2734   -1.162853
    2735   -1.152624
    2736   -1.152624
    2737   -1.141333
    2738   -1.141333
    2739   -1.129013
    2740   -1.129013
    2741   -1.115608
    2742   -1.115608
    2743   -1.100926
    2744   -1.100926
    2745   -1.084710
    2746   -1.084710
    2747   -1.066791
    2748   -1.066791
    2749   -1.047094
    2750   -1.047094
    2751   -1.025138
    2752   -1.025138
    2753   -0.999949
    2754   -0.999949
    2755   -0.970279
    2756   -0.970279
    2757   -0.935421
    2758   -0.935421
    2759   -0.894785
    2760   -0.894785
    2761   -0.847496
    2762   -0.847496
    2763   -0.791599
    2764   -0.791599
    2765   -0.722802
    2766   -0.722802
    2767   -0.639705
    2768   -0.639705
    2769   -0.547263
    2770   -0.547263
    2771   -0.469585
    2772   -0.469585
    2773   -1.682711
    2774   -1.682711
    2775   -1.694901
    2776   -1.694901
    2777   -1.711244
    2778   -1.711244
    2779   -1.725642
    2780   -1.725642
    2781   -1.738053
    2782   -1.738053
    2783   -1.746965
    2784   -1.746965
    2785   -1.752395
    2786   -1.752395
    2787   -1.756126
    2788   -1.756126
    2789   -1.759201
    2790   -1.759201
    2791   -1.761852
    2792   -1.761852
    2793   -1.764130
    2794   -1.764130
    2795   -1.766071
    2796   -1.766071
    2797   -1.767699
    2798   -1.767699
    2799   -1.769014
    2800   -1.769014
    2801   -1.770038
    2802   -1.770038
    2803   -1.770792
    2804   -1.770792
    2805   -1.771261
    2806   -1.771261
    2807   -1.771424
    2808   -1.771424
    2809   -1.771317
    2810   -1.771317
    2811   -1.771028
    2812   -1.771028
    2813   -1.770582
    2814   -1.770582
    2815   -1.769914
    2816   -1.769914
    2817   -1.769004
    2818   -1.769004
    2819   -1.767890
    2820   -1.767890
    2821   -1.766599
    2822   -1.766599
    2823   -1.765154
    2824   -1.765154
    2825   -1.763568
    2826   -1.763568
    2827   -1.761825
    2828   -1.761825
    2829   -1.759913
    2830   -1.759913
    2831   -1.757860
    2832   -1.757860
    2833   -1.755698
    2834   -1.755698
    2835   -1.753436
    2836   -1.753436
    2837   -1.751060
    2838   -1.751060
    2839   -1.748560
    2840   -1.748560
    2841   -1.745936
    2842   -1.745936
    2843   -1.743181
    2844   -1.743181
    2845   -1.740290
    2846   -1.740290
    2847   -1.737274
    2848   -1.737274
    2849   -1.734129
    2850   -1.734129
    2851   -1.730855
    2852   -1.730855
    2853   -1.727472
    2854   -1.727472
    2855   -1.723966
    2856   -1.723966
    2857   -1.720300
    2858   -1.720300
    2859   -1.716431
    2860   -1.716431
    2861   -1.712359
    2862   -1.712359
    2863   -1.708126
    2864   -1.708126
    2865   -1.703754
    2866   -1.703754
    2867   -1.699257
    2868   -1.699257
    2869   -1.694637
    2870   -1.694637
    2871   -1.689866
    2872   -1.689866
    2873   -1.684845
    2874   -1.684845
    2875   -1.679452
    2876   -1.679452
    2877   -1.673708
    2878   -1.673708
    2879   -1.667646
    2880   -1.667646
    2881   -1.661237
    2882   -1.661237
    2883   -1.654463
    2884   -1.654463
    2885   -1.647335
    2886   -1.647335
    2887   -1.639932
    2888   -1.639932
    2889   -1.632598
    2890   -1.632598
    2891   -1.626251
    2892   -1.626251
    2893   -1.622116
    2894   -1.622116
    2895   -1.620106
    2896   -1.620106
    2897   -1.618852
    2898   -1.618852
    2899   -1.617539
    2900   -1.617539
    2901   -1.615905
    2902   -1.615905
    2903   -1.613690
    2904   -1.613690
    2905   -1.610896
    2906   -1.610896
    2907   -1.607894
    2908   -1.607894
    2909   -1.604621
    2910   -1.604621
    2911   -1.600550
    2912   -1.600550
    2913   -1.595611
    2914   -1.595611
    2915   -1.590023
    2916   -1.590023
    2917   -1.583825
    2918   -1.583825
    2919   -1.576854
    2920   -1.576854
    2921   -1.569110
    2922   -1.569110
    2923   -1.560762
    2924   -1.560762
    2925   -1.551634
    2926   -1.551634
    2927   -1.541357
    2928   -1.541357
    2929   -1.529818
    2930   -1.529818
    2931   -1.517138
    2932   -1.517138
    2933   -1.503330
    2934   -1.503330
    2935   -1.488217
    2936   -1.488217
    2937   -1.471773
    2938   -1.471773
    2939   -1.454061
    2940   -1.454061
    2941   -1.434805
    2942   -1.434805
    2943   -1.413427
    2944   -1.413427
    2945   -1.389599
    2946   -1.389599
    2947   -1.363382
    2948   -1.363382
    2949   -1.334385
    2950   -1.334385
    2951   -1.301570
    2952   -1.301570
    2953   -1.263942
    2954   -1.263942
    2955   -1.220769
    2956   -1.220769
    2957   -1.169798
    2958   -1.169798
    2959   -1.108910
    2960   -1.108910
    2961   -1.036741
    2962   -1.036741
    2963   -0.949551
    2964   -0.949551
    2965   -0.845459
    2966   -0.845459
    2967   -0.728955
    2968   -0.728955
    2969   -0.630294
    2970   -0.630294
    2971   -2.239388
    2972   -2.239388
    2973   -2.257714
    2974   -2.257714
    2975   -2.280668
    2976   -2.280668
    2977   -2.297814
    2978   -2.297814
    2979   -2.310977
    2980   -2.310977
    2981   -2.321490
    2982   -2.321490
    2983   -2.329999
    2984   -2.329999
    2985   -2.337929
    2986   -2.337929
    2987   -2.345709
    2988   -2.345709
    2989   -2.352299
    2990   -2.352299
    2991   -2.357418
    2992   -2.357418
    2993   -2.361586
    2994   -2.361586
    2995   -2.365024
    2996   -2.365024
    2997   -2.367697
    2998   -2.367697
    2999   -2.369666
    3000   -2.369666
    3001   -2.371082
    3002   -2.371082
    3003   -2.372011
    3004   -2.372011
    3005   -2.372454
    3006   -2.372454
    3007   -2.372475
    3008   -2.372475
    3009   -2.372211
    3010   -2.372211
    3011   -2.371714
    3012   -2.371714
    3013   -2.370891
    3014   -2.370891
    3015   -2.369718
    3016   -2.369718
    3017   -2.368288
    3018   -2.368288
    3019   -2.366642
    3020   -2.366642
    3021   -2.364731
    3022   -2.364731
    3023   -2.362540
    3024   -2.362540
    3025   -2.360106
    3026   -2.360106
    3027   -2.357453
    3028   -2.357453
    3029   -2.354613
    3030   -2.354613
    3031   -2.351614
    3032   -2.351614
    3033   -2.348470
    3034   -2.348470
    3035   -2.345177
    3036   -2.345177
    3037   -2.341709
    3038   -2.341709
    3039   -2.338071
    3040   -2.338071
    3041   -2.334298
    3042   -2.334298
    3043   -2.330366
    3044   -2.330366
    3045   -2.326196
    3046   -2.326196
    3047   -2.321759
    3048   -2.321759
    3049   -2.317068
    3050   -2.317068
    3051   -2.312146
    3052   -2.312146
    3053   -2.307036
    3054   -2.307036
    3055   -2.301737
    3056   -2.301737
    3057   -2.296205
    3058   -2.296205
    3059   -2.290436
    3060   -2.290436
    3061   -2.284448
    3062   -2.284448
    3063   -2.278263
    3064   -2.278263
    3065   -2.271918
    3066   -2.271918
    3067   -2.265414
    3068   -2.265414
    3069   -2.258727
    3070   -2.258727
    3071   -2.251767
    3072   -2.251767
    3073   -2.244393
    3074   -2.244393
    3075   -2.236568
    3076   -2.236568
    3077   -2.228286
    3078   -2.228286
    3079   -2.219535
    3080   -2.219535
    3081   -2.210337
    3082   -2.210337
    3083   -2.200655
    3084   -2.200655
    3085   -2.190458
    3086   -2.190458
    3087   -2.180302
    3088   -2.180302
    3089   -2.171572
    3090   -2.171572
    3091   -2.165702
    3092   -2.165702
    3093   -2.162411
    3094   -2.162411
    3095   -2.159926
    3096   -2.159926
    3097   -2.157274
    3098   -2.157274
    3099   -2.154227
    3100   -2.154227
    3101   -2.150416
    3102   -2.150416
    3103   -2.145800
    3104   -2.145800
    3105   -2.140744
    3106   -2.140744
    3107   -2.135284
    3108   -2.135284
    3109   -2.128896
    3110   -2.128896
    3111   -2.121306
    3112   -2.121306
    3113   -2.112951
    3114   -2.112951
    3115   -2.103932
    3116   -2.103932
    3117   -2.093770
    3118   -2.093770
    3119   -2.082397
    3120   -2.082397
    3121   -2.070048
    3122   -2.070048
    3123   -2.056597
    3124   -2.056597
    3125   -2.041725
    3126   -2.041725
    3127   -2.025296
    3128   -2.025296
    3129   -2.007409
    3130   -2.007409
    3131   -1.988133
    3132   -1.988133
    3133   -1.967096
    3134   -1.967096
    3135   -1.944063
    3136   -1.944063
    3137   -1.919194
    3138   -1.919194
    3139   -1.892216
    3140   -1.892216
    3141   -1.862355
    3142   -1.862355
    3143   -1.829155
    3144   -1.829155
    3145   -1.792604
    3146   -1.792604
    3147   -1.752288
    3148   -1.752288
    3149   -1.707220
    3150   -1.707220
    3151   -1.656223
    3152   -1.656223
    3153   -1.598204
    3154   -1.598204
    3155   -1.530468
    3156   -1.530468
    3157   -1.449548
    3158   -1.449548
    3159   -1.352989
    3160   -1.352989
    3161   -1.238684
    3162   -1.238684
    3163   -1.104971
    3164   -1.104971
    3165   -0.955526
    3166   -0.955526
    3167   -0.829234
    3168   -0.829234
    3169   -3.137478
    3170   -3.137478
    3171   -3.165849
    3172   -3.165849
    3173   -3.200227
    3174   -3.200227
    3175   -3.224726
    3176   -3.224726
    3177   -3.243275
    3178   -3.243275
    3179   -3.258936
    3180   -3.258936
    3181   -3.272941
    3182   -3.272941
    3183   -3.286814
    3184   -3.286814
    3185   -3.300522
    3186   -3.300522
    3187   -3.312191
    3188   -3.312191
    3189   -3.321316
    3190   -3.321316
    3191   -3.328743
    3192   -3.328743
    3193   -3.334876
    3194   -3.334876
    3195   -3.339654
    3196   -3.339654
    3197   -3.343146
    3198   -3.343146
    3199   -3.345606
    3200   -3.345606
    3201   -3.347224
    3202   -3.347224
    3203   -3.348114
    3204   -3.348114
    3205   -3.348340
    3206   -3.348340
    3207   -3.347984
    3208   -3.347984
    3209   -3.347158
    3210   -3.347158
    3211   -3.345914
    3212   -3.345914
    3213   -3.344232
    3214   -3.344232
    3215   -3.342122
    3216   -3.342122
    3217   -3.339647
    3218   -3.339647
    3219   -3.336828
    3220   -3.336828
    3221   -3.333615
    3222   -3.333615
    3223   -3.329964
    3224   -3.329964
    3225   -3.325931
    3226   -3.325931
    3227   -3.321657
    3228   -3.321657
    3229   -3.317170
    3230   -3.317170
    3231   -3.312387
    3232   -3.312387
    3233   -3.307328
    3234   -3.307328
    3235   -3.302082
    3236   -3.302082
    3237   -3.296651
    3238   -3.296651
    3239   -3.290962
    3240   -3.290962
    3241   -3.284973
    3242   -3.284973
    3243   -3.278670
    3244   -3.278670
    3245   -3.272006
    3246   -3.272006
    3247   -3.264875
    3248   -3.264875
    3249   -3.257284
    3250   -3.257284
    3251   -3.249406
    3252   -3.249406
    3253   -3.241255
    3254   -3.241255
    3255   -3.232649
    3256   -3.232649
    3257   -3.223623
    3258   -3.223623
    3259   -3.214411
    3260   -3.214411
    3261   -3.205067
    3262   -3.205067
    3263   -3.195488
    3264   -3.195488
    3265   -3.185623
    3266   -3.185623
    3267   -3.175488
    3268   -3.175488
    3269   -3.164978
    3270   -3.164978
    3271   -3.153844
    3272   -3.153844
    3273   -3.142030
    3274   -3.142030
    3275   -3.129689
    3276   -3.129689
    3277   -3.116808
    3278   -3.116808
    3279   -3.103211
    3280   -3.103211
    3281   -3.088860
    3282   -3.088860
    3283   -3.073919
    3284   -3.073919
    3285   -3.058901
    3286   -3.058901
    3287   -3.045475
    3288   -3.045475
    3289   -3.036059
    3290   -3.036059
    3291   -3.030593
    3292   -3.030593
    3293   -3.026377
    3294   -3.026377
    3295   -3.021694
    3296   -3.021694
    3297   -3.016307
    3298   -3.016307
    3299   -3.010052
    3300   -3.010052
    3301   -3.002713
    3302   -3.002713
    3303   -2.994099
    3304   -2.994099
    3305   -2.984356
    3306   -2.984356
    3307   -2.973657
    3308   -2.973657
    3309   -2.961659
    3310   -2.961659
    3311   -2.948254
    3312   -2.948254
    3313   -2.933578
    3314   -2.933578
    3315   -2.917652
    3316   -2.917652
    3317   -2.900214
    3318   -2.900214
    3319   -2.880701
    3320   -2.880701
    3321   -2.859143
    3322   -2.859143
    3323   -2.836148
    3324   -2.836148
    3325   -2.811557
    3326   -2.811557
    3327   -2.784570
    3328   -2.784570
    3329   -2.755161
    3330   -2.755161
    3331   -2.723627
    3332   -2.723627
    3333   -2.689499
    3334   -2.689499
    3335   -2.651891
    3336   -2.651891
    3337   -2.610584
    3338   -2.610584
    3339   -2.565815
    3340   -2.565815
    3341   -2.516845
    3342   -2.516845
    3343   -2.462089
    3344   -2.462089
    3345   -2.401011
    3346   -2.401011
    3347   -2.333941
    3348   -2.333941
    3349   -2.259248
    3350   -2.259248
    3351   -2.173567
    3352   -2.173567
    3353   -2.073761
    3354   -2.073761
    3355   -1.956825
    3356   -1.956825
    3357   -1.818964
    3358   -1.818964
    3359   -1.657521
    3360   -1.657521
    3361   -1.470515
    3362   -1.470515
    3363   -1.264625
    3364   -1.264625
    3365   -1.093596
    3366   -1.093596
    3367   -4.783178
    3368   -4.783178
    3369   -4.832013
    3370   -4.832013
    3371   -4.890994
    3372   -4.890994
    3373   -4.934177
    3374   -4.934177
    3375   -4.968140
    3376   -4.968140
    3377   -4.996423
    3378   -4.996423
    3379   -5.021256
    3380   -5.021256
    3381   -5.045026
    3382   -5.045026
    3383   -5.067649
    3384   -5.067649
    3385   -5.087009
    3386   -5.087009
    3387   -5.102501
    3388   -5.102501
    3389   -5.115224
    3390   -5.115224
    3391   -5.125796
    3392   -5.125796
    3393   -5.134111
    3394   -5.134111
    3395   -5.140185
    3396   -5.140185
    3397   -5.144349
    3398   -5.144349
    3399   -5.147027
    3400   -5.147027
    3401   -5.148608
    3402   -5.148608
    3403   -5.149145
    3404   -5.149145
    3405   -5.148494
    3406   -5.148494
    3407   -5.146872
    3408   -5.146872
    3409   -5.144699
    3410   -5.144699
    3411   -5.141962
    3412   -5.141962
    3413   -5.138389
    3414   -5.138389
    3415   -5.134083
    3416   -5.134083
    3417   -5.129403
    3418   -5.129403
    3419   -5.124284
    3420   -5.124284
    3421   -5.118303
    3422   -5.118303
    3423   -5.111525
    3424   -5.111525
    3425   -5.104466
    3426   -5.104466
    3427   -5.097160
    3428   -5.097160
    3429   -5.089167
    3430   -5.089167
    3431   -5.080549
    3432   -5.080549
    3433   -5.071850
    3434   -5.071850
    3435   -5.063050
    3436   -5.063050
    3437   -5.053597
    3438   -5.053597
    3439   -5.043442
    3440   -5.043442
    3441   -5.033006
    3442   -5.033006
    3443   -5.022187
    3444   -5.022187
    3445   -5.010427
    3446   -5.010427
    3447   -4.997748
    3448   -4.997748
    3449   -4.984717
    3450   -4.984717
    3451   -4.971257
    3452   -4.971257
    3453   -4.956663
    3454   -4.956663
    3455   -4.941118
    3456   -4.941118
    3457   -4.925662
    3458   -4.925662
    3459   -4.910448
    3460   -4.910448
    3461   -4.894808
    3462   -4.894808
    3463   -4.878560
    3464   -4.878560
    3465   -4.861963
    3466   -4.861963
    3467   -4.844785
    3468   -4.844785
    3469   -4.826264
    3470   -4.826264
    3471   -4.806401
    3472   -4.806401
    3473   -4.786077
    3474   -4.786077
    3475   -4.765263
    3476   -4.765263
    3477   -4.742941
    3478   -4.742941
    3479   -4.719141
    3480   -4.719141
    3481   -4.695074
    3482   -4.695074
    3483   -4.670929
    3484   -4.670929
    3485   -4.647802
    3486   -4.647802
    3487   -4.630410
    3488   -4.630410
    3489   -4.620513
    3490   -4.620513
    3491   -4.613715
    3492   -4.613715
    3493   -4.605706
    3494   -4.605706
    3495   -4.595704
    3496   -4.595704
    3497   -4.584753
    3498   -4.584753
    3499   -4.572642
    3500   -4.572642
    3501   -4.557781
    3502   -4.557781
    3503   -4.540293
    3504   -4.540293
    3505   -4.521854
    3506   -4.521854
    3507   -4.502164
    3508   -4.502164
    3509   -4.479368
    3510   -4.479368
    3511   -4.453664
    3512   -4.453664
    3513   -4.427063
    3514   -4.427063
    3515   -4.398951
    3516   -4.398951
    3517   -4.366245
    3518   -4.366245
    3519   -4.329129
    3520   -4.329129
    3521   -4.290863
    3522   -4.290863
    3523   -4.251272
    3524   -4.251272
    3525   -4.206752
    3526   -4.206752
    3527   -4.157053
    3528   -4.157053
    3529   -4.105161
    3530   -4.105161
    3531   -4.050355
    3532   -4.050355
    3533   -3.988325
    3534   -3.988325
    3535   -3.918867
    3536   -3.918867
    3537   -3.845683
    3538   -3.845683
    3539   -3.767467
    3540   -3.767467
    3541   -3.677945
    3542   -3.677945
    3543   -3.576268
    3544   -3.576268
    3545   -3.466771
    3546   -3.466771
    3547   -3.347115
    3548   -3.347115
    3549   -3.208081
    3550   -3.208081
    3551   -3.044929
    3552   -3.044929
    3553   -2.857493
    3554   -2.857493
    3555   -2.640818
    3556   -2.640818
    3557   -2.386990
    3558   -2.386990
    3559   -2.092336
    3560   -2.092336
    3561   -1.774320
    3562   -1.774320
    3563   -1.515475
    3564   -1.515475
    3565   -7.937913
    3566   -7.937913
    3567   -8.029168
    3568   -8.029168
    3569   -8.138629
    3570   -8.138629
    3571   -8.217278
    3572   -8.217278
    3573   -8.279398
    3574   -8.279398
    3575   -8.330778
    3576   -8.330778
    3577   -8.376088
    3578   -8.376088
    3579   -8.418829
    3580   -8.418829
    3581   -8.458805
    3582   -8.458805
    3583   -8.492841
    3584   -8.492841
    3585   -8.520075
    3586   -8.520075
    3587   -8.542628
    3588   -8.542628
    3589   -8.561593
    3590   -8.561593
    3591   -8.576528
    3592   -8.576528
    3593   -8.587341
    3594   -8.587341
    3595   -8.594572
    3596   -8.594572
    3597   -8.599092
    3598   -8.599092
    3599   -8.601892
    3600   -8.601892
    3601   -8.603004
    3602   -8.603004
    3603   -8.601801
    3604   -8.601801
    3605   -8.598671
    3606   -8.598671
    3607   -8.594709
    3608   -8.594709
    3609   -8.589884
    3610   -8.589884
    3611   -8.583396
    3612   -8.583396
    3613   -8.575438
    3614   -8.575438
    3615   -8.567134
    3616   -8.567134
    3617   -8.558406
    3618   -8.558406
    3619   -8.547910
    3620   -8.547910
    3621   -8.535718
    3622   -8.535718
    3623   -8.523284
    3624   -8.523284
    3625   -8.510663
    3626   -8.510663
    3627   -8.496500
    3628   -8.496500
    3629   -8.480914
    3630   -8.480914
    3631   -8.465562
    3632   -8.465562
    3633   -8.450408
    3634   -8.450408
    3635   -8.433762
    3636   -8.433762
    3637   -8.415566
    3638   -8.415566
    3639   -8.397256
    3640   -8.397256
    3641   -8.378572
    3642   -8.378572
    3643   -8.357890
    3644   -8.357890
    3645   -8.335343
    3646   -8.335343
    3647   -8.312480
    3648   -8.312480
    3649   -8.289040
    3650   -8.289040
    3651   -8.263000
    3652   -8.263000
    3653   -8.234780
    3654   -8.234780
    3655   -8.207342
    3656   -8.207342
    3657   -8.181049
    3658   -8.181049
    3659   -8.153806
    3660   -8.153806
    3661   -8.125205
    3662   -8.125205
    3663   -8.096257
    3664   -8.096257
    3665   -8.066437
    3666   -8.066437
    3667   -8.033591
    3668   -8.033591
    3669   -7.997840
    3670   -7.997840
    3671   -7.961933
    3672   -7.961933
    3673   -7.925841
    3674   -7.925841
    3675   -7.886528
    3676   -7.886528
    3677   -7.844113
    3678   -7.844113
    3679   -7.802121
    3680   -7.802121
    3681   -7.760378
    3682   -7.760378
    3683   -7.718703
    3684   -7.718703
    3685   -7.685860
    3686   -7.685860
    3687   -7.667478
    3688   -7.667478
    3689   -7.656769
    3690   -7.656769
    3691   -7.643610
    3692   -7.643610
    3693   -7.624821
    3694   -7.624821
    3695   -7.604822
    3696   -7.604822
    3697   -7.584196
    3698   -7.584196
    3699   -7.557947
    3700   -7.557947
    3701   -7.526016
    3702   -7.526016
    3703   -7.493423
    3704   -7.493423
    3705   -7.459822
    3706   -7.459822
    3707   -7.419543
    3708   -7.419543
    3709   -7.373036
    3710   -7.373036
    3711   -7.326588
    3712   -7.326588
    3713   -7.278920
    3714   -7.278920
    3715   -7.221448
    3716   -7.221448
    3717   -7.154544
    3718   -7.154544
    3719   -7.087391
    3720   -7.087391
    3721   -7.019738
    3722   -7.019738
    3723   -6.941469
    3724   -6.941469
    3725   -6.852002
    3726   -6.852002
    3727   -6.760745
    3728   -6.760745
    3729   -6.666687
    3730   -6.666687
    3731   -6.557852
    3732   -6.557852
    3733   -6.433767
    3734   -6.433767
    3735   -6.306083
    3736   -6.306083
    3737   -6.172553
    3738   -6.172553
    3739   -6.016339
    3740   -6.016339
    3741   -5.835948
    3742   -5.835948
    3743   -5.645031
    3744   -5.645031
    3745   -5.439960
    3746   -5.439960
    3747   -5.198742
    3748   -5.198742
    3749   -4.913177
    3750   -4.913177
    3751   -4.589402
    3752   -4.589402
    3753   -4.220107
    3754   -4.220107
    3755   -3.784814
    3756   -3.784814
    3757   -3.274410
    3758   -3.274410
    3759   -2.724623
    3760   -2.724623
    3761   -2.278454
    3762   -2.278454
    3763  -12.759238
    3764  -12.759238
    3765  -12.920806
    3766  -12.920806
    3767  -13.113105
    3768  -13.113105
    3769  -13.243517
    3770  -13.243517
    3771  -13.344550
    3772  -13.344550
    3773  -13.428433
    3774  -13.428433
    3775  -13.504055
    3776  -13.504055
    3777  -13.575724
    3778  -13.575724
    3779  -13.642765
    3780  -13.642765
    3781  -13.699437
    3782  -13.699437
    3783  -13.744285
    3784  -13.744285
    3785  -13.781632
    3786  -13.781632
    3787  -13.813367
    3788  -13.813367
    3789  -13.838267
    3790  -13.838267
    3791  -13.856121
    3792  -13.856121
    3793  -13.867878
    3794  -13.867878
    3795  -13.875063
    3796  -13.875063
    3797  -13.879675
    3798  -13.879675
    3799  -13.881694
    3800  -13.881694
    3801  -13.879645
    3802  -13.879645
    3803  -13.874222
    3804  -13.874222
    3805  -13.867607
    3806  -13.867607
    3807  -13.859662
    3808  -13.859662
    3809  -13.848727
    3810  -13.848727
    3811  -13.835166
    3812  -13.835166
    3813  -13.821405
    3814  -13.821405
    3815  -13.807344
    3816  -13.807344
    3817  -13.790003
    3818  -13.790003
    3819  -13.769473
    3820  -13.769473
    3821  -13.748911
    3822  -13.748911
    3823  -13.728416
    3824  -13.728416
    3825  -13.704943
    3826  -13.704943
    3827  -13.678683
    3828  -13.678683
    3829  -13.653295
    3830  -13.653295
    3831  -13.628716
    3832  -13.628716
    3833  -13.601264
    3834  -13.601264
    3835  -13.570876
    3836  -13.570876
    3837  -13.540746
    3838  -13.540746
    3839  -13.510330
    3840  -13.510330
    3841  -13.476130
    3842  -13.476130
    3843  -13.438502
    3844  -13.438502
    3845  -13.400821
    3846  -13.400821
    3847  -13.362571
    3848  -13.362571
    3849  -13.319306
    3850  -13.319306
    3851  -13.271726
    3852  -13.271726
    3853  -13.226185
    3854  -13.226185
    3855  -13.183369
    3856  -13.183369
    3857  -13.138601
    3858  -13.138601
    3859  -13.091179
    3860  -13.091179
    3861  -13.043609
    3862  -13.043609
    3863  -12.994917
    3864  -12.994917
    3865  -12.940359
    3866  -12.940359
    3867  -12.880216
    3868  -12.880216
    3869  -12.820637
    3870  -12.820637
    3871  -12.761615
    3872  -12.761615
    3873  -12.696532
    3874  -12.696532
    3875  -12.625562
    3876  -12.625562
    3877  -12.555986
    3878  -12.555986
    3879  -12.487023
    3880  -12.487023
    3881  -12.416889
    3882  -12.416889
    3883  -12.360919
    3884  -12.360919
    3885  -12.330269
    3886  -12.330269
    3887  -12.314788
    3888  -12.314788
    3889  -12.294933
    3890  -12.294933
    3891  -12.262728
    3892  -12.262728
    3893  -12.229021
    3894  -12.229021
    3895  -12.196273
    3896  -12.196273
    3897  -12.153077
    3898  -12.153077
    3899  -12.099069
    3900  -12.099069
    3901  -12.045386
    3902  -12.045386
    3903  -11.991490
    3904  -11.991490
    3905  -11.925030
    3906  -11.925030
    3907  -11.846992
    3908  -11.846992
    3909  -11.771029
    3910  -11.771029
    3911  -11.694779
    3912  -11.694779
    3913  -11.600088
    3914  -11.600088
    3915  -11.487624
    3916  -11.487624
    3917  -11.377099
    3918  -11.377099
    3919  -11.268125
    3920  -11.268125
    3921  -11.138924
    3922  -11.138924
    3923  -10.988438
    3924  -10.988438
    3925  -10.837612
    3926  -10.837612
    3927  -10.685139
    3928  -10.685139
    3929  -10.505613
    3930  -10.505613
    3931  -10.297876
    3932  -10.297876
    3933  -10.087879
    3934  -10.087879
    3935   -9.872107
    3936   -9.872107
    3937   -9.615021
    3938   -9.615021
    3939   -9.314203
    3940   -9.314203
    3941   -9.000414
    3942   -9.000414
    3943   -8.668106
    3944   -8.668106
    3945   -8.272840
    3946   -8.272840
    3947   -7.800889
    3948   -7.800889
    3949   -7.269967
    3950   -7.269967
    3951   -6.668995
    3952   -6.668995
    3953   -5.956076
    3954   -5.956076
    3955   -5.108650
    3956   -5.108650
    3957   -4.181961
    3958   -4.181961
    3959   -3.421815
    3960   -3.421815
