       1   -0.024542
       2   -0.024542
       3   -0.023876
       4   -0.023876
       5   -0.022897
       6   -0.022897
       7   -0.021669
       8   -0.021669
       9   -0.020212
      10   -0.020212
      11   -0.019304
      12   -0.019304
      13   -0.019123
      14   -0.019123
      15   -0.019261
      16   -0.019261
      17   -0.019463
      18   -0.019463
      19   -0.019517
      20   -0.019517
      21   -0.019417
      22   -0.019417
      23   -0.019262
      24   -0.019262
      25   -0.019104
      26   -0.019104
      27   -0.018983
      28   -0.018983
      29   -0.018919
      30   -0.018919
      31   -0.018889
      32   -0.018889
      33   -0.018855
      34   -0.018855
      35   -0.018817
      36   -0.018817
      37   -0.018801
      38   -0.018801
      39   -0.018804
      40   -0.018804
      41   -0.018811
      42   -0.018811
      43   -0.018823
      44   -0.018823
      45   -0.018834
      46   -0.018834
      47   -0.018817
      48   -0.018817
      49   -0.018774
      50   -0.018774
      51   -0.018748
      52   -0.018748
      53   -0.018762
      54   -0.018762
      55   -0.018804
      56   -0.018804
      57   -0.018835
      58   -0.018835
      59   -0.018828
      60   -0.018828
      61   -0.018795
      62   -0.018795
      63   -0.018755
      64   -0.018755
      65   -0.018713
      66   -0.018713
      67   -0.018673
      68   -0.018673
      69   -0.018629
      70   -0.018629
      71   -0.018570
      72   -0.018570
      73   -0.018500
      74   -0.018500
      75   -0.018427
      76   -0.018427
      77   -0.018344
      78   -0.018344
      79   -0.018255
      80   -0.018255
      81   -0.018156
      82   -0.018156
      83   -0.018047
      84   -0.018047
      85   -0.017936
      86   -0.017936
      87   -0.017831
      88   -0.017831
      89   -0.017743
      90   -0.017743
      91   -0.017657
      92   -0.017657
      93   -0.017558
      94   -0.017558
      95   -0.017450
      96   -0.017450
      97   -0.017323
      98   -0.017323
      99   -0.017158
     100   -0.017158
     101   -0.016971
     102   -0.016971
     103   -0.016787
     104   -0.016787
     105   -0.016629
     106   -0.016629
     107   -0.016486
     108   -0.016486
     109   -0.016296
     110   -0.016296
     111   -0.016026
     112   -0.016026
     113   -0.015708
     114   -0.015708
     115   -0.015400
     116   -0.015400
     117   -0.015113
     118   -0.015113
     119   -0.014963
     120   -0.014963
     121   -0.015057
     122   -0.015057
     123   -0.015262
     124   -0.015262
     125   -0.015472
     126   -0.015472
     127   -0.015645
     128   -0.015645
     129   -0.015774
     130   -0.015774
     131   -0.015860
     132   -0.015860
     133   -0.015859
     134   -0.015859
     135   -0.015755
     136   -0.015755
     137   -0.015649
     138   -0.015649
     139   -0.015633
     140   -0.015633
     141   -0.015610
     142   -0.015610
     143   -0.015507
     144   -0.015507
     145   -0.015353
     146   -0.015353
     147   -0.015200
     148   -0.015200
     149   -0.015046
     150   -0.015046
     151   -0.014827
     152   -0.014827
     153   -0.014584
     154   -0.014584
     155   -0.014404
     156   -0.014404
     157   -0.014247
     158   -0.014247
     159   -0.014061
     160   -0.014061
     161   -0.013867
     162   -0.013867
     163   -0.013646
     164   -0.013646
     165   -0.013315
     166   -0.013315
     167   -0.012848
     168   -0.012848
     169   -0.012306
     170   -0.012306
     171   -0.011682
     172   -0.011682
     173   -0.010847
     174   -0.010847
     175   -0.009726
     176   -0.009726
     177   -0.008453
     178   -0.008453
     179   -0.007201
     180   -0.007201
     181   -0.005939
     182   -0.005939
     183   -0.004571
     184   -0.004571
     185   -0.002980
     186   -0.002980
     187   -0.001141
     188   -0.001141
     189    0.000963
     190    0.000963
     191    0.002975
     192    0.002975
     193    0.005691
     194    0.005691
     195    0.010754
     196    0.010754
     197    0.015745
     198    0.015745
     199   -0.069769
     200   -0.069769
     201   -0.068148
     202   -0.068148
     203   -0.065828
     204   -0.065828
     205   -0.062945
     206   -0.062945
     207   -0.059531
     208   -0.059531
     209   -0.057443
     210   -0.057443
     211   -0.057051
     212   -0.057051
     213   -0.057333
     214   -0.057333
     215   -0.057692
     216   -0.057692
     217   -0.057668
     218   -0.057668
     219   -0.057277
     220   -0.057277
     221   -0.056772
     222   -0.056772
     223   -0.056282
     224   -0.056282
     225   -0.055921
     226   -0.055921
     227   -0.055737
     228   -0.055737
     229   -0.055649
     230   -0.055649
     231   -0.055554
     232   -0.055554
     233   -0.055454
     234   -0.055454
     235   -0.055407
     236   -0.055407
     237   -0.055412
     238   -0.055412
     239   -0.055424
     240   -0.055424
     241   -0.055444
     242   -0.055444
     243   -0.055460
     244   -0.055460
     245   -0.055410
     246   -0.055410
     247   -0.055305
     248   -0.055305
     249   -0.055241
     250   -0.055241
     251   -0.055278
     252   -0.055278
     253   -0.055389
     254   -0.055389
     255   -0.055466
     256   -0.055466
     257   -0.055432
     258   -0.055432
     259   -0.055325
     260   -0.055325
     261   -0.055201
     262   -0.055201
     263   -0.055072
     264   -0.055072
     265   -0.054949
     266   -0.054949
     267   -0.054818
     268   -0.054818
     269   -0.054653
     270   -0.054653
     271   -0.054464
     272   -0.054464
     273   -0.054264
     274   -0.054264
     275   -0.054038
     276   -0.054038
     277   -0.053779
     278   -0.053779
     279   -0.053481
     280   -0.053481
     281   -0.053169
     282   -0.053169
     283   -0.052865
     284   -0.052865
     285   -0.052570
     286   -0.052570
     287   -0.052303
     288   -0.052303
     289   -0.052053
     290   -0.052053
     291   -0.051781
     292   -0.051781
     293   -0.051464
     294   -0.051464
     295   -0.051075
     296   -0.051075
     297   -0.050609
     298   -0.050609
     299   -0.050128
     300   -0.050128
     301   -0.049667
     302   -0.049667
     303   -0.049239
     304   -0.049239
     305   -0.048807
     306   -0.048807
     307   -0.048264
     308   -0.048264
     309   -0.047553
     310   -0.047553
     311   -0.046744
     312   -0.046744
     313   -0.045940
     314   -0.045940
     315   -0.045122
     316   -0.045122
     317   -0.044637
     318   -0.044637
     319   -0.044832
     320   -0.044832
     321   -0.045398
     322   -0.045398
     323   -0.045989
     324   -0.045989
     325   -0.046453
     326   -0.046453
     327   -0.046780
     328   -0.046780
     329   -0.047009
     330   -0.047009
     331   -0.047078
     332   -0.047078
     333   -0.046890
     334   -0.046890
     335   -0.046611
     336   -0.046611
     337   -0.046546
     338   -0.046546
     339   -0.046540
     340   -0.046540
     341   -0.046301
     342   -0.046301
     343   -0.045862
     344   -0.045862
     345   -0.045451
     346   -0.045451
     347   -0.045064
     348   -0.045064
     349   -0.044457
     350   -0.044457
     351   -0.043732
     352   -0.043732
     353   -0.043224
     354   -0.043224
     355   -0.042833
     356   -0.042833
     357   -0.042289
     358   -0.042289
     359   -0.041612
     360   -0.041612
     361   -0.040916
     362   -0.040916
     363   -0.040050
     364   -0.040050
     365   -0.038806
     366   -0.038806
     367   -0.037257
     368   -0.037257
     369   -0.035518
     370   -0.035518
     371   -0.033300
     372   -0.033300
     373   -0.030236
     374   -0.030236
     375   -0.026644
     376   -0.026644
     377   -0.023212
     378   -0.023212
     379   -0.019939
     380   -0.019939
     381   -0.016451
     382   -0.016451
     383   -0.012420
     384   -0.012420
     385   -0.007841
     386   -0.007841
     387   -0.002677
     388   -0.002677
     389    0.002414
     390    0.002414
     391    0.008756
     392    0.008756
     393    0.018845
     394    0.018845
     395    0.027887
     396    0.027887
     397   -0.108485
     398   -0.108485
     399   -0.106436
     400   -0.106436
     401   -0.103715
     402   -0.103715
     403   -0.100940
     404   -0.100940
     405   -0.098020
     406   -0.098020
     407   -0.096341
     408   -0.096341
     409   -0.096099
     410   -0.096099
     411   -0.096190
     412   -0.096190
     413   -0.096047
     414   -0.096047
     415   -0.095467
     416   -0.095467
     417   -0.094569
     418   -0.094569
     419   -0.093611
     420   -0.093611
     421   -0.092744
     422   -0.092744
     423   -0.092152
     424   -0.092152
     425   -0.091877
     426   -0.091877
     427   -0.091741
     428   -0.091741
     429   -0.091597
     430   -0.091597
     431   -0.091462
     432   -0.091462
     433   -0.091399
     434   -0.091399
     435   -0.091388
     436   -0.091388
     437   -0.091374
     438   -0.091374
     439   -0.091360
     440   -0.091360
     441   -0.091340
     442   -0.091340
     443   -0.091256
     444   -0.091256
     445   -0.091123
     446   -0.091123
     447   -0.091047
     448   -0.091047
     449   -0.091094
     450   -0.091094
     451   -0.091213
     452   -0.091213
     453   -0.091243
     454   -0.091243
     455   -0.091099
     456   -0.091099
     457   -0.090876
     458   -0.090876
     459   -0.090647
     460   -0.090647
     461   -0.090413
     462   -0.090413
     463   -0.090198
     464   -0.090198
     465   -0.089993
     466   -0.089993
     467   -0.089746
     468   -0.089746
     469   -0.089454
     470   -0.089454
     471   -0.089159
     472   -0.089159
     473   -0.088844
     474   -0.088844
     475   -0.088424
     476   -0.088424
     477   -0.087905
     478   -0.087905
     479   -0.087426
     480   -0.087426
     481   -0.087015
     482   -0.087015
     483   -0.086565
     484   -0.086565
     485   -0.086087
     486   -0.086087
     487   -0.085671
     488   -0.085671
     489   -0.085276
     490   -0.085276
     491   -0.084766
     492   -0.084766
     493   -0.084109
     494   -0.084109
     495   -0.083429
     496   -0.083429
     497   -0.082818
     498   -0.082818
     499   -0.082206
     500   -0.082206
     501   -0.081529
     502   -0.081529
     503   -0.080824
     504   -0.080824
     505   -0.080050
     506   -0.080050
     507   -0.079107
     508   -0.079107
     509   -0.078049
     510   -0.078049
     511   -0.076956
     512   -0.076956
     513   -0.075777
     514   -0.075777
     515   -0.074915
     516   -0.074915
     517   -0.074936
     518   -0.074936
     519   -0.075688
     520   -0.075688
     521   -0.076597
     522   -0.076597
     523   -0.077218
     524   -0.077218
     525   -0.077556
     526   -0.077556
     527   -0.077895
     528   -0.077895
     529   -0.078217
     530   -0.078217
     531   -0.078114
     532   -0.078114
     533   -0.077684
     534   -0.077684
     535   -0.077598
     536   -0.077598
     537   -0.077776
     538   -0.077776
     539   -0.077491
     540   -0.077491
     541   -0.076720
     542   -0.076720
     543   -0.076134
     544   -0.076134
     545   -0.075729
     546   -0.075729
     547   -0.074810
     548   -0.074810
     549   -0.073511
     550   -0.073511
     551   -0.072700
     552   -0.072700
     553   -0.072269
     554   -0.072269
     555   -0.071322
     556   -0.071322
     557   -0.069844
     558   -0.069844
     559   -0.068577
     560   -0.068577
     561   -0.067461
     562   -0.067461
     563   -0.065674
     564   -0.065674
     565   -0.063152
     566   -0.063152
     567   -0.060568
     568   -0.060568
     569   -0.057595
     570   -0.057595
     571   -0.053095
     572   -0.053095
     573   -0.047489
     574   -0.047489
     575   -0.042532
     576   -0.042532
     577   -0.038433
     578   -0.038433
     579   -0.034143
     580   -0.034143
     581   -0.029183
     582   -0.029183
     583   -0.023691
     584   -0.023691
     585   -0.017407
     586   -0.017407
     587   -0.009881
     588   -0.009881
     589   -0.000994
     590   -0.000994
     591    0.008152
     592    0.008152
     593    0.014321
     594    0.014321
     595   -0.144197
     596   -0.144197
     597   -0.141802
     598   -0.141802
     599   -0.138833
     600   -0.138833
     601   -0.136825
     602   -0.136825
     603   -0.135496
     604   -0.135496
     605   -0.134837
     606   -0.134837
     607   -0.134726
     608   -0.134726
     609   -0.134346
     610   -0.134346
     611   -0.133356
     612   -0.133356
     613   -0.132051
     614   -0.132051
     615   -0.130682
     616   -0.130682
     617   -0.129413
     618   -0.129413
     619   -0.128349
     620   -0.128349
     621   -0.127673
     622   -0.127673
     623   -0.127390
     624   -0.127390
     625   -0.127246
     626   -0.127246
     627   -0.127086
     628   -0.127086
     629   -0.126941
     630   -0.126941
     631   -0.126873
     632   -0.126873
     633   -0.126839
     634   -0.126839
     635   -0.126764
     636   -0.126764
     637   -0.126661
     638   -0.126661
     639   -0.126566
     640   -0.126566
     641   -0.126444
     642   -0.126444
     643   -0.126285
     644   -0.126285
     645   -0.126175
     646   -0.126175
     647   -0.126179
     648   -0.126179
     649   -0.126188
     650   -0.126188
     651   -0.125995
     652   -0.125995
     653   -0.125603
     654   -0.125603
     655   -0.125212
     656   -0.125212
     657   -0.124867
     658   -0.124867
     659   -0.124514
     660   -0.124514
     661   -0.124196
     662   -0.124196
     663   -0.123926
     664   -0.123926
     665   -0.123615
     666   -0.123615
     667   -0.123223
     668   -0.123223
     669   -0.122843
     670   -0.122843
     671   -0.122475
     672   -0.122475
     673   -0.121936
     674   -0.121936
     675   -0.121230
     676   -0.121230
     677   -0.120631
     678   -0.120631
     679   -0.120184
     680   -0.120184
     681   -0.119628
     682   -0.119628
     683   -0.118934
     684   -0.118934
     685   -0.118334
     686   -0.118334
     687   -0.117829
     688   -0.117829
     689   -0.117171
     690   -0.117171
     691   -0.116325
     692   -0.116325
     693   -0.115539
     694   -0.115539
     695   -0.114893
     696   -0.114893
     697   -0.114152
     698   -0.114152
     699   -0.113224
     700   -0.113224
     701   -0.112323
     702   -0.112323
     703   -0.111462
     704   -0.111462
     705   -0.110412
     706   -0.110412
     707   -0.109171
     708   -0.109171
     709   -0.107886
     710   -0.107886
     711   -0.106585
     712   -0.106585
     713   -0.105484
     714   -0.105484
     715   -0.105181
     716   -0.105181
     717   -0.105904
     718   -0.105904
     719   -0.107018
     720   -0.107018
     721   -0.107713
     722   -0.107713
     723   -0.107988
     724   -0.107988
     725   -0.108459
     726   -0.108459
     727   -0.109076
     728   -0.109076
     729   -0.109059
     730   -0.109059
     731   -0.108525
     732   -0.108525
     733   -0.108488
     734   -0.108488
     735   -0.108872
     736   -0.108872
     737   -0.108537
     738   -0.108537
     739   -0.107461
     740   -0.107461
     741   -0.106770
     742   -0.106770
     743   -0.106443
     744   -0.106443
     745   -0.105296
     746   -0.105296
     747   -0.103449
     748   -0.103449
     749   -0.102310
     750   -0.102310
     751   -0.101813
     752   -0.101813
     753   -0.100412
     754   -0.100412
     755   -0.098058
     756   -0.098058
     757   -0.096216
     758   -0.096216
     759   -0.094923
     760   -0.094923
     761   -0.092678
     762   -0.092678
     763   -0.089298
     764   -0.089298
     765   -0.086112
     766   -0.086112
     767   -0.082761
     768   -0.082761
     769   -0.077271
     770   -0.077271
     771   -0.070173
     772   -0.070173
     773   -0.064354
     774   -0.064354
     775   -0.060250
     776   -0.060250
     777   -0.056043
     778   -0.056043
     779   -0.051303
     780   -0.051303
     781   -0.046271
     782   -0.046271
     783   -0.040090
     784   -0.040090
     785   -0.030517
     786   -0.030517
     787   -0.018809
     788   -0.018809
     789   -0.010338
     790   -0.010338
     791   -0.006087
     792   -0.006087
     793   -0.180753
     794   -0.180753
     795   -0.177973
     796   -0.177973
     797   -0.174371
     798   -0.174371
     799   -0.171807
     800   -0.171807
     801   -0.170041
     802   -0.170041
     803   -0.168888
     804   -0.168888
     805   -0.168216
     806   -0.168216
     807   -0.167304
     808   -0.167304
     809   -0.165892
     810   -0.165892
     811   -0.164400
     812   -0.164400
     813   -0.163104
     814   -0.163104
     815   -0.162146
     816   -0.162146
     817   -0.161522
     818   -0.161522
     819   -0.161159
     820   -0.161159
     821   -0.160982
     822   -0.160982
     823   -0.160865
     824   -0.160865
     825   -0.160730
     826   -0.160730
     827   -0.160601
     828   -0.160601
     829   -0.160514
     830   -0.160514
     831   -0.160428
     832   -0.160428
     833   -0.160277
     834   -0.160277
     835   -0.160079
     836   -0.160079
     837   -0.159895
     838   -0.159895
     839   -0.159712
     840   -0.159712
     841   -0.159499
     842   -0.159499
     843   -0.159306
     844   -0.159306
     845   -0.159163
     846   -0.159163
     847   -0.158931
     848   -0.158931
     849   -0.158448
     850   -0.158448
     851   -0.157829
     852   -0.157829
     853   -0.157295
     854   -0.157295
     855   -0.156842
     856   -0.156842
     857   -0.156391
     858   -0.156391
     859   -0.155977
     860   -0.155977
     861   -0.155626
     862   -0.155626
     863   -0.155243
     864   -0.155243
     865   -0.154777
     866   -0.154777
     867   -0.154325
     868   -0.154325
     869   -0.153891
     870   -0.153891
     871   -0.153306
     872   -0.153306
     873   -0.152568
     874   -0.152568
     875   -0.151922
     876   -0.151922
     877   -0.151413
     878   -0.151413
     879   -0.150781
     880   -0.150781
     881   -0.149969
     882   -0.149969
     883   -0.149222
     884   -0.149222
     885   -0.148573
     886   -0.148573
     887   -0.147801
     888   -0.147801
     889   -0.146889
     890   -0.146889
     891   -0.146063
     892   -0.146063
     893   -0.145342
     894   -0.145342
     895   -0.144453
     896   -0.144453
     897   -0.143360
     898   -0.143360
     899   -0.142329
     900   -0.142329
     901   -0.141349
     902   -0.141349
     903   -0.140129
     904   -0.140129
     905   -0.138646
     906   -0.138646
     907   -0.137153
     908   -0.137153
     909   -0.135784
     910   -0.135784
     911   -0.134653
     912   -0.134653
     913   -0.134248
     914   -0.134248
     915   -0.134874
     916   -0.134874
     917   -0.135974
     918   -0.135974
     919   -0.136757
     920   -0.136757
     921   -0.137185
     922   -0.137185
     923   -0.137774
     924   -0.137774
     925   -0.138412
     926   -0.138412
     927   -0.138407
     928   -0.138407
     929   -0.137950
     930   -0.137950
     931   -0.137927
     932   -0.137927
     933   -0.138191
     934   -0.138191
     935   -0.137764
     936   -0.137764
     937   -0.136687
     938   -0.136687
     939   -0.135929
     940   -0.135929
     941   -0.135438
     942   -0.135438
     943   -0.134174
     944   -0.134174
     945   -0.132226
     946   -0.132226
     947   -0.130785
     948   -0.130785
     949   -0.129828
     950   -0.129828
     951   -0.128033
     952   -0.128033
     953   -0.125345
     954   -0.125345
     955   -0.123085
     956   -0.123085
     957   -0.121288
     958   -0.121288
     959   -0.118563
     960   -0.118563
     961   -0.114743
     962   -0.114743
     963   -0.111067
     964   -0.111067
     965   -0.107171
     966   -0.107171
     967   -0.101188
     968   -0.101188
     969   -0.093654
     970   -0.093654
     971   -0.087366
     972   -0.087366
     973   -0.082775
     974   -0.082775
     975   -0.078128
     976   -0.078128
     977   -0.073644
     978   -0.073644
     979   -0.069274
     980   -0.069274
     981   -0.063059
     982   -0.063059
     983   -0.052973
     984   -0.052973
     985   -0.040537
     986   -0.040537
     987   -0.031045
     988   -0.031045
     989   -0.025499
     990   -0.025499
     991   -0.220440
     992   -0.220440
     993   -0.217628
     994   -0.217628
     995   -0.213652
     996   -0.213652
     997   -0.209821
     998   -0.209821
     999   -0.206149
    1000   -0.206149
    1001   -0.203479
    1002   -0.203479
    1003   -0.201906
    1004   -0.201906
    1005   -0.200532
    1006   -0.200532
    1007   -0.199090
    1008   -0.199090
    1009   -0.197871
    1010   -0.197871
    1011   -0.197067
    1012   -0.197067
    1013   -0.196783
    1014   -0.196783
    1015   -0.196905
    1016   -0.196905
    1017   -0.197028
    1018   -0.197028
    1019   -0.196975
    1020   -0.196975
    1021   -0.196833
    1022   -0.196833
    1023   -0.196687
    1024   -0.196687
    1025   -0.196558
    1026   -0.196558
    1027   -0.196398
    1028   -0.196398
    1029   -0.196187
    1030   -0.196187
    1031   -0.195955
    1032   -0.195955
    1033   -0.195720
    1034   -0.195720
    1035   -0.195465
    1036   -0.195465
    1037   -0.195185
    1038   -0.195185
    1039   -0.194902
    1040   -0.194902
    1041   -0.194619
    1042   -0.194619
    1043   -0.194271
    1044   -0.194271
    1045   -0.193764
    1046   -0.193764
    1047   -0.193115
    1048   -0.193115
    1049   -0.192468
    1050   -0.192468
    1051   -0.191889
    1052   -0.191889
    1053   -0.191337
    1054   -0.191337
    1055   -0.190814
    1056   -0.190814
    1057   -0.190344
    1058   -0.190344
    1059   -0.189893
    1060   -0.189893
    1061   -0.189402
    1062   -0.189402
    1063   -0.188882
    1064   -0.188882
    1065   -0.188384
    1066   -0.188384
    1067   -0.187862
    1068   -0.187862
    1069   -0.187242
    1070   -0.187242
    1071   -0.186566
    1072   -0.186566
    1073   -0.185927
    1074   -0.185927
    1075   -0.185300
    1076   -0.185300
    1077   -0.184557
    1078   -0.184557
    1079   -0.183707
    1080   -0.183707
    1081   -0.182893
    1082   -0.182893
    1083   -0.182102
    1084   -0.182102
    1085   -0.181208
    1086   -0.181208
    1087   -0.180256
    1088   -0.180256
    1089   -0.179377
    1090   -0.179377
    1091   -0.178504
    1092   -0.178504
    1093   -0.177452
    1094   -0.177452
    1095   -0.176255
    1096   -0.176255
    1097   -0.175064
    1098   -0.175064
    1099   -0.173820
    1100   -0.173820
    1101   -0.172330
    1102   -0.172330
    1103   -0.170594
    1104   -0.170594
    1105   -0.168837
    1106   -0.168837
    1107   -0.167224
    1108   -0.167224
    1109   -0.165986
    1110   -0.165986
    1111   -0.165565
    1112   -0.165565
    1113   -0.166065
    1114   -0.166065
    1115   -0.166970
    1116   -0.166970
    1117   -0.167759
    1118   -0.167759
    1119   -0.168362
    1120   -0.168362
    1121   -0.168903
    1122   -0.168903
    1123   -0.169285
    1124   -0.169285
    1125   -0.169265
    1126   -0.169265
    1127   -0.169000
    1128   -0.169000
    1129   -0.168872
    1130   -0.168872
    1131   -0.168750
    1132   -0.168750
    1133   -0.168203
    1134   -0.168203
    1135   -0.167302
    1136   -0.167302
    1137   -0.166455
    1138   -0.166455
    1139   -0.165587
    1140   -0.165587
    1141   -0.164264
    1142   -0.164264
    1143   -0.162535
    1144   -0.162535
    1145   -0.160868
    1146   -0.160868
    1147   -0.159241
    1148   -0.159241
    1149   -0.157115
    1150   -0.157115
    1151   -0.154471
    1152   -0.154471
    1153   -0.151898
    1154   -0.151898
    1155   -0.149366
    1156   -0.149366
    1157   -0.146124
    1158   -0.146124
    1159   -0.142088
    1160   -0.142088
    1161   -0.137891
    1162   -0.137891
    1163   -0.133278
    1164   -0.133278
    1165   -0.127171
    1166   -0.127171
    1167   -0.119932
    1168   -0.119932
    1169   -0.113235
    1170   -0.113235
    1171   -0.107352
    1172   -0.107352
    1173   -0.101236
    1174   -0.101236
    1175   -0.095900
    1176   -0.095900
    1177   -0.090907
    1178   -0.090907
    1179   -0.083392
    1180   -0.083392
    1181   -0.073254
    1182   -0.073254
    1183   -0.061456
    1184   -0.061456
    1185   -0.050038
    1186   -0.050038
    1187   -0.041758
    1188   -0.041758
    1189   -0.264612
    1190   -0.264612
    1191   -0.262304
    1192   -0.262304
    1193   -0.258981
    1194   -0.258981
    1195   -0.255473
    1196   -0.255473
    1197   -0.251872
    1198   -0.251872
    1199   -0.249166
    1200   -0.249166
    1201   -0.247418
    1202   -0.247418
    1203   -0.245772
    1204   -0.245772
    1205   -0.244135
    1206   -0.244135
    1207   -0.243001
    1208   -0.243001
    1209   -0.242499
    1210   -0.242499
    1211   -0.242450
    1212   -0.242450
    1213   -0.242658
    1214   -0.242658
    1215   -0.242798
    1216   -0.242798
    1217   -0.242701
    1218   -0.242701
    1219   -0.242450
    1220   -0.242450
    1221   -0.242185
    1222   -0.242185
    1223   -0.241958
    1224   -0.241958
    1225   -0.241690
    1226   -0.241690
    1227   -0.241348
    1228   -0.241348
    1229   -0.241019
    1230   -0.241019
    1231   -0.240744
    1232   -0.240744
    1233   -0.240448
    1234   -0.240448
    1235   -0.240098
    1236   -0.240098
    1237   -0.239747
    1238   -0.239747
    1239   -0.239367
    1240   -0.239367
    1241   -0.238845
    1242   -0.238845
    1243   -0.238173
    1244   -0.238173
    1245   -0.237503
    1246   -0.237503
    1247   -0.236932
    1248   -0.236932
    1249   -0.236372
    1250   -0.236372
    1251   -0.235764
    1252   -0.235764
    1253   -0.235185
    1254   -0.235185
    1255   -0.234666
    1256   -0.234666
    1257   -0.234127
    1258   -0.234127
    1259   -0.233531
    1260   -0.233531
    1261   -0.232939
    1262   -0.232939
    1263   -0.232378
    1264   -0.232378
    1265   -0.231766
    1266   -0.231766
    1267   -0.231072
    1268   -0.231072
    1269   -0.230368
    1270   -0.230368
    1271   -0.229672
    1272   -0.229672
    1273   -0.228907
    1274   -0.228907
    1275   -0.228045
    1276   -0.228045
    1277   -0.227154
    1278   -0.227154
    1279   -0.226277
    1280   -0.226277
    1281   -0.225356
    1282   -0.225356
    1283   -0.224343
    1284   -0.224343
    1285   -0.223316
    1286   -0.223316
    1287   -0.222319
    1288   -0.222319
    1289   -0.221243
    1290   -0.221243
    1291   -0.220001
    1292   -0.220001
    1293   -0.218652
    1294   -0.218652
    1295   -0.217238
    1296   -0.217238
    1297   -0.215702
    1298   -0.215702
    1299   -0.213950
    1300   -0.213950
    1301   -0.211978
    1302   -0.211978
    1303   -0.209920
    1304   -0.209920
    1305   -0.207941
    1306   -0.207941
    1307   -0.206362
    1308   -0.206362
    1309   -0.205673
    1310   -0.205673
    1311   -0.205935
    1312   -0.205935
    1313   -0.206607
    1314   -0.206607
    1315   -0.207192
    1316   -0.207192
    1317   -0.207586
    1318   -0.207586
    1319   -0.207849
    1320   -0.207849
    1321   -0.207968
    1322   -0.207968
    1323   -0.207887
    1324   -0.207887
    1325   -0.207629
    1326   -0.207629
    1327   -0.207300
    1328   -0.207300
    1329   -0.206858
    1330   -0.206858
    1331   -0.206144
    1332   -0.206144
    1333   -0.205205
    1334   -0.205205
    1335   -0.204189
    1336   -0.204189
    1337   -0.203029
    1338   -0.203029
    1339   -0.201559
    1340   -0.201559
    1341   -0.199792
    1342   -0.199792
    1343   -0.197870
    1344   -0.197870
    1345   -0.195750
    1346   -0.195750
    1347   -0.193259
    1348   -0.193259
    1349   -0.190444
    1350   -0.190444
    1351   -0.187543
    1352   -0.187543
    1353   -0.184448
    1354   -0.184448
    1355   -0.180690
    1356   -0.180690
    1357   -0.176248
    1358   -0.176248
    1359   -0.171485
    1360   -0.171485
    1361   -0.166316
    1362   -0.166316
    1363   -0.160247
    1364   -0.160247
    1365   -0.153394
    1366   -0.153394
    1367   -0.146430
    1368   -0.146430
    1369   -0.139582
    1370   -0.139582
    1371   -0.132112
    1372   -0.132112
    1373   -0.124457
    1374   -0.124457
    1375   -0.116702
    1376   -0.116702
    1377   -0.106962
    1378   -0.106962
    1379   -0.095589
    1380   -0.095589
    1381   -0.082672
    1382   -0.082672
    1383   -0.068489
    1384   -0.068489
    1385   -0.057385
    1386   -0.057385
    1387   -0.315520
    1388   -0.315520
    1389   -0.313768
    1390   -0.313768
    1391   -0.311415
    1392   -0.311415
    1393   -0.309435
    1394   -0.309435
    1395   -0.307815
    1396   -0.307815
    1397   -0.306569
    1398   -0.306569
    1399   -0.305479
    1400   -0.305479
    1401   -0.304012
    1402   -0.304012
    1403   -0.302320
    1404   -0.302320
    1405   -0.301236
    1406   -0.301236
    1407   -0.300863
    1408   -0.300863
    1409   -0.300647
    1410   -0.300647
    1411   -0.300370
    1412   -0.300370
    1413   -0.300104
    1414   -0.300104
    1415   -0.299823
    1416   -0.299823
    1417   -0.299458
    1418   -0.299458
    1419   -0.299055
    1420   -0.299055
    1421   -0.298694
    1422   -0.298694
    1423   -0.298345
    1424   -0.298345
    1425   -0.297930
    1426   -0.297930
    1427   -0.297485
    1428   -0.297485
    1429   -0.297099
    1430   -0.297099
    1431   -0.296744
    1432   -0.296744
    1433   -0.296351
    1434   -0.296351
    1435   -0.295920
    1436   -0.295920
    1437   -0.295423
    1438   -0.295423
    1439   -0.294803
    1440   -0.294803
    1441   -0.294109
    1442   -0.294109
    1443   -0.293490
    1444   -0.293490
    1445   -0.292972
    1446   -0.292972
    1447   -0.292433
    1448   -0.292433
    1449   -0.291818
    1450   -0.291818
    1451   -0.291193
    1452   -0.291193
    1453   -0.290600
    1454   -0.290600
    1455   -0.289994
    1456   -0.289994
    1457   -0.289332
    1458   -0.289332
    1459   -0.288649
    1460   -0.288649
    1461   -0.287968
    1462   -0.287968
    1463   -0.287244
    1464   -0.287244
    1465   -0.286444
    1466   -0.286444
    1467   -0.285608
    1468   -0.285608
    1469   -0.284768
    1470   -0.284768
    1471   -0.283884
    1472   -0.283884
    1473   -0.282956
    1474   -0.282956
    1475   -0.282007
    1476   -0.282007
    1477   -0.281004
    1478   -0.281004
    1479   -0.279926
    1480   -0.279926
    1481   -0.278803
    1482   -0.278803
    1483   -0.277661
    1484   -0.277661
    1485   -0.276467
    1486   -0.276467
    1487   -0.275150
    1488   -0.275150
    1489   -0.273693
    1490   -0.273693
    1491   -0.272136
    1492   -0.272136
    1493   -0.270493
    1494   -0.270493
    1495   -0.268729
    1496   -0.268729
    1497   -0.266769
    1498   -0.266769
    1499   -0.264591
    1500   -0.264591
    1501   -0.262288
    1502   -0.262288
    1503   -0.260037
    1504   -0.260037
    1505   -0.258156
    1506   -0.258156
    1507   -0.257174
    1508   -0.257174
    1509   -0.257220
    1510   -0.257220
    1511   -0.257719
    1512   -0.257719
    1513   -0.258025
    1514   -0.258025
    1515   -0.258035
    1516   -0.258035
    1517   -0.258006
    1518   -0.258006
    1519   -0.257967
    1520   -0.257967
    1521   -0.257706
    1522   -0.257706
    1523   -0.257167
    1524   -0.257167
    1525   -0.256544
    1526   -0.256544
    1527   -0.255871
    1528   -0.255871
    1529   -0.254934
    1530   -0.254934
    1531   -0.253737
    1532   -0.253737
    1533   -0.252479
    1534   -0.252479
    1535   -0.251103
    1536   -0.251103
    1537   -0.249374
    1538   -0.249374
    1539   -0.247283
    1540   -0.247283
    1541   -0.245018
    1542   -0.245018
    1543   -0.242531
    1544   -0.242531
    1545   -0.239617
    1546   -0.239617
    1547   -0.236367
    1548   -0.236367
    1549   -0.233046
    1550   -0.233046
    1551   -0.229513
    1552   -0.229513
    1553   -0.225249
    1554   -0.225249
    1555   -0.220240
    1556   -0.220240
    1557   -0.214891
    1558   -0.214891
    1559   -0.209263
    1560   -0.209263
    1561   -0.203103
    1562   -0.203103
    1563   -0.196306
    1564   -0.196306
    1565   -0.188981
    1566   -0.188981
    1567   -0.181557
    1568   -0.181557
    1569   -0.173190
    1570   -0.173190
    1571   -0.162684
    1572   -0.162684
    1573   -0.151139
    1574   -0.151139
    1575   -0.138788
    1576   -0.138788
    1577   -0.124805
    1578   -0.124805
    1579   -0.108433
    1580   -0.108433
    1581   -0.090309
    1582   -0.090309
    1583   -0.075963
    1584   -0.075963
    1585   -0.376858
    1586   -0.376858
    1587   -0.375321
    1588   -0.375321
    1589   -0.373273
    1590   -0.373273
    1591   -0.371779
    1592   -0.371779
    1593   -0.370889
    1594   -0.370889
    1595   -0.370460
    1596   -0.370460
    1597   -0.370269
    1598   -0.370269
    1599   -0.369902
    1600   -0.369902
    1601   -0.369369
    1602   -0.369369
    1603   -0.369129
    1604   -0.369129
    1605   -0.369157
    1606   -0.369157
    1607   -0.368983
    1608   -0.368983
    1609   -0.368525
    1610   -0.368525
    1611   -0.368078
    1612   -0.368078
    1613   -0.367722
    1614   -0.367722
    1615   -0.367341
    1616   -0.367341
    1617   -0.366913
    1618   -0.366913
    1619   -0.366501
    1620   -0.366501
    1621   -0.366111
    1622   -0.366111
    1623   -0.365654
    1624   -0.365654
    1625   -0.365117
    1626   -0.365117
    1627   -0.364595
    1628   -0.364595
    1629   -0.364114
    1630   -0.364114
    1631   -0.363619
    1632   -0.363619
    1633   -0.363075
    1634   -0.363075
    1635   -0.362475
    1636   -0.362475
    1637   -0.361826
    1638   -0.361826
    1639   -0.361186
    1640   -0.361186
    1641   -0.360626
    1642   -0.360626
    1643   -0.360120
    1644   -0.360120
    1645   -0.359575
    1646   -0.359575
    1647   -0.358952
    1648   -0.358952
    1649   -0.358282
    1650   -0.358282
    1651   -0.357605
    1652   -0.357605
    1653   -0.356916
    1654   -0.356916
    1655   -0.356182
    1656   -0.356182
    1657   -0.355396
    1658   -0.355396
    1659   -0.354574
    1660   -0.354574
    1661   -0.353713
    1662   -0.353713
    1663   -0.352791
    1664   -0.352791
    1665   -0.351822
    1666   -0.351822
    1667   -0.350852
    1668   -0.350852
    1669   -0.349882
    1670   -0.349882
    1671   -0.348894
    1672   -0.348894
    1673   -0.347860
    1674   -0.347860
    1675   -0.346729
    1676   -0.346729
    1677   -0.345503
    1678   -0.345503
    1679   -0.344229
    1680   -0.344229
    1681   -0.342894
    1682   -0.342894
    1683   -0.341451
    1684   -0.341451
    1685   -0.339893
    1686   -0.339893
    1687   -0.338232
    1688   -0.338232
    1689   -0.336473
    1690   -0.336473
    1691   -0.334617
    1692   -0.334617
    1693   -0.332629
    1694   -0.332629
    1695   -0.330459
    1696   -0.330459
    1697   -0.328105
    1698   -0.328105
    1699   -0.325645
    1700   -0.325645
    1701   -0.323235
    1702   -0.323235
    1703   -0.321186
    1704   -0.321186
    1705   -0.320031
    1706   -0.320031
    1707   -0.319910
    1708   -0.319910
    1709   -0.320246
    1710   -0.320246
    1711   -0.320391
    1712   -0.320391
    1713   -0.320253
    1714   -0.320253
    1715   -0.320112
    1716   -0.320112
    1717   -0.319964
    1718   -0.319964
    1719   -0.319530
    1720   -0.319530
    1721   -0.318755
    1722   -0.318755
    1723   -0.317892
    1724   -0.317892
    1725   -0.316994
    1726   -0.316994
    1727   -0.315848
    1728   -0.315848
    1729   -0.314431
    1730   -0.314431
    1731   -0.312929
    1732   -0.312929
    1733   -0.311303
    1734   -0.311303
    1735   -0.309318
    1736   -0.309318
    1737   -0.306950
    1738   -0.306950
    1739   -0.304356
    1740   -0.304356
    1741   -0.301501
    1742   -0.301501
    1743   -0.298173
    1744   -0.298173
    1745   -0.294430
    1746   -0.294430
    1747   -0.290542
    1748   -0.290542
    1749   -0.286400
    1750   -0.286400
    1751   -0.281526
    1752   -0.281526
    1753   -0.275903
    1754   -0.275903
    1755   -0.269917
    1756   -0.269917
    1757   -0.263618
    1758   -0.263618
    1759   -0.256741
    1760   -0.256741
    1761   -0.249099
    1762   -0.249099
    1763   -0.240702
    1764   -0.240702
    1765   -0.231959
    1766   -0.231959
    1767   -0.222049
    1768   -0.222049
    1769   -0.209223
    1770   -0.209223
    1771   -0.194525
    1772   -0.194525
    1773   -0.178899
    1774   -0.178899
    1775   -0.161045
    1776   -0.161045
    1777   -0.139950
    1778   -0.139950
    1779   -0.116795
    1780   -0.116795
    1781   -0.098263
    1782   -0.098263
    1783   -0.452187
    1784   -0.452187
    1785   -0.450813
    1786   -0.450813
    1787   -0.448799
    1788   -0.448799
    1789   -0.446844
    1790   -0.446844
    1791   -0.445221
    1792   -0.445221
    1793   -0.444638
    1794   -0.444638
    1795   -0.445180
    1796   -0.445180
    1797   -0.446314
    1798   -0.446314
    1799   -0.447617
    1800   -0.447617
    1801   -0.448662
    1802   -0.448662
    1803   -0.449252
    1804   -0.449252
    1805   -0.449387
    1806   -0.449387
    1807   -0.449185
    1808   -0.449185
    1809   -0.448911
    1810   -0.448911
    1811   -0.448669
    1812   -0.448669
    1813   -0.448394
    1814   -0.448394
    1815   -0.448054
    1816   -0.448054
    1817   -0.447677
    1818   -0.447677
    1819   -0.447277
    1820   -0.447277
    1821   -0.446810
    1822   -0.446810
    1823   -0.446254
    1824   -0.446254
    1825   -0.445657
    1826   -0.445657
    1827   -0.445053
    1828   -0.445053
    1829   -0.444433
    1830   -0.444433
    1831   -0.443774
    1832   -0.443774
    1833   -0.443093
    1834   -0.443093
    1835   -0.442435
    1836   -0.442435
    1837   -0.441830
    1838   -0.441830
    1839   -0.441271
    1840   -0.441271
    1841   -0.440710
    1842   -0.440710
    1843   -0.440108
    1844   -0.440108
    1845   -0.439444
    1846   -0.439444
    1847   -0.438713
    1848   -0.438713
    1849   -0.437932
    1850   -0.437932
    1851   -0.437120
    1852   -0.437120
    1853   -0.436266
    1854   -0.436266
    1855   -0.435353
    1856   -0.435353
    1857   -0.434397
    1858   -0.434397
    1859   -0.433413
    1860   -0.433413
    1861   -0.432391
    1862   -0.432391
    1863   -0.431324
    1864   -0.431324
    1865   -0.430245
    1866   -0.430245
    1867   -0.429170
    1868   -0.429170
    1869   -0.428068
    1870   -0.428068
    1871   -0.426907
    1872   -0.426907
    1873   -0.425662
    1874   -0.425662
    1875   -0.424306
    1876   -0.424306
    1877   -0.422827
    1878   -0.422827
    1879   -0.421222
    1880   -0.421222
    1881   -0.419506
    1882   -0.419506
    1883   -0.417715
    1884   -0.417715
    1885   -0.415846
    1886   -0.415846
    1887   -0.413868
    1888   -0.413868
    1889   -0.411770
    1890   -0.411770
    1891   -0.409524
    1892   -0.409524
    1893   -0.407103
    1894   -0.407103
    1895   -0.404530
    1896   -0.404530
    1897   -0.401878
    1898   -0.401878
    1899   -0.399271
    1900   -0.399271
    1901   -0.396987
    1902   -0.396987
    1903   -0.395562
    1904   -0.395562
    1905   -0.395160
    1906   -0.395160
    1907   -0.395259
    1908   -0.395259
    1909   -0.395305
    1910   -0.395305
    1911   -0.395179
    1912   -0.395179
    1913   -0.395017
    1914   -0.395017
    1915   -0.394784
    1916   -0.394784
    1917   -0.394286
    1918   -0.394286
    1919   -0.393499
    1920   -0.393499
    1921   -0.392557
    1922   -0.392557
    1923   -0.391478
    1924   -0.391478
    1925   -0.390161
    1926   -0.390161
    1927   -0.388594
    1928   -0.388594
    1929   -0.386852
    1930   -0.386852
    1931   -0.384909
    1932   -0.384909
    1933   -0.382643
    1934   -0.382643
    1935   -0.380036
    1936   -0.380036
    1937   -0.377131
    1938   -0.377131
    1939   -0.373912
    1940   -0.373912
    1941   -0.370216
    1942   -0.370216
    1943   -0.366019
    1944   -0.366019
    1945   -0.361509
    1946   -0.361509
    1947   -0.356603
    1948   -0.356603
    1949   -0.350991
    1950   -0.350991
    1951   -0.344696
    1952   -0.344696
    1953   -0.337980
    1954   -0.337980
    1955   -0.330743
    1956   -0.330743
    1957   -0.322571
    1958   -0.322571
    1959   -0.313331
    1960   -0.313331
    1961   -0.303161
    1962   -0.303161
    1963   -0.292140
    1964   -0.292140
    1965   -0.279761
    1966   -0.279761
    1967   -0.264919
    1968   -0.264919
    1969   -0.247515
    1970   -0.247515
    1971   -0.227747
    1972   -0.227747
    1973   -0.204815
    1974   -0.204815
    1975   -0.178065
    1976   -0.178065
    1977   -0.148998
    1978   -0.148998
    1979   -0.125482
    1980   -0.125482
    1981   -0.545867
    1982   -0.545867
    1983   -0.545004
    1984   -0.545004
    1985   -0.543593
    1986   -0.543593
    1987   -0.541912
    1988   -0.541912
    1989   -0.540265
    1990   -0.540265
    1991   -0.539670
    1992   -0.539670
    1993   -0.540373
    1994   -0.540373
    1995   -0.541838
    1996   -0.541838
    1997   -0.543535
    1998   -0.543535
    1999   -0.544838
    2000   -0.544838
    2001   -0.545572
    2002   -0.545572
    2003   -0.545934
    2004   -0.545934
    2005   -0.546051
    2006   -0.546051
    2007   -0.546036
    2008   -0.546036
    2009   -0.545962
    2010   -0.545962
    2011   -0.545847
    2012   -0.545847
    2013   -0.545660
    2014   -0.545660
    2015   -0.545373
    2016   -0.545373
    2017   -0.545003
    2018   -0.545003
    2019   -0.544573
    2020   -0.544573
    2021   -0.544073
    2022   -0.544073
    2023   -0.543498
    2024   -0.543498
    2025   -0.542876
    2026   -0.542876
    2027   -0.542218
    2028   -0.542218
    2029   -0.541512
    2030   -0.541512
    2031   -0.540781
    2032   -0.540781
    2033   -0.540080
    2034   -0.540080
    2035   -0.539423
    2036   -0.539423
    2037   -0.538771
    2038   -0.538771
    2039   -0.538084
    2040   -0.538084
    2041   -0.537363
    2042   -0.537363
    2043   -0.536598
    2044   -0.536598
    2045   -0.535759
    2046   -0.535759
    2047   -0.534847
    2048   -0.534847
    2049   -0.533889
    2050   -0.533889
    2051   -0.532889
    2052   -0.532889
    2053   -0.531836
    2054   -0.531836
    2055   -0.530747
    2056   -0.530747
    2057   -0.529652
    2058   -0.529652
    2059   -0.528547
    2060   -0.528547
    2061   -0.527390
    2062   -0.527390
    2063   -0.526174
    2064   -0.526174
    2065   -0.524930
    2066   -0.524930
    2067   -0.523671
    2068   -0.523671
    2069   -0.522365
    2070   -0.522365
    2071   -0.520970
    2072   -0.520970
    2073   -0.519432
    2074   -0.519432
    2075   -0.517694
    2076   -0.517694
    2077   -0.515764
    2078   -0.515764
    2079   -0.513732
    2080   -0.513732
    2081   -0.511652
    2082   -0.511652
    2083   -0.509500
    2084   -0.509500
    2085   -0.507233
    2086   -0.507233
    2087   -0.504840
    2088   -0.504840
    2089   -0.502318
    2090   -0.502318
    2091   -0.499653
    2092   -0.499653
    2093   -0.496860
    2094   -0.496860
    2095   -0.493992
    2096   -0.493992
    2097   -0.491172
    2098   -0.491172
    2099   -0.488743
    2100   -0.488743
    2101   -0.487207
    2102   -0.487207
    2103   -0.486630
    2104   -0.486630
    2105   -0.486551
    2106   -0.486551
    2107   -0.486538
    2108   -0.486538
    2109   -0.486419
    2110   -0.486419
    2111   -0.486195
    2112   -0.486195
    2113   -0.485822
    2114   -0.485822
    2115   -0.485191
    2116   -0.485191
    2117   -0.484300
    2118   -0.484300
    2119   -0.483215
    2120   -0.483215
    2121   -0.481917
    2122   -0.481917
    2123   -0.480365
    2124   -0.480365
    2125   -0.478546
    2126   -0.478546
    2127   -0.476465
    2128   -0.476465
    2129   -0.474095
    2130   -0.474095
    2131   -0.471386
    2132   -0.471386
    2133   -0.468347
    2134   -0.468347
    2135   -0.465001
    2136   -0.465001
    2137   -0.461336
    2138   -0.461336
    2139   -0.457212
    2140   -0.457212
    2141   -0.452542
    2142   -0.452542
    2143   -0.447382
    2144   -0.447382
    2145   -0.441649
    2146   -0.441649
    2147   -0.435230
    2148   -0.435230
    2149   -0.428171
    2150   -0.428171
    2151   -0.420556
    2152   -0.420556
    2153   -0.412237
    2154   -0.412237
    2155   -0.402837
    2156   -0.402837
    2157   -0.392145
    2158   -0.392145
    2159   -0.380050
    2160   -0.380050
    2161   -0.366350
    2162   -0.366350
    2163   -0.351188
    2164   -0.351188
    2165   -0.334069
    2166   -0.334069
    2167   -0.313649
    2168   -0.313649
    2169   -0.289282
    2170   -0.289282
    2171   -0.260499
    2172   -0.260499
    2173   -0.226973
    2174   -0.226973
    2175   -0.190693
    2176   -0.190693
    2177   -0.161151
    2178   -0.161151
    2179   -0.667319
    2180   -0.667319
    2181   -0.667652
    2182   -0.667652
    2183   -0.667964
    2184   -0.667964
    2185   -0.668023
    2186   -0.668023
    2187   -0.667895
    2188   -0.667895
    2189   -0.668044
    2190   -0.668044
    2191   -0.668605
    2192   -0.668605
    2193   -0.669255
    2194   -0.669255
    2195   -0.669813
    2196   -0.669813
    2197   -0.670262
    2198   -0.670262
    2199   -0.670637
    2200   -0.670637
    2201   -0.670991
    2202   -0.670991
    2203   -0.671300
    2204   -0.671300
    2205   -0.671472
    2206   -0.671472
    2207   -0.671515
    2208   -0.671515
    2209   -0.671525
    2210   -0.671525
    2211   -0.671491
    2212   -0.671491
    2213   -0.671314
    2214   -0.671314
    2215   -0.670996
    2216   -0.670996
    2217   -0.670617
    2218   -0.670617
    2219   -0.670186
    2220   -0.670186
    2221   -0.669669
    2222   -0.669669
    2223   -0.669077
    2224   -0.669077
    2225   -0.668431
    2226   -0.668431
    2227   -0.667732
    2228   -0.667732
    2229   -0.666985
    2230   -0.666985
    2231   -0.666210
    2232   -0.666210
    2233   -0.665418
    2234   -0.665418
    2235   -0.664598
    2236   -0.664598
    2237   -0.663741
    2238   -0.663741
    2239   -0.662850
    2240   -0.662850
    2241   -0.661914
    2242   -0.661914
    2243   -0.660911
    2244   -0.660911
    2245   -0.659847
    2246   -0.659847
    2247   -0.658732
    2248   -0.658732
    2249   -0.657571
    2250   -0.657571
    2251   -0.656363
    2252   -0.656363
    2253   -0.655123
    2254   -0.655123
    2255   -0.653878
    2256   -0.653878
    2257   -0.652634
    2258   -0.652634
    2259   -0.651338
    2260   -0.651338
    2261   -0.649945
    2262   -0.649945
    2263   -0.648487
    2264   -0.648487
    2265   -0.647032
    2266   -0.647032
    2267   -0.645545
    2268   -0.645545
    2269   -0.643924
    2270   -0.643924
    2271   -0.642119
    2272   -0.642119
    2273   -0.640073
    2274   -0.640073
    2275   -0.637800
    2276   -0.637800
    2277   -0.635413
    2278   -0.635413
    2279   -0.632966
    2280   -0.632966
    2281   -0.630454
    2282   -0.630454
    2283   -0.627848
    2284   -0.627848
    2285   -0.625115
    2286   -0.625115
    2287   -0.622259
    2288   -0.622259
    2289   -0.619308
    2290   -0.619308
    2291   -0.616292
    2292   -0.616292
    2293   -0.613221
    2294   -0.613221
    2295   -0.610225
    2296   -0.610225
    2297   -0.607829
    2298   -0.607829
    2299   -0.606502
    2300   -0.606502
    2301   -0.606026
    2302   -0.606026
    2303   -0.605938
    2304   -0.605938
    2305   -0.605964
    2306   -0.605964
    2307   -0.605886
    2308   -0.605886
    2309   -0.605569
    2310   -0.605569
    2311   -0.604981
    2312   -0.604981
    2313   -0.604077
    2314   -0.604077
    2315   -0.602879
    2316   -0.602879
    2317   -0.601473
    2318   -0.601473
    2319   -0.599855
    2320   -0.599855
    2321   -0.597937
    2322   -0.597937
    2323   -0.595659
    2324   -0.595659
    2325   -0.593051
    2326   -0.593051
    2327   -0.590108
    2328   -0.590108
    2329   -0.586766
    2330   -0.586766
    2331   -0.583043
    2332   -0.583043
    2333   -0.578998
    2334   -0.578998
    2335   -0.574602
    2336   -0.574602
    2337   -0.569770
    2338   -0.569770
    2339   -0.564383
    2340   -0.564383
    2341   -0.558336
    2342   -0.558336
    2343   -0.551556
    2344   -0.551556
    2345   -0.544068
    2346   -0.544068
    2347   -0.535885
    2348   -0.535885
    2349   -0.526973
    2350   -0.526973
    2351   -0.517302
    2352   -0.517302
    2353   -0.506686
    2354   -0.506686
    2355   -0.494715
    2356   -0.494715
    2357   -0.480792
    2358   -0.480792
    2359   -0.464285
    2360   -0.464285
    2361   -0.445677
    2362   -0.445677
    2363   -0.425202
    2364   -0.425202
    2365   -0.401038
    2366   -0.401038
    2367   -0.371712
    2368   -0.371712
    2369   -0.336340
    2370   -0.336340
    2371   -0.294561
    2372   -0.294561
    2373   -0.248947
    2374   -0.248947
    2375   -0.211426
    2376   -0.211426
    2377   -0.832463
    2378   -0.832463
    2379   -0.834815
    2380   -0.834815
    2381   -0.838090
    2382   -0.838090
    2383   -0.841412
    2384   -0.841412
    2385   -0.844484
    2386   -0.844484
    2387   -0.846536
    2388   -0.846536
    2389   -0.847468
    2390   -0.847468
    2391   -0.847576
    2392   -0.847576
    2393   -0.847228
    2394   -0.847228
    2395   -0.846963
    2396   -0.846963
    2397   -0.846985
    2398   -0.846985
    2399   -0.847206
    2400   -0.847206
    2401   -0.847511
    2402   -0.847511
    2403   -0.847731
    2404   -0.847731
    2405   -0.847828
    2406   -0.847828
    2407   -0.847888
    2408   -0.847888
    2409   -0.847907
    2410   -0.847907
    2411   -0.847786
    2412   -0.847786
    2413   -0.847509
    2414   -0.847509
    2415   -0.847150
    2416   -0.847150
    2417   -0.846727
    2418   -0.846727
    2419   -0.846206
    2420   -0.846206
    2421   -0.845587
    2422   -0.845587
    2423   -0.844885
    2424   -0.844885
    2425   -0.844121
    2426   -0.844121
    2427   -0.843310
    2428   -0.843310
    2429   -0.842440
    2430   -0.842440
    2431   -0.841488
    2432   -0.841488
    2433   -0.840472
    2434   -0.840472
    2435   -0.839417
    2436   -0.839417
    2437   -0.838319
    2438   -0.838319
    2439   -0.837166
    2440   -0.837166
    2441   -0.835955
    2442   -0.835955
    2443   -0.834691
    2444   -0.834691
    2445   -0.833370
    2446   -0.833370
    2447   -0.831985
    2448   -0.831985
    2449   -0.830548
    2450   -0.830548
    2451   -0.829081
    2452   -0.829081
    2453   -0.827597
    2454   -0.827597
    2455   -0.826101
    2456   -0.826101
    2457   -0.824562
    2458   -0.824562
    2459   -0.822925
    2460   -0.822925
    2461   -0.821193
    2462   -0.821193
    2463   -0.819429
    2464   -0.819429
    2465   -0.817605
    2466   -0.817605
    2467   -0.815628
    2468   -0.815628
    2469   -0.813469
    2470   -0.813469
    2471   -0.811105
    2472   -0.811105
    2473   -0.808542
    2474   -0.808542
    2475   -0.805841
    2476   -0.805841
    2477   -0.803023
    2478   -0.803023
    2479   -0.800103
    2480   -0.800103
    2481   -0.797079
    2482   -0.797079
    2483   -0.793908
    2484   -0.793908
    2485   -0.790582
    2486   -0.790582
    2487   -0.787143
    2488   -0.787143
    2489   -0.783658
    2490   -0.783658
    2491   -0.780144
    2492   -0.780144
    2493   -0.776723
    2494   -0.776723
    2495   -0.774010
    2496   -0.774010
    2497   -0.772564
    2498   -0.772564
    2499   -0.772043
    2500   -0.772043
    2501   -0.771880
    2502   -0.771880
    2503   -0.771829
    2504   -0.771829
    2505   -0.771648
    2506   -0.771648
    2507   -0.771136
    2508   -0.771136
    2509   -0.770251
    2510   -0.770251
    2511   -0.768996
    2512   -0.768996
    2513   -0.767383
    2514   -0.767383
    2515   -0.765503
    2516   -0.765503
    2517   -0.763390
    2518   -0.763390
    2519   -0.760868
    2520   -0.760868
    2521   -0.757849
    2522   -0.757849
    2523   -0.754440
    2524   -0.754440
    2525   -0.750677
    2526   -0.750677
    2527   -0.746496
    2528   -0.746496
    2529   -0.741871
    2530   -0.741871
    2531   -0.736807
    2532   -0.736807
    2533   -0.731257
    2534   -0.731257
    2535   -0.725216
    2536   -0.725216
    2537   -0.718566
    2538   -0.718566
    2539   -0.711144
    2540   -0.711144
    2541   -0.702918
    2542   -0.702918
    2543   -0.693908
    2544   -0.693908
    2545   -0.684062
    2546   -0.684062
    2547   -0.673304
    2548   -0.673304
    2549   -0.661641
    2550   -0.661641
    2551   -0.648990
    2552   -0.648990
    2553   -0.634888
    2554   -0.634888
    2555   -0.618558
    2556   -0.618558
    2557   -0.598945
    2558   -0.598945
    2559   -0.576029
    2560   -0.576029
    2561   -0.550405
    2562   -0.550405
    2563   -0.520935
    2564   -0.520935
    2565   -0.485598
    2566   -0.485598
    2567   -0.442218
    2568   -0.442218
    2569   -0.390075
    2570   -0.390075
    2571   -0.332283
    2572   -0.332283
    2573   -0.284035
    2574   -0.284035
    2575   -1.058483
    2576   -1.058483
    2577   -1.063655
    2578   -1.063655
    2579   -1.070948
    2580   -1.070948
    2581   -1.078407
    2582   -1.078407
    2583   -1.085484
    2584   -1.085484
    2585   -1.090150
    2586   -1.090150
    2587   -1.092148
    2588   -1.092148
    2589   -1.092670
    2590   -1.092670
    2591   -1.092562
    2592   -1.092562
    2593   -1.092495
    2594   -1.092495
    2595   -1.092684
    2596   -1.092684
    2597   -1.092986
    2598   -1.092986
    2599   -1.093306
    2600   -1.093306
    2601   -1.093575
    2602   -1.093575
    2603   -1.093766
    2604   -1.093766
    2605   -1.093882
    2606   -1.093882
    2607   -1.093901
    2608   -1.093901
    2609   -1.093776
    2610   -1.093776
    2611   -1.093502
    2612   -1.093502
    2613   -1.093124
    2614   -1.093124
    2615   -1.092656
    2616   -1.092656
    2617   -1.092073
    2618   -1.092073
    2619   -1.091367
    2620   -1.091367
    2621   -1.090536
    2622   -1.090536
    2623   -1.089604
    2624   -1.089604
    2625   -1.088627
    2626   -1.088627
    2627   -1.087598
    2628   -1.087598
    2629   -1.086467
    2630   -1.086467
    2631   -1.085232
    2632   -1.085232
    2633   -1.083928
    2634   -1.083928
    2635   -1.082566
    2636   -1.082566
    2637   -1.081139
    2638   -1.081139
    2639   -1.079646
    2640   -1.079646
    2641   -1.078089
    2642   -1.078089
    2643   -1.076463
    2644   -1.076463
    2645   -1.074750
    2646   -1.074750
    2647   -1.072960
    2648   -1.072960
    2649   -1.071129
    2650   -1.071129
    2651   -1.069260
    2652   -1.069260
    2653   -1.067349
    2654   -1.067349
    2655   -1.065392
    2656   -1.065392
    2657   -1.063349
    2658   -1.063349
    2659   -1.061189
    2660   -1.061189
    2661   -1.058915
    2662   -1.058915
    2663   -1.056517
    2664   -1.056517
    2665   -1.053989
    2666   -1.053989
    2667   -1.051334
    2668   -1.051334
    2669   -1.048551
    2670   -1.048551
    2671   -1.045635
    2672   -1.045635
    2673   -1.042578
    2674   -1.042578
    2675   -1.039338
    2676   -1.039338
    2677   -1.035885
    2678   -1.035885
    2679   -1.032241
    2680   -1.032241
    2681   -1.028419
    2682   -1.028419
    2683   -1.024396
    2684   -1.024396
    2685   -1.020172
    2686   -1.020172
    2687   -1.015796
    2688   -1.015796
    2689   -1.011333
    2690   -1.011333
    2691   -1.006924
    2692   -1.006924
    2693   -1.003157
    2694   -1.003157
    2695   -1.000819
    2696   -1.000819
    2697   -0.999735
    2698   -0.999735
    2699   -0.999109
    2700   -0.999109
    2701   -0.998513
    2702   -0.998513
    2703   -0.997718
    2704   -0.997718
    2705   -0.996547
    2706   -0.996547
    2707   -0.994966
    2708   -0.994966
    2709   -0.993078
    2710   -0.993078
    2711   -0.990845
    2712   -0.990845
    2713   -0.988172
    2714   -0.988172
    2715   -0.985103
    2716   -0.985103
    2717   -0.981524
    2718   -0.981524
    2719   -0.977392
    2720   -0.977392
    2721   -0.972808
    2722   -0.972808
    2723   -0.967804
    2724   -0.967804
    2725   -0.962384
    2726   -0.962384
    2727   -0.956458
    2728   -0.956458
    2729   -0.949882
    2730   -0.949882
    2731   -0.942588
    2732   -0.942588
    2733   -0.934616
    2734   -0.934616
    2735   -0.925897
    2736   -0.925897
    2737   -0.916334
    2738   -0.916334
    2739   -0.905952
    2740   -0.905952
    2741   -0.894716
    2742   -0.894716
    2743   -0.882480
    2744   -0.882480
    2745   -0.869054
    2746   -0.869054
    2747   -0.854313
    2748   -0.854313
    2749   -0.838211
    2750   -0.838211
    2751   -0.820393
    2752   -0.820393
    2753   -0.800113
    2754   -0.800113
    2755   -0.776413
    2756   -0.776413
    2757   -0.748761
    2758   -0.748761
    2759   -0.716713
    2760   -0.716713
    2761   -0.679582
    2762   -0.679582
    2763   -0.635862
    2764   -0.635862
    2765   -0.582201
    2766   -0.582201
    2767   -0.517310
    2768   -0.517310
    2769   -0.444672
    2770   -0.444672
    2771   -0.383252
    2772   -0.383252
    2773   -1.360809
    2774   -1.360809
    2775   -1.369451
    2776   -1.369451
    2777   -1.381076
    2778   -1.381076
    2779   -1.391352
    2780   -1.391352
    2781   -1.400240
    2782   -1.400240
    2783   -1.406455
    2784   -1.406455
    2785   -1.409947
    2786   -1.409947
    2787   -1.412154
    2788   -1.412154
    2789   -1.413902
    2790   -1.413902
    2791   -1.415375
    2792   -1.415375
    2793   -1.416622
    2794   -1.416622
    2795   -1.417671
    2796   -1.417671
    2797   -1.418532
    2798   -1.418532
    2799   -1.419197
    2800   -1.419197
    2801   -1.419678
    2802   -1.419678
    2803   -1.419986
    2804   -1.419986
    2805   -1.420105
    2806   -1.420105
    2807   -1.420012
    2808   -1.420012
    2809   -1.419731
    2810   -1.419731
    2811   -1.419332
    2812   -1.419332
    2813   -1.418834
    2814   -1.418834
    2815   -1.418177
    2816   -1.418177
    2817   -1.417341
    2818   -1.417341
    2819   -1.416352
    2820   -1.416352
    2821   -1.415237
    2822   -1.415237
    2823   -1.414019
    2824   -1.414019
    2825   -1.412704
    2826   -1.412704
    2827   -1.411271
    2828   -1.411271
    2829   -1.409712
    2830   -1.409712
    2831   -1.408045
    2832   -1.408045
    2833   -1.406297
    2834   -1.406297
    2835   -1.404471
    2836   -1.404471
    2837   -1.402563
    2838   -1.402563
    2839   -1.400563
    2840   -1.400563
    2841   -1.398472
    2842   -1.398472
    2843   -1.396287
    2844   -1.396287
    2845   -1.394005
    2846   -1.394005
    2847   -1.391631
    2848   -1.391631
    2849   -1.389156
    2850   -1.389156
    2851   -1.386578
    2852   -1.386578
    2853   -1.383910
    2854   -1.383910
    2855   -1.381146
    2856   -1.381146
    2857   -1.378254
    2858   -1.378254
    2859   -1.375198
    2860   -1.375198
    2861   -1.371981
    2862   -1.371981
    2863   -1.368634
    2864   -1.368634
    2865   -1.365173
    2866   -1.365173
    2867   -1.361608
    2868   -1.361608
    2869   -1.357941
    2870   -1.357941
    2871   -1.354146
    2872   -1.354146
    2873   -1.350145
    2874   -1.350145
    2875   -1.345844
    2876   -1.345844
    2877   -1.341255
    2878   -1.341255
    2879   -1.336412
    2880   -1.336412
    2881   -1.331298
    2882   -1.331298
    2883   -1.325894
    2884   -1.325894
    2885   -1.320199
    2886   -1.320199
    2887   -1.314264
    2888   -1.314264
    2889   -1.308340
    2890   -1.308340
    2891   -1.303109
    2892   -1.303109
    2893   -1.299503
    2894   -1.299503
    2895   -1.297459
    2896   -1.297459
    2897   -1.295940
    2898   -1.295940
    2899   -1.294334
    2900   -1.294334
    2901   -1.292446
    2902   -1.292446
    2903   -1.290078
    2904   -1.290078
    2905   -1.287232
    2906   -1.287232
    2907   -1.284203
    2908   -1.284203
    2909   -1.280938
    2910   -1.280938
    2911   -1.277022
    2912   -1.277022
    2913   -1.272399
    2914   -1.272399
    2915   -1.267240
    2916   -1.267240
    2917   -1.261573
    2918   -1.261573
    2919   -1.255264
    2920   -1.255264
    2921   -1.248322
    2922   -1.248322
    2923   -1.240896
    2924   -1.240896
    2925   -1.232847
    2926   -1.232847
    2927   -1.223876
    2928   -1.223876
    2929   -1.213902
    2930   -1.213902
    2931   -1.203048
    2932   -1.203048
    2933   -1.191323
    2934   -1.191323
    2935   -1.178553
    2936   -1.178553
    2937   -1.164719
    2938   -1.164719
    2939   -1.149903
    2940   -1.149903
    2941   -1.133899
    2942   -1.133899
    2943   -1.116244
    2944   -1.116244
    2945   -1.096687
    2946   -1.096687
    2947   -1.075315
    2948   -1.075315
    2949   -1.051848
    2950   -1.051848
    2951   -1.025477
    2952   -1.025477
    2953   -0.995449
    2954   -0.995449
    2955   -0.961233
    2956   -0.961233
    2957   -0.921172
    2958   -0.921172
    2959   -0.873716
    2960   -0.873716
    2961   -0.817772
    2962   -0.817772
    2963   -0.750438
    2964   -0.750438
    2965   -0.670237
    2966   -0.670237
    2967   -0.580243
    2968   -0.580243
    2969   -0.503699
    2970   -0.503699
    2971   -1.774818
    2972   -1.774818
    2973   -1.787238
    2974   -1.787238
    2975   -1.802766
    2976   -1.802766
    2977   -1.814187
    2978   -1.814187
    2979   -1.822848
    2980   -1.822848
    2981   -1.829719
    2982   -1.829719
    2983   -1.835211
    2984   -1.835211
    2985   -1.840378
    2986   -1.840378
    2987   -1.845516
    2988   -1.845516
    2989   -1.849793
    2990   -1.849793
    2991   -1.852995
    2992   -1.852995
    2993   -1.855550
    2994   -1.855550
    2995   -1.857623
    2996   -1.857623
    2997   -1.859168
    2998   -1.859168
    2999   -1.860227
    3000   -1.860227
    3001   -1.860915
    3002   -1.860915
    3003   -1.861275
    3004   -1.861275
    3005   -1.861303
    3006   -1.861303
    3007   -1.861045
    3008   -1.861045
    3009   -1.860606
    3010   -1.860606
    3011   -1.860019
    3012   -1.860019
    3013   -1.859205
    3014   -1.859205
    3015   -1.858139
    3016   -1.858139
    3017   -1.856894
    3018   -1.856894
    3019   -1.855499
    3020   -1.855499
    3021   -1.853912
    3022   -1.853912
    3023   -1.852118
    3024   -1.852118
    3025   -1.850148
    3026   -1.850148
    3027   -1.848025
    3028   -1.848025
    3029   -1.845767
    3030   -1.845767
    3031   -1.843392
    3032   -1.843392
    3033   -1.840909
    3034   -1.840909
    3035   -1.838317
    3036   -1.838317
    3037   -1.835591
    3038   -1.835591
    3039   -1.832737
    3040   -1.832737
    3041   -1.829786
    3042   -1.829786
    3043   -1.826721
    3044   -1.826721
    3045   -1.823477
    3046   -1.823477
    3047   -1.820028
    3048   -1.820028
    3049   -1.816384
    3050   -1.816384
    3051   -1.812555
    3052   -1.812555
    3053   -1.808572
    3054   -1.808572
    3055   -1.804438
    3056   -1.804438
    3057   -1.800119
    3058   -1.800119
    3059   -1.795613
    3060   -1.795613
    3061   -1.790939
    3062   -1.790939
    3063   -1.786109
    3064   -1.786109
    3065   -1.781146
    3066   -1.781146
    3067   -1.776047
    3068   -1.776047
    3069   -1.770795
    3070   -1.770795
    3071   -1.765317
    3072   -1.765317
    3073   -1.759507
    3074   -1.759507
    3075   -1.753338
    3076   -1.753338
    3077   -1.746810
    3078   -1.746810
    3079   -1.739913
    3080   -1.739913
    3081   -1.732658
    3082   -1.732658
    3083   -1.725007
    3084   -1.725007
    3085   -1.716930
    3086   -1.716930
    3087   -1.708838
    3088   -1.708838
    3089   -1.701734
    3090   -1.701734
    3091   -1.696648
    3092   -1.696648
    3093   -1.693365
    3094   -1.693365
    3095   -1.690586
    3096   -1.690586
    3097   -1.687625
    3098   -1.687625
    3099   -1.684328
    3100   -1.684328
    3101   -1.680402
    3102   -1.680402
    3103   -1.675816
    3104   -1.675816
    3105   -1.670860
    3106   -1.670860
    3107   -1.665569
    3108   -1.665569
    3109   -1.659523
    3110   -1.659523
    3111   -1.652502
    3112   -1.652502
    3113   -1.644855
    3114   -1.644855
    3115   -1.636658
    3116   -1.636658
    3117   -1.627524
    3118   -1.627524
    3119   -1.617409
    3120   -1.617409
    3121   -1.606526
    3122   -1.606526
    3123   -1.594773
    3124   -1.594773
    3125   -1.581872
    3126   -1.581872
    3127   -1.567725
    3128   -1.567725
    3129   -1.552454
    3130   -1.552454
    3131   -1.536113
    3132   -1.536113
    3133   -1.518364
    3134   -1.518364
    3135   -1.499034
    3136   -1.499034
    3137   -1.478300
    3138   -1.478300
    3139   -1.455961
    3140   -1.455961
    3141   -1.431386
    3142   -1.431386
    3143   -1.404233
    3144   -1.404233
    3145   -1.374557
    3146   -1.374557
    3147   -1.342060
    3148   -1.342060
    3149   -1.305968
    3150   -1.305968
    3151   -1.265406
    3152   -1.265406
    3153   -1.219613
    3154   -1.219613
    3155   -1.166634
    3156   -1.166634
    3157   -1.103916
    3158   -1.103916
    3159   -1.029618
    3160   -1.029618
    3161   -0.942271
    3162   -0.942271
    3163   -0.840819
    3164   -0.840819
    3165   -0.727819
    3166   -0.727819
    3167   -0.632321
    3168   -0.632321
    3169   -2.415313
    3170   -2.415313
    3171   -2.433686
    3172   -2.433686
    3173   -2.455883
    3174   -2.455883
    3175   -2.471413
    3176   -2.471413
    3177   -2.482982
    3178   -2.482982
    3179   -2.492838
    3180   -2.492838
    3181   -2.501822
    3182   -2.501822
    3183   -2.510953
    3184   -2.510953
    3185   -2.520106
    3186   -2.520106
    3187   -2.527800
    3188   -2.527800
    3189   -2.533653
    3190   -2.533653
    3191   -2.538329
    3192   -2.538329
    3193   -2.542124
    3194   -2.542124
    3195   -2.544978
    3196   -2.544978
    3197   -2.546937
    3198   -2.546937
    3199   -2.548189
    3200   -2.548189
    3201   -2.548871
    3202   -2.548871
    3203   -2.549067
    3204   -2.549067
    3205   -2.548823
    3206   -2.548823
    3207   -2.548189
    3208   -2.548189
    3209   -2.547241
    3210   -2.547241
    3211   -2.546018
    3212   -2.546018
    3213   -2.544502
    3214   -2.544502
    3215   -2.542694
    3216   -2.542694
    3217   -2.540631
    3218   -2.540631
    3219   -2.538318
    3220   -2.538318
    3221   -2.535714
    3222   -2.535714
    3223   -2.532801
    3224   -2.532801
    3225   -2.529623
    3226   -2.529623
    3227   -2.526285
    3228   -2.526285
    3229   -2.522799
    3230   -2.522799
    3231   -2.519099
    3232   -2.519099
    3233   -2.515194
    3234   -2.515194
    3235   -2.511145
    3236   -2.511145
    3237   -2.506952
    3238   -2.506952
    3239   -2.502566
    3240   -2.502566
    3241   -2.497957
    3242   -2.497957
    3243   -2.493111
    3244   -2.493111
    3245   -2.487994
    3246   -2.487994
    3247   -2.482523
    3248   -2.482523
    3249   -2.476692
    3250   -2.476692
    3251   -2.470629
    3252   -2.470629
    3253   -2.464350
    3254   -2.464350
    3255   -2.457718
    3256   -2.457718
    3257   -2.450766
    3258   -2.450766
    3259   -2.443673
    3260   -2.443673
    3261   -2.436474
    3262   -2.436474
    3263   -2.429080
    3264   -2.429080
    3265   -2.421444
    3266   -2.421444
    3267   -2.413585
    3268   -2.413585
    3269   -2.405421
    3270   -2.405421
    3271   -2.396762
    3272   -2.396762
    3273   -2.387568
    3274   -2.387568
    3275   -2.377964
    3276   -2.377964
    3277   -2.367933
    3278   -2.367933
    3279   -2.357329
    3280   -2.357329
    3281   -2.346123
    3282   -2.346123
    3283   -2.334437
    3284   -2.334437
    3285   -2.322632
    3286   -2.322632
    3287   -2.311859
    3288   -2.311859
    3289   -2.303815
    3290   -2.303815
    3291   -2.298459
    3292   -2.298459
    3293   -2.293851
    3294   -2.293851
    3295   -2.288791
    3296   -2.288791
    3297   -2.283146
    3298   -2.283146
    3299   -2.276790
    3300   -2.276790
    3301   -2.269547
    3302   -2.269547
    3303   -2.261269
    3304   -2.261269
    3305   -2.252080
    3306   -2.252080
    3307   -2.242115
    3308   -2.242115
    3309   -2.231096
    3310   -2.231096
    3311   -2.218948
    3312   -2.218948
    3313   -2.205775
    3314   -2.205775
    3315   -2.191585
    3316   -2.191585
    3317   -2.176185
    3318   -2.176185
    3319   -2.159155
    3320   -2.159155
    3321   -2.140514
    3322   -2.140514
    3323   -2.120705
    3324   -2.120705
    3325   -2.099607
    3326   -2.099607
    3327   -2.076627
    3328   -2.076627
    3329   -2.051755
    3330   -2.051755
    3331   -2.025212
    3332   -2.025212
    3333   -1.996654
    3334   -1.996654
    3335   -1.965437
    3336   -1.965437
    3337   -1.931400
    3338   -1.931400
    3339   -1.894714
    3340   -1.894714
    3341   -1.854831
    3342   -1.854831
    3343   -1.810593
    3344   -1.810593
    3345   -1.761613
    3346   -1.761613
    3347   -1.708147
    3348   -1.708147
    3349   -1.649006
    3350   -1.649006
    3351   -1.581746
    3352   -1.581746
    3353   -1.504117
    3354   -1.504117
    3355   -1.413968
    3356   -1.413968
    3357   -1.308653
    3358   -1.308653
    3359   -1.186602
    3360   -1.186602
    3361   -1.046829
    3362   -1.046829
    3363   -0.894462
    3364   -0.894462
    3365   -0.768681
    3366   -0.768681
    3367   -3.568222
    3368   -3.568222
    3369   -3.598952
    3370   -3.598952
    3371   -3.636164
    3372   -3.636164
    3373   -3.663390
    3374   -3.663390
    3375   -3.684704
    3376   -3.684704
    3377   -3.702539
    3378   -3.702539
    3379   -3.718442
    3380   -3.718442
    3381   -3.733913
    3382   -3.733913
    3383   -3.748732
    3384   -3.748732
    3385   -3.761320
    3386   -3.761320
    3387   -3.771227
    3388   -3.771227
    3389   -3.779221
    3390   -3.779221
    3391   -3.785740
    3392   -3.785740
    3393   -3.790717
    3394   -3.790717
    3395   -3.794155
    3396   -3.794155
    3397   -3.796270
    3398   -3.796270
    3399   -3.797374
    3400   -3.797374
    3401   -3.797775
    3402   -3.797775
    3403   -3.797507
    3404   -3.797507
    3405   -3.796420
    3406   -3.796420
    3407   -3.794659
    3408   -3.794659
    3409   -3.792566
    3410   -3.792566
    3411   -3.790130
    3412   -3.790130
    3413   -3.787116
    3414   -3.787116
    3415   -3.783576
    3416   -3.783576
    3417   -3.779778
    3418   -3.779778
    3419   -3.775678
    3420   -3.775678
    3421   -3.770968
    3422   -3.770968
    3423   -3.765699
    3424   -3.765699
    3425   -3.760258
    3426   -3.760258
    3427   -3.754668
    3428   -3.754668
    3429   -3.748584
    3430   -3.748584
    3431   -3.742037
    3432   -3.742037
    3433   -3.735422
    3434   -3.735422
    3435   -3.728724
    3436   -3.728724
    3437   -3.721520
    3438   -3.721520
    3439   -3.713780
    3440   -3.713780
    3441   -3.705835
    3442   -3.705835
    3443   -3.697612
    3444   -3.697612
    3445   -3.688676
    3446   -3.688676
    3447   -3.679033
    3448   -3.679033
    3449   -3.669112
    3450   -3.669112
    3451   -3.658858
    3452   -3.658858
    3453   -3.647738
    3454   -3.647738
    3455   -3.635898
    3456   -3.635898
    3457   -3.624130
    3458   -3.624130
    3459   -3.612538
    3460   -3.612538
    3461   -3.600590
    3462   -3.600590
    3463   -3.588142
    3464   -3.588142
    3465   -3.575405
    3466   -3.575405
    3467   -3.562201
    3468   -3.562201
    3469   -3.547946
    3470   -3.547946
    3471   -3.532649
    3472   -3.532649
    3473   -3.516993
    3474   -3.516993
    3475   -3.500942
    3476   -3.500942
    3477   -3.483703
    3478   -3.483703
    3479   -3.465307
    3480   -3.465307
    3481   -3.446682
    3482   -3.446682
    3483   -3.427903
    3484   -3.427903
    3485   -3.409536
    3486   -3.409536
    3487   -3.394891
    3488   -3.394891
    3489   -3.385365
    3490   -3.385365
    3491   -3.377858
    3492   -3.377858
    3493   -3.369260
    3494   -3.369260
    3495   -3.359057
    3496   -3.359057
    3497   -3.348083
    3498   -3.348083
    3499   -3.336156
    3500   -3.336156
    3501   -3.322019
    3502   -3.322019
    3503   -3.305779
    3504   -3.305779
    3505   -3.288769
    3506   -3.288769
    3507   -3.270753
    3508   -3.270753
    3509   -3.250262
    3510   -3.250262
    3511   -3.227452
    3512   -3.227452
    3513   -3.203911
    3514   -3.203911
    3515   -3.179175
    3516   -3.179175
    3517   -3.150833
    3518   -3.150833
    3519   -3.119017
    3520   -3.119017
    3521   -3.086257
    3522   -3.086257
    3523   -3.052408
    3524   -3.052408
    3525   -3.014665
    3526   -3.014665
    3527   -2.972861
    3528   -2.972861
    3529   -2.929378
    3530   -2.929378
    3531   -2.883698
    3532   -2.883698
    3533   -2.832483
    3534   -2.832483
    3535   -2.775587
    3536   -2.775587
    3537   -2.715912
    3538   -2.715912
    3539   -2.652500
    3540   -2.652500
    3541   -2.580567
    3542   -2.580567
    3543   -2.499484
    3544   -2.499484
    3545   -2.412629
    3546   -2.412629
    3547   -2.318330
    3548   -2.318330
    3549   -2.209740
    3550   -2.209740
    3551   -2.083503
    3552   -2.083503
    3553   -1.939847
    3554   -1.939847
    3555   -1.775539
    3556   -1.775539
    3557   -1.585415
    3558   -1.585415
    3559   -1.367690
    3560   -1.367690
    3561   -1.136125
    3562   -1.136125
    3563   -0.949926
    3564   -0.949926
    3565   -5.782011
    3566   -5.782011
    3567   -5.838638
    3568   -5.838638
    3569   -5.906995
    3570   -5.906995
    3571   -5.956611
    3572   -5.956611
    3573   -5.995742
    3574   -5.995742
    3575   -6.028236
    3576   -6.028236
    3577   -6.057358
    3578   -6.057358
    3579   -6.085084
    3580   -6.085084
    3581   -6.111018
    3582   -6.111018
    3583   -6.132982
    3584   -6.132982
    3585   -6.150351
    3586   -6.150351
    3587   -6.164498
    3588   -6.164498
    3589   -6.176176
    3590   -6.176176
    3591   -6.185134
    3592   -6.185134
    3593   -6.191289
    3594   -6.191289
    3595   -6.194940
    3596   -6.194940
    3597   -6.196731
    3598   -6.196731
    3599   -6.197471
    3600   -6.197471
    3601   -6.197167
    3602   -6.197167
    3603   -6.195245
    3604   -6.195245
    3605   -6.191963
    3606   -6.191963
    3607   -6.188204
    3608   -6.188204
    3609   -6.183959
    3610   -6.183959
    3611   -6.178545
    3612   -6.178545
    3613   -6.172064
    3614   -6.172064
    3615   -6.165379
    3616   -6.165379
    3617   -6.158443
    3618   -6.158443
    3619   -6.150250
    3620   -6.150250
    3621   -6.140849
    3622   -6.140849
    3623   -6.131336
    3624   -6.131336
    3625   -6.121764
    3626   -6.121764
    3627   -6.111083
    3628   -6.111083
    3629   -6.099336
    3630   -6.099336
    3631   -6.087759
    3632   -6.087759
    3633   -6.076318
    3634   -6.076318
    3635   -6.063707
    3636   -6.063707
    3637   -6.049893
    3638   -6.049893
    3639   -6.036021
    3640   -6.036021
    3641   -6.021900
    3642   -6.021900
    3643   -6.006255
    3644   -6.006255
    3645   -5.989178
    3646   -5.989178
    3647   -5.971868
    3648   -5.971868
    3649   -5.954125
    3650   -5.954125
    3651   -5.934390
    3652   -5.934390
    3653   -5.912996
    3654   -5.912996
    3655   -5.892216
    3656   -5.892216
    3657   -5.872300
    3658   -5.872300
    3659   -5.851590
    3660   -5.851590
    3661   -5.829776
    3662   -5.829776
    3663   -5.807669
    3664   -5.807669
    3665   -5.784870
    3666   -5.784870
    3667   -5.759716
    3668   -5.759716
    3669   -5.732321
    3670   -5.732321
    3671   -5.704807
    3672   -5.704807
    3673   -5.677122
    3674   -5.677122
    3675   -5.646907
    3676   -5.646907
    3677   -5.614279
    3678   -5.614279
    3679   -5.581975
    3680   -5.581975
    3681   -5.549733
    3682   -5.549733
    3683   -5.516806
    3684   -5.516806
    3685   -5.489281
    3686   -5.489281
    3687   -5.471660
    3688   -5.471660
    3689   -5.459379
    3690   -5.459379
    3691   -5.444988
    3692   -5.444988
    3693   -5.426107
    3694   -5.426107
    3695   -5.406244
    3696   -5.406244
    3697   -5.385850
    3698   -5.385850
    3699   -5.360947
    3700   -5.360947
    3701   -5.331504
    3702   -5.331504
    3703   -5.301529
    3704   -5.301529
    3705   -5.270755
    3706   -5.270755
    3707   -5.234668
    3708   -5.234668
    3709   -5.193611
    3710   -5.193611
    3711   -5.152591
    3712   -5.152591
    3713   -5.110638
    3714   -5.110638
    3715   -5.060985
    3716   -5.060985
    3717   -5.003897
    3718   -5.003897
    3719   -4.946573
    3720   -4.946573
    3721   -4.888800
    3722   -4.888800
    3723   -4.822646
    3724   -4.822646
    3725   -4.747715
    3726   -4.747715
    3727   -4.671489
    3728   -4.671489
    3729   -4.593259
    3730   -4.593259
    3731   -4.503674
    3732   -4.503674
    3733   -4.402374
    3734   -4.402374
    3735   -4.298531
    3736   -4.298531
    3737   -4.190519
    3738   -4.190519
    3739   -4.065365
    3740   -4.065365
    3741   -3.921946
    3742   -3.921946
    3743   -3.770888
    3744   -3.770888
    3745   -3.609634
    3746   -3.609634
    3747   -3.421674
    3748   -3.421674
    3749   -3.201236
    3750   -3.201236
    3751   -2.953798
    3752   -2.953798
    3753   -2.674804
    3754   -2.674804
    3755   -2.350170
    3756   -2.350170
    3757   -1.975043
    3758   -1.975043
    3759   -1.578160
    3760   -1.578160
    3761   -1.261185
    3762   -1.261185
    3763   -9.186735
    3764   -9.186735
    3765   -9.286701
    3766   -9.286701
    3767   -9.406647
    3768   -9.406647
    3769   -9.489038
    3770   -9.489038
    3771   -9.552551
    3772   -9.552551
    3773   -9.605585
    3774   -9.605585
    3775   -9.654449
    3776   -9.654449
    3777   -9.701096
    3778   -9.701096
    3779   -9.744619
    3780   -9.744619
    3781   -9.781221
    3782   -9.781221
    3783   -9.809865
    3784   -9.809865
    3785   -9.833334
    3786   -9.833334
    3787   -9.852926
    3788   -9.852926
    3789   -9.867919
    3790   -9.867919
    3791   -9.878137
    3792   -9.878137
    3793   -9.884060
    3794   -9.884060
    3795   -9.886812
    3796   -9.886812
    3797   -9.888059
    3798   -9.888059
    3799   -9.887751
    3800   -9.887751
    3801   -9.884565
    3802   -9.884565
    3803   -9.878962
    3804   -9.878962
    3805   -9.872717
    3806   -9.872717
    3807   -9.865762
    3808   -9.865762
    3809   -9.856680
    3810   -9.856680
    3811   -9.845671
    3812   -9.845671
    3813   -9.834613
    3814   -9.834613
    3815   -9.823459
    3816   -9.823459
    3817   -9.809957
    3818   -9.809957
    3819   -9.794155
    3820   -9.794155
    3821   -9.778453
    3822   -9.778453
    3823   -9.762952
    3824   -9.762952
    3825   -9.745292
    3826   -9.745292
    3827   -9.725525
    3828   -9.725525
    3829   -9.706411
    3830   -9.706411
    3831   -9.687902
    3832   -9.687902
    3833   -9.667115
    3834   -9.667115
    3835   -9.644027
    3836   -9.644027
    3837   -9.621204
    3838   -9.621204
    3839   -9.598241
    3840   -9.598241
    3841   -9.572371
    3842   -9.572371
    3843   -9.543855
    3844   -9.543855
    3845   -9.515342
    3846   -9.515342
    3847   -9.486428
    3848   -9.486428
    3849   -9.453646
    3850   -9.453646
    3851   -9.417553
    3852   -9.417553
    3853   -9.383073
    3854   -9.383073
    3855   -9.350678
    3856   -9.350678
    3857   -9.316656
    3858   -9.316656
    3859   -9.280474
    3860   -9.280474
    3861   -9.244154
    3862   -9.244154
    3863   -9.206951
    3864   -9.206951
    3865   -9.165181
    3866   -9.165181
    3867   -9.119102
    3868   -9.119102
    3869   -9.073478
    3870   -9.073478
    3871   -9.028241
    3872   -9.028241
    3873   -8.978228
    3874   -8.978228
    3875   -8.923634
    3876   -8.923634
    3877   -8.870181
    3878   -8.870181
    3879   -8.817086
    3880   -8.817086
    3881   -8.761781
    3882   -8.761781
    3883   -8.714807
    3884   -8.714807
    3885   -8.685204
    3886   -8.685204
    3887   -8.666527
    3888   -8.666527
    3889   -8.644210
    3890   -8.644210
    3891   -8.612032
    3892   -8.612032
    3893   -8.578640
    3894   -8.578640
    3895   -8.545988
    3896   -8.545988
    3897   -8.504941
    3898   -8.504941
    3899   -8.455230
    3900   -8.455230
    3901   -8.405795
    3902   -8.405795
    3903   -8.356232
    3904   -8.356232
    3905   -8.296643
    3906   -8.296643
    3907   -8.227769
    3908   -8.227769
    3909   -8.160560
    3910   -8.160560
    3911   -8.093227
    3912   -8.093227
    3913   -8.011357
    3914   -8.011357
    3915   -7.915434
    3916   -7.915434
    3917   -7.821019
    3918   -7.821019
    3919   -7.727775
    3920   -7.727775
    3921   -7.618528
    3922   -7.618528
    3923   -7.492552
    3924   -7.492552
    3925   -7.366532
    3926   -7.366532
    3927   -7.239589
    3928   -7.239589
    3929   -7.091755
    3930   -7.091755
    3931   -6.922117
    3932   -6.922117
    3933   -6.751201
    3934   -6.751201
    3935   -6.576502
    3936   -6.576502
    3937   -6.370433
    3938   -6.370433
    3939   -6.131157
    3940   -6.131157
    3941   -5.882698
    3942   -5.882698
    3943   -5.621165
    3944   -5.621165
    3945   -5.312894
    3946   -5.312894
    3947   -4.948200
    3948   -4.948200
    3949   -4.542129
    3950   -4.542129
    3951   -4.087915
    3952   -4.087915
    3953   -3.555983
    3954   -3.555983
    3955   -2.933231
    3956   -2.933231
    3957   -2.266025
    3958   -2.266025
    3959   -1.728614
    3960   -1.728614
