       1   -0.027011
       2   -0.027011
       3   -0.026190
       4   -0.026190
       5   -0.025032
       6   -0.025032
       7   -0.023645
       8   -0.023645
       9   -0.021995
      10   -0.021995
      11   -0.020984
      12   -0.020984
      13   -0.020845
      14   -0.020845
      15   -0.021112
      16   -0.021112
      17   -0.021456
      18   -0.021456
      19   -0.021585
      20   -0.021585
      21   -0.021492
      22   -0.021492
      23   -0.021322
      24   -0.021322
      25   -0.021148
      26   -0.021148
      27   -0.021021
      28   -0.021021
      29   -0.020961
      30   -0.020961
      31   -0.020938
      32   -0.020938
      33   -0.020910
      34   -0.020910
      35   -0.020880
      36   -0.020880
      37   -0.020870
      38   -0.020870
      39   -0.020877
      40   -0.020877
      41   -0.020885
      42   -0.020885
      43   -0.020897
      44   -0.020897
      45   -0.020907
      46   -0.020907
      47   -0.020885
      48   -0.020885
      49   -0.020831
      50   -0.020831
      51   -0.020782
      52   -0.020782
      53   -0.020758
      54   -0.020758
      55   -0.020744
      56   -0.020744
      57   -0.020716
      58   -0.020716
      59   -0.020667
      60   -0.020667
      61   -0.020617
      62   -0.020617
      63   -0.020571
      64   -0.020571
      65   -0.020527
      66   -0.020527
      67   -0.020487
      68   -0.020487
      69   -0.020442
      70   -0.020442
      71   -0.020379
      72   -0.020379
      73   -0.020306
      74   -0.020306
      75   -0.020230
      76   -0.020230
      77   -0.020144
      78   -0.020144
      79   -0.020051
      80   -0.020051
      81   -0.019945
      82   -0.019945
      83   -0.019829
      84   -0.019829
      85   -0.019711
      86   -0.019711
      87   -0.019598
      88   -0.019598
      89   -0.019500
      90   -0.019500
      91   -0.019408
      92   -0.019408
      93   -0.019305
      94   -0.019305
      95   -0.019196
      96   -0.019196
      97   -0.019066
      98   -0.019066
      99   -0.018893
     100   -0.018893
     101   -0.018697
     102   -0.018697
     103   -0.018503
     104   -0.018503
     105   -0.018338
     106   -0.018338
     107   -0.018188
     108   -0.018188
     109   -0.017985
     110   -0.017985
     111   -0.017690
     112   -0.017690
     113   -0.017334
     114   -0.017334
     115   -0.016987
     116   -0.016987
     117   -0.016671
     118   -0.016671
     119   -0.016518
     120   -0.016518
     121   -0.016634
     122   -0.016634
     123   -0.016869
     124   -0.016869
     125   -0.017105
     126   -0.017105
     127   -0.017296
     128   -0.017296
     129   -0.017440
     130   -0.017440
     131   -0.017543
     132   -0.017543
     133   -0.017573
     134   -0.017573
     135   -0.017560
     136   -0.017560
     137   -0.017548
     138   -0.017548
     139   -0.017520
     140   -0.017520
     141   -0.017453
     142   -0.017453
     143   -0.017357
     144   -0.017357
     145   -0.017238
     146   -0.017238
     147   -0.017121
     148   -0.017121
     149   -0.016980
     150   -0.016980
     151   -0.016742
     152   -0.016742
     153   -0.016463
     154   -0.016463
     155   -0.016245
     156   -0.016245
     157   -0.016042
     158   -0.016042
     159   -0.015804
     160   -0.015804
     161   -0.015557
     162   -0.015557
     163   -0.015278
     164   -0.015278
     165   -0.014870
     166   -0.014870
     167   -0.014311
     168   -0.014311
     169   -0.013675
     170   -0.013675
     171   -0.012949
     172   -0.012949
     173   -0.011991
     174   -0.011991
     175   -0.010729
     176   -0.010729
     177   -0.009348
     178   -0.009348
     179   -0.008106
     180   -0.008106
     181   -0.007006
     182   -0.007006
     183   -0.005890
     184   -0.005890
     185   -0.004647
     186   -0.004647
     187   -0.003425
     188   -0.003425
     189   -0.002292
     190   -0.002292
     191   -0.001466
     192   -0.001466
     193    0.000339
     194    0.000339
     195    0.005555
     196    0.005555
     197    0.011496
     198    0.011496
     199   -0.076814
     200   -0.076814
     201   -0.074850
     202   -0.074850
     203   -0.072132
     204   -0.072132
     205   -0.068886
     206   -0.068886
     207   -0.065033
     208   -0.065033
     209   -0.062738
     210   -0.062738
     211   -0.062486
     212   -0.062486
     213   -0.063084
     214   -0.063084
     215   -0.063759
     216   -0.063759
     217   -0.063874
     218   -0.063874
     219   -0.063458
     220   -0.063458
     221   -0.062886
     222   -0.062886
     223   -0.062341
     224   -0.062341
     225   -0.061957
     226   -0.061957
     227   -0.061777
     228   -0.061777
     229   -0.061709
     230   -0.061709
     231   -0.061633
     232   -0.061633
     233   -0.061552
     234   -0.061552
     235   -0.061520
     236   -0.061520
     237   -0.061533
     238   -0.061533
     239   -0.061547
     240   -0.061547
     241   -0.061566
     242   -0.061566
     243   -0.061580
     244   -0.061580
     245   -0.061519
     246   -0.061519
     247   -0.061381
     248   -0.061381
     249   -0.061254
     250   -0.061254
     251   -0.061183
     252   -0.061183
     253   -0.061137
     254   -0.061137
     255   -0.061053
     256   -0.061053
     257   -0.060920
     258   -0.060920
     259   -0.060783
     260   -0.060783
     261   -0.060655
     262   -0.060655
     263   -0.060526
     264   -0.060526
     265   -0.060403
     266   -0.060403
     267   -0.060269
     268   -0.060269
     269   -0.060096
     270   -0.060096
     271   -0.059897
     272   -0.059897
     273   -0.059688
     274   -0.059688
     275   -0.059455
     276   -0.059455
     277   -0.059184
     278   -0.059184
     279   -0.058866
     280   -0.058866
     281   -0.058533
     282   -0.058533
     283   -0.058209
     284   -0.058209
     285   -0.057889
     286   -0.057889
     287   -0.057595
     288   -0.057595
     289   -0.057325
     290   -0.057325
     291   -0.057041
     292   -0.057041
     293   -0.056716
     294   -0.056716
     295   -0.056313
     296   -0.056313
     297   -0.055824
     298   -0.055824
     299   -0.055315
     300   -0.055315
     301   -0.054830
     302   -0.054830
     303   -0.054379
     304   -0.054379
     305   -0.053921
     306   -0.053921
     307   -0.053338
     308   -0.053338
     309   -0.052558
     310   -0.052558
     311   -0.051653
     312   -0.051653
     313   -0.050749
     314   -0.050749
     315   -0.049851
     316   -0.049851
     317   -0.049347
     318   -0.049347
     319   -0.049601
     320   -0.049601
     321   -0.050254
     322   -0.050254
     323   -0.050918
     324   -0.050918
     325   -0.051434
     326   -0.051434
     327   -0.051805
     328   -0.051805
     329   -0.052086
     330   -0.052086
     331   -0.052253
     332   -0.052253
     333   -0.052287
     334   -0.052287
     335   -0.052228
     336   -0.052228
     337   -0.052160
     338   -0.052160
     339   -0.052064
     340   -0.052064
     341   -0.051819
     342   -0.051819
     343   -0.051431
     344   -0.051431
     345   -0.051086
     346   -0.051086
     347   -0.050724
     348   -0.050724
     349   -0.050061
     350   -0.050061
     351   -0.049235
     352   -0.049235
     353   -0.048625
     354   -0.048625
     355   -0.048121
     356   -0.048121
     357   -0.047435
     358   -0.047435
     359   -0.046603
     360   -0.046603
     361   -0.045742
     362   -0.045742
     363   -0.044675
     364   -0.044675
     365   -0.043188
     366   -0.043188
     367   -0.041372
     368   -0.041372
     369   -0.039343
     370   -0.039343
     371   -0.036791
     372   -0.036791
     373   -0.033348
     374   -0.033348
     375   -0.029452
     376   -0.029452
     377   -0.026018
     378   -0.026018
     379   -0.023140
     380   -0.023140
     381   -0.020304
     382   -0.020304
     383   -0.017212
     384   -0.017212
     385   -0.014242
     386   -0.014242
     387   -0.011524
     388   -0.011524
     389   -0.009367
     390   -0.009367
     391   -0.005252
     392   -0.005252
     393    0.005170
     394    0.005170
     395    0.016437
     396    0.016437
     397   -0.119501
     398   -0.119501
     399   -0.117087
     400   -0.117087
     401   -0.113971
     402   -0.113971
     403   -0.110918
     404   -0.110918
     405   -0.107727
     406   -0.107727
     407   -0.106007
     408   -0.106007
     409   -0.106021
     410   -0.106021
     411   -0.106449
     412   -0.106449
     413   -0.106544
     414   -0.106544
     415   -0.105977
     416   -0.105977
     417   -0.104920
     418   -0.104920
     419   -0.103795
     420   -0.103795
     421   -0.102820
     422   -0.102820
     423   -0.102180
     424   -0.102180
     425   -0.101906
     426   -0.101906
     427   -0.101797
     428   -0.101797
     429   -0.101687
     430   -0.101687
     431   -0.101577
     432   -0.101577
     433   -0.101528
     434   -0.101528
     435   -0.101524
     436   -0.101524
     437   -0.101511
     438   -0.101511
     439   -0.101496
     440   -0.101496
     441   -0.101473
     442   -0.101473
     443   -0.101373
     444   -0.101373
     445   -0.101195
     446   -0.101195
     447   -0.101031
     448   -0.101031
     449   -0.100928
     450   -0.100928
     451   -0.100833
     452   -0.100833
     453   -0.100676
     454   -0.100676
     455   -0.100466
     456   -0.100466
     457   -0.100264
     458   -0.100264
     459   -0.100065
     460   -0.100065
     461   -0.099846
     462   -0.099846
     463   -0.099637
     464   -0.099637
     465   -0.099432
     466   -0.099432
     467   -0.099176
     468   -0.099176
     469   -0.098870
     470   -0.098870
     471   -0.098563
     472   -0.098563
     473   -0.098238
     474   -0.098238
     475   -0.097796
     476   -0.097796
     477   -0.097242
     478   -0.097242
     479   -0.096731
     480   -0.096731
     481   -0.096290
     482   -0.096290
     483   -0.095797
     484   -0.095797
     485   -0.095267
     486   -0.095267
     487   -0.094812
     488   -0.094812
     489   -0.094392
     490   -0.094392
     491   -0.093854
     492   -0.093854
     493   -0.093156
     494   -0.093156
     495   -0.092428
     496   -0.092428
     497   -0.091774
     498   -0.091774
     499   -0.091118
     500   -0.091118
     501   -0.090390
     502   -0.090390
     503   -0.089626
     504   -0.089626
     505   -0.088780
     506   -0.088780
     507   -0.087737
     508   -0.087737
     509   -0.086548
     510   -0.086548
     511   -0.085315
     512   -0.085315
     513   -0.084009
     514   -0.084009
     515   -0.083087
     516   -0.083087
     517   -0.083157
     518   -0.083157
     519   -0.084023
     520   -0.084023
     521   -0.085044
     522   -0.085044
     523   -0.085741
     524   -0.085741
     525   -0.086140
     526   -0.086140
     527   -0.086573
     528   -0.086573
     529   -0.087060
     530   -0.087060
     531   -0.087212
     532   -0.087212
     533   -0.086997
     534   -0.086997
     535   -0.086937
     536   -0.086937
     537   -0.087053
     538   -0.087053
     539   -0.086727
     540   -0.086727
     541   -0.085947
     542   -0.085947
     543   -0.085399
     544   -0.085399
     545   -0.085019
     546   -0.085019
     547   -0.084019
     548   -0.084019
     549   -0.082564
     550   -0.082564
     551   -0.081622
     552   -0.081622
     553   -0.081074
     554   -0.081074
     555   -0.079937
     556   -0.079937
     557   -0.078208
     558   -0.078208
     559   -0.076707
     560   -0.076707
     561   -0.075356
     562   -0.075356
     563   -0.073256
     564   -0.073256
     565   -0.070342
     566   -0.070342
     567   -0.067350
     568   -0.067350
     569   -0.063938
     570   -0.063938
     571   -0.058893
     572   -0.058893
     573   -0.052777
     574   -0.052777
     575   -0.047697
     576   -0.047697
     577   -0.043965
     578   -0.043965
     579   -0.040316
     580   -0.040316
     581   -0.036298
     582   -0.036298
     583   -0.032393
     584   -0.032393
     585   -0.028405
     586   -0.028405
     587   -0.023372
     588   -0.023372
     589   -0.015933
     590   -0.015933
     591   -0.005699
     592   -0.005699
     593    0.003111
     594    0.003111
     595   -0.158926
     596   -0.158926
     597   -0.156173
     598   -0.156173
     599   -0.152844
     600   -0.152844
     601   -0.150757
     602   -0.150757
     603   -0.149508
     604   -0.149508
     605   -0.149052
     606   -0.149052
     607   -0.149263
     608   -0.149263
     609   -0.149125
     610   -0.149125
     611   -0.148169
     612   -0.148169
     613   -0.146690
     614   -0.146690
     615   -0.145031
     616   -0.145031
     617   -0.143531
     618   -0.143531
     619   -0.142349
     620   -0.142349
     621   -0.141631
     622   -0.141631
     623   -0.141357
     624   -0.141357
     625   -0.141252
     626   -0.141252
     627   -0.141136
     628   -0.141136
     629   -0.141018
     630   -0.141018
     631   -0.140960
     632   -0.140960
     633   -0.140932
     634   -0.140932
     635   -0.140859
     636   -0.140859
     637   -0.140756
     638   -0.140756
     639   -0.140660
     640   -0.140660
     641   -0.140523
     642   -0.140523
     643   -0.140322
     644   -0.140322
     645   -0.140131
     646   -0.140131
     647   -0.139998
     648   -0.139998
     649   -0.139840
     650   -0.139840
     651   -0.139572
     652   -0.139572
     653   -0.139258
     654   -0.139258
     655   -0.138994
     656   -0.138994
     657   -0.138736
     658   -0.138736
     659   -0.138426
     660   -0.138426
     661   -0.138127
     662   -0.138127
     663   -0.137868
     664   -0.137868
     665   -0.137555
     666   -0.137555
     667   -0.137149
     668   -0.137149
     669   -0.136755
     670   -0.136755
     671   -0.136375
     672   -0.136375
     673   -0.135804
     674   -0.135804
     675   -0.135046
     676   -0.135046
     677   -0.134401
     678   -0.134401
     679   -0.133916
     680   -0.133916
     681   -0.133301
     682   -0.133301
     683   -0.132528
     684   -0.132528
     685   -0.131861
     686   -0.131861
     687   -0.131305
     688   -0.131305
     689   -0.130583
     690   -0.130583
     691   -0.129653
     692   -0.129653
     693   -0.128784
     694   -0.128784
     695   -0.128065
     696   -0.128065
     697   -0.127239
     698   -0.127239
     699   -0.126207
     700   -0.126207
     701   -0.125198
     702   -0.125198
     703   -0.124226
     704   -0.124226
     705   -0.123039
     706   -0.123039
     707   -0.121629
     708   -0.121629
     709   -0.120166
     710   -0.120166
     711   -0.118692
     712   -0.118692
     713   -0.117468
     714   -0.117468
     715   -0.117150
     716   -0.117150
     717   -0.117973
     718   -0.117973
     719   -0.119221
     720   -0.119221
     721   -0.120013
     722   -0.120013
     723   -0.120362
     724   -0.120362
     725   -0.120964
     726   -0.120964
     727   -0.121788
     728   -0.121788
     729   -0.121986
     730   -0.121986
     731   -0.121586
     732   -0.121586
     733   -0.121584
     734   -0.121584
     735   -0.121955
     736   -0.121955
     737   -0.121559
     738   -0.121559
     739   -0.120405
     740   -0.120405
     741   -0.119710
     742   -0.119710
     743   -0.119411
     744   -0.119411
     745   -0.118174
     746   -0.118174
     747   -0.116141
     748   -0.116141
     749   -0.114878
     750   -0.114878
     751   -0.114314
     752   -0.114314
     753   -0.112729
     754   -0.112729
     755   -0.110081
     756   -0.110081
     757   -0.108004
     758   -0.108004
     759   -0.106531
     760   -0.106531
     761   -0.103990
     762   -0.103990
     763   -0.100181
     764   -0.100181
     765   -0.096588
     766   -0.096588
     767   -0.092820
     768   -0.092820
     769   -0.086701
     770   -0.086701
     771   -0.078889
     772   -0.078889
     773   -0.072693
     774   -0.072693
     775   -0.068605
     776   -0.068605
     777   -0.064469
     778   -0.064469
     779   -0.059809
     780   -0.059809
     781   -0.055043
     782   -0.055043
     783   -0.049186
     784   -0.049186
     785   -0.039403
     786   -0.039403
     787   -0.026328
     788   -0.026328
     789   -0.015353
     790   -0.015353
     791   -0.008574
     792   -0.008574
     793   -0.199341
     794   -0.199341
     795   -0.196173
     796   -0.196173
     797   -0.192135
     798   -0.192135
     799   -0.189403
     800   -0.189403
     801   -0.187629
     802   -0.187629
     803   -0.186587
     804   -0.186587
     805   -0.186147
     806   -0.186147
     807   -0.185385
     808   -0.185385
     809   -0.183936
     810   -0.183936
     811   -0.182268
     812   -0.182268
     813   -0.180755
     814   -0.180755
     815   -0.179682
     816   -0.179682
     817   -0.179067
     818   -0.179067
     819   -0.178750
     820   -0.178750
     821   -0.178619
     822   -0.178619
     823   -0.178552
     824   -0.178552
     825   -0.178462
     826   -0.178462
     827   -0.178360
     828   -0.178360
     829   -0.178286
     830   -0.178286
     831   -0.178209
     832   -0.178209
     833   -0.178066
     834   -0.178066
     835   -0.177872
     836   -0.177872
     837   -0.177692
     838   -0.177692
     839   -0.177505
     840   -0.177505
     841   -0.177273
     842   -0.177273
     843   -0.177043
     844   -0.177043
     845   -0.176842
     846   -0.176842
     847   -0.176584
     848   -0.176584
     849   -0.176205
     850   -0.176205
     851   -0.175799
     852   -0.175799
     853   -0.175462
     854   -0.175462
     855   -0.175131
     856   -0.175131
     857   -0.174744
     858   -0.174744
     859   -0.174364
     860   -0.174364
     861   -0.174032
     862   -0.174032
     863   -0.173653
     864   -0.173653
     865   -0.173175
     866   -0.173175
     867   -0.172704
     868   -0.172704
     869   -0.172251
     870   -0.172251
     871   -0.171626
     872   -0.171626
     873   -0.170826
     874   -0.170826
     875   -0.170121
     876   -0.170121
     877   -0.169561
     878   -0.169561
     879   -0.168858
     880   -0.168858
     881   -0.167951
     882   -0.167951
     883   -0.167112
     884   -0.167112
     885   -0.166379
     886   -0.166379
     887   -0.165507
     888   -0.165507
     889   -0.164473
     890   -0.164473
     891   -0.163527
     892   -0.163527
     893   -0.162690
     894   -0.162690
     895   -0.161663
     896   -0.161663
     897   -0.160407
     898   -0.160407
     899   -0.159212
     900   -0.159212
     901   -0.158067
     902   -0.158067
     903   -0.156654
     904   -0.156654
     905   -0.154953
     906   -0.154953
     907   -0.153241
     908   -0.153241
     909   -0.151665
     910   -0.151665
     911   -0.150372
     912   -0.150372
     913   -0.149909
     914   -0.149909
     915   -0.150607
     916   -0.150607
     917   -0.151843
     918   -0.151843
     919   -0.152745
     920   -0.152745
     921   -0.153275
     922   -0.153275
     923   -0.154010
     924   -0.154010
     925   -0.154834
     926   -0.154834
     927   -0.154974
     928   -0.154974
     929   -0.154587
     930   -0.154587
     931   -0.154596
     932   -0.154596
     933   -0.154867
     934   -0.154867
     935   -0.154381
     936   -0.154381
     937   -0.153211
     938   -0.153211
     939   -0.152422
     940   -0.152422
     941   -0.151932
     942   -0.151932
     943   -0.150578
     944   -0.150578
     945   -0.148459
     946   -0.148459
     947   -0.146905
     948   -0.146905
     949   -0.145888
     950   -0.145888
     951   -0.143932
     952   -0.143932
     953   -0.140981
     954   -0.140981
     955   -0.138517
     956   -0.138517
     957   -0.136570
     958   -0.136570
     959   -0.133575
     960   -0.133575
     961   -0.129353
     962   -0.129353
     963   -0.125305
     964   -0.125305
     965   -0.121023
     966   -0.121023
     967   -0.114396
     968   -0.114396
     969   -0.106033
     970   -0.106033
     971   -0.099077
     972   -0.099077
     973   -0.093975
     974   -0.093975
     975   -0.088635
     976   -0.088635
     977   -0.083222
     978   -0.083222
     979   -0.077705
     980   -0.077705
     981   -0.069846
     982   -0.069846
     983   -0.057281
     984   -0.057281
     985   -0.041662
     986   -0.041662
     987   -0.029254
     988   -0.029254
     989   -0.021854
     990   -0.021854
     991   -0.243312
     992   -0.243312
     993   -0.240131
     994   -0.240131
     995   -0.235676
     996   -0.235676
     997   -0.231421
     998   -0.231421
     999   -0.227321
    1000   -0.227321
    1001   -0.224432
    1002   -0.224432
    1003   -0.222919
    1004   -0.222919
    1005   -0.221630
    1006   -0.221630
    1007   -0.220191
    1008   -0.220191
    1009   -0.218935
    1010   -0.218935
    1011   -0.218119
    1012   -0.218119
    1013   -0.217930
    1014   -0.217930
    1015   -0.218237
    1016   -0.218237
    1017   -0.218514
    1018   -0.218514
    1019   -0.218540
    1020   -0.218540
    1021   -0.218443
    1022   -0.218443
    1023   -0.218331
    1024   -0.218331
    1025   -0.218228
    1026   -0.218228
    1027   -0.218085
    1028   -0.218085
    1029   -0.217885
    1030   -0.217885
    1031   -0.217665
    1032   -0.217665
    1033   -0.217443
    1034   -0.217443
    1035   -0.217200
    1036   -0.217200
    1037   -0.216930
    1038   -0.216930
    1039   -0.216663
    1040   -0.216663
    1041   -0.216405
    1042   -0.216405
    1043   -0.216096
    1044   -0.216096
    1045   -0.215692
    1046   -0.215692
    1047   -0.215241
    1048   -0.215241
    1049   -0.214815
    1050   -0.214815
    1051   -0.214399
    1052   -0.214399
    1053   -0.213943
    1054   -0.213943
    1055   -0.213475
    1056   -0.213475
    1057   -0.213038
    1058   -0.213038
    1059   -0.212602
    1060   -0.212602
    1061   -0.212105
    1062   -0.212105
    1063   -0.211567
    1064   -0.211567
    1065   -0.211045
    1066   -0.211045
    1067   -0.210491
    1068   -0.210491
    1069   -0.209819
    1070   -0.209819
    1071   -0.209077
    1072   -0.209077
    1073   -0.208372
    1074   -0.208372
    1075   -0.207675
    1076   -0.207675
    1077   -0.206849
    1078   -0.206849
    1079   -0.205900
    1080   -0.205900
    1081   -0.204985
    1082   -0.204985
    1083   -0.204087
    1084   -0.204087
    1085   -0.203066
    1086   -0.203066
    1087   -0.201972
    1088   -0.201972
    1089   -0.200950
    1090   -0.200950
    1091   -0.199926
    1092   -0.199926
    1093   -0.198693
    1094   -0.198693
    1095   -0.197292
    1096   -0.197292
    1097   -0.195886
    1098   -0.195886
    1099   -0.194412
    1100   -0.194412
    1101   -0.192668
    1102   -0.192668
    1103   -0.190667
    1104   -0.190667
    1105   -0.188661
    1106   -0.188661
    1107   -0.186827
    1108   -0.186827
    1109   -0.185420
    1110   -0.185420
    1111   -0.184940
    1112   -0.184940
    1113   -0.185501
    1114   -0.185501
    1115   -0.186529
    1116   -0.186529
    1117   -0.187445
    1118   -0.187445
    1119   -0.188169
    1120   -0.188169
    1121   -0.188837
    1122   -0.188837
    1123   -0.189341
    1124   -0.189341
    1125   -0.189406
    1126   -0.189406
    1127   -0.189183
    1128   -0.189183
    1129   -0.189080
    1130   -0.189080
    1131   -0.188959
    1132   -0.188959
    1133   -0.188369
    1134   -0.188369
    1135   -0.187401
    1136   -0.187401
    1137   -0.186503
    1138   -0.186503
    1139   -0.185584
    1140   -0.185584
    1141   -0.184157
    1142   -0.184157
    1143   -0.182281
    1144   -0.182281
    1145   -0.180479
    1146   -0.180479
    1147   -0.178724
    1148   -0.178724
    1149   -0.176412
    1150   -0.176412
    1151   -0.173523
    1152   -0.173523
    1153   -0.170724
    1154   -0.170724
    1155   -0.167973
    1156   -0.167973
    1157   -0.164412
    1158   -0.164412
    1159   -0.159953
    1160   -0.159953
    1161   -0.155328
    1162   -0.155328
    1163   -0.150238
    1164   -0.150238
    1165   -0.143441
    1166   -0.143441
    1167   -0.135317
    1168   -0.135317
    1169   -0.127714
    1170   -0.127714
    1171   -0.120886
    1172   -0.120886
    1173   -0.113581
    1174   -0.113581
    1175   -0.106862
    1176   -0.106862
    1177   -0.100221
    1178   -0.100221
    1179   -0.090476
    1180   -0.090476
    1181   -0.077624
    1182   -0.077624
    1183   -0.063036
    1184   -0.063036
    1185   -0.049440
    1186   -0.049440
    1187   -0.039984
    1188   -0.039984
    1189   -0.292348
    1190   -0.292348
    1191   -0.289808
    1192   -0.289808
    1193   -0.286168
    1194   -0.286168
    1195   -0.282297
    1196   -0.282297
    1197   -0.278262
    1198   -0.278262
    1199   -0.275312
    1200   -0.275312
    1201   -0.273565
    1202   -0.273565
    1203   -0.271921
    1204   -0.271921
    1205   -0.270232
    1206   -0.270232
    1207   -0.269097
    1208   -0.269097
    1209   -0.268689
    1210   -0.268689
    1211   -0.268799
    1212   -0.268799
    1213   -0.269189
    1214   -0.269189
    1215   -0.269463
    1216   -0.269463
    1217   -0.269428
    1218   -0.269428
    1219   -0.269198
    1220   -0.269198
    1221   -0.268944
    1222   -0.268944
    1223   -0.268733
    1224   -0.268733
    1225   -0.268477
    1226   -0.268477
    1227   -0.268141
    1228   -0.268141
    1229   -0.267820
    1230   -0.267820
    1231   -0.267563
    1232   -0.267563
    1233   -0.267288
    1234   -0.267288
    1235   -0.266965
    1236   -0.266965
    1237   -0.266659
    1238   -0.266659
    1239   -0.266353
    1240   -0.266353
    1241   -0.265939
    1242   -0.265939
    1243   -0.265421
    1244   -0.265421
    1245   -0.264920
    1246   -0.264920
    1247   -0.264471
    1248   -0.264471
    1249   -0.263971
    1250   -0.263971
    1251   -0.263390
    1252   -0.263390
    1253   -0.262824
    1254   -0.262824
    1255   -0.262311
    1256   -0.262311
    1257   -0.261764
    1258   -0.261764
    1259   -0.261141
    1260   -0.261141
    1261   -0.260516
    1262   -0.260516
    1263   -0.259920
    1264   -0.259920
    1265   -0.259261
    1266   -0.259261
    1267   -0.258502
    1268   -0.258502
    1269   -0.257726
    1270   -0.257726
    1271   -0.256955
    1272   -0.256955
    1273   -0.256105
    1274   -0.256105
    1275   -0.255147
    1276   -0.255147
    1277   -0.254154
    1278   -0.254154
    1279   -0.253171
    1280   -0.253171
    1281   -0.252130
    1282   -0.252130
    1283   -0.250979
    1284   -0.250979
    1285   -0.249805
    1286   -0.249805
    1287   -0.248654
    1288   -0.248654
    1289   -0.247403
    1290   -0.247403
    1291   -0.245957
    1292   -0.245957
    1293   -0.244377
    1294   -0.244377
    1295   -0.242710
    1296   -0.242710
    1297   -0.240891
    1298   -0.240891
    1299   -0.238833
    1300   -0.238833
    1301   -0.236570
    1302   -0.236570
    1303   -0.234265
    1304   -0.234265
    1305   -0.232074
    1306   -0.232074
    1307   -0.230330
    1308   -0.230330
    1309   -0.229584
    1310   -0.229584
    1311   -0.229906
    1312   -0.229906
    1313   -0.230693
    1314   -0.230693
    1315   -0.231389
    1316   -0.231389
    1317   -0.231878
    1318   -0.231878
    1319   -0.232227
    1320   -0.232227
    1321   -0.232424
    1322   -0.232424
    1323   -0.232396
    1324   -0.232396
    1325   -0.232164
    1326   -0.232164
    1327   -0.231845
    1328   -0.231845
    1329   -0.231395
    1330   -0.231395
    1331   -0.230642
    1332   -0.230642
    1333   -0.229639
    1334   -0.229639
    1335   -0.228554
    1336   -0.228554
    1337   -0.227305
    1338   -0.227305
    1339   -0.225708
    1340   -0.225708
    1341   -0.223781
    1342   -0.223781
    1343   -0.221679
    1344   -0.221679
    1345   -0.219356
    1346   -0.219356
    1347   -0.216615
    1348   -0.216615
    1349   -0.213510
    1350   -0.213510
    1351   -0.210317
    1352   -0.210317
    1353   -0.206910
    1354   -0.206910
    1355   -0.202744
    1356   -0.202744
    1357   -0.197795
    1358   -0.197795
    1359   -0.192482
    1360   -0.192482
    1361   -0.186698
    1362   -0.186698
    1363   -0.179865
    1364   -0.179865
    1365   -0.172085
    1366   -0.172085
    1367   -0.164092
    1368   -0.164092
    1369   -0.156123
    1370   -0.156123
    1371   -0.147330
    1372   -0.147330
    1373   -0.138165
    1374   -0.138165
    1375   -0.128702
    1376   -0.128702
    1377   -0.116904
    1378   -0.116904
    1379   -0.103346
    1380   -0.103346
    1381   -0.088371
    1382   -0.088371
    1383   -0.072454
    1384   -0.072454
    1385   -0.060260
    1386   -0.060260
    1387   -0.348967
    1388   -0.348967
    1389   -0.347127
    1390   -0.347127
    1391   -0.344672
    1392   -0.344672
    1393   -0.342634
    1394   -0.342634
    1395   -0.340992
    1396   -0.340992
    1397   -0.339789
    1398   -0.339789
    1399   -0.338772
    1400   -0.338772
    1401   -0.337253
    1402   -0.337253
    1403   -0.335412
    1404   -0.335412
    1405   -0.334292
    1406   -0.334292
    1407   -0.334020
    1408   -0.334020
    1409   -0.333897
    1410   -0.333897
    1411   -0.333657
    1412   -0.333657
    1413   -0.333411
    1414   -0.333411
    1415   -0.333144
    1416   -0.333144
    1417   -0.332777
    1418   -0.332777
    1419   -0.332367
    1420   -0.332367
    1421   -0.332007
    1422   -0.332007
    1423   -0.331665
    1424   -0.331665
    1425   -0.331251
    1426   -0.331251
    1427   -0.330806
    1428   -0.330806
    1429   -0.330433
    1430   -0.330433
    1431   -0.330105
    1432   -0.330105
    1433   -0.329751
    1434   -0.329751
    1435   -0.329378
    1436   -0.329378
    1437   -0.328969
    1438   -0.328969
    1439   -0.328473
    1440   -0.328473
    1441   -0.327915
    1442   -0.327915
    1443   -0.327372
    1444   -0.327372
    1445   -0.326847
    1446   -0.326847
    1447   -0.326263
    1448   -0.326263
    1449   -0.325602
    1450   -0.325602
    1451   -0.324935
    1452   -0.324935
    1453   -0.324306
    1454   -0.324306
    1455   -0.323659
    1456   -0.323659
    1457   -0.322950
    1458   -0.322950
    1459   -0.322216
    1460   -0.322216
    1461   -0.321482
    1462   -0.321482
    1463   -0.320696
    1464   -0.320696
    1465   -0.319820
    1466   -0.319820
    1467   -0.318902
    1468   -0.318902
    1469   -0.317973
    1470   -0.317973
    1471   -0.316995
    1472   -0.316995
    1473   -0.315965
    1474   -0.315965
    1475   -0.314909
    1476   -0.314909
    1477   -0.313790
    1478   -0.313790
    1479   -0.312582
    1480   -0.312582
    1481   -0.311318
    1482   -0.311318
    1483   -0.310027
    1484   -0.310027
    1485   -0.308670
    1486   -0.308670
    1487   -0.307166
    1488   -0.307166
    1489   -0.305494
    1490   -0.305494
    1491   -0.303695
    1492   -0.303695
    1493   -0.301784
    1494   -0.301784
    1495   -0.299718
    1496   -0.299718
    1497   -0.297439
    1498   -0.297439
    1499   -0.294987
    1500   -0.294987
    1501   -0.292479
    1502   -0.292479
    1503   -0.290052
    1504   -0.290052
    1505   -0.288026
    1506   -0.288026
    1507   -0.286994
    1508   -0.286994
    1509   -0.287109
    1510   -0.287109
    1511   -0.287732
    1512   -0.287732
    1513   -0.288135
    1514   -0.288135
    1515   -0.288205
    1516   -0.288205
    1517   -0.288241
    1518   -0.288241
    1519   -0.288273
    1520   -0.288273
    1521   -0.288055
    1522   -0.288055
    1523   -0.287517
    1524   -0.287517
    1525   -0.286885
    1526   -0.286885
    1527   -0.286199
    1528   -0.286199
    1529   -0.285217
    1530   -0.285217
    1531   -0.283942
    1532   -0.283942
    1533   -0.282601
    1534   -0.282601
    1535   -0.281131
    1536   -0.281131
    1537   -0.279265
    1538   -0.279265
    1539   -0.276990
    1540   -0.276990
    1541   -0.274518
    1542   -0.274518
    1543   -0.271795
    1544   -0.271795
    1545   -0.268583
    1546   -0.268583
    1547   -0.264989
    1548   -0.264989
    1549   -0.261326
    1550   -0.261326
    1551   -0.257432
    1552   -0.257432
    1553   -0.252703
    1554   -0.252703
    1555   -0.247120
    1556   -0.247120
    1557   -0.241144
    1558   -0.241144
    1559   -0.234836
    1560   -0.234836
    1561   -0.227890
    1562   -0.227890
    1563   -0.220169
    1564   -0.220169
    1565   -0.211789
    1566   -0.211789
    1567   -0.203230
    1568   -0.203230
    1569   -0.193536
    1570   -0.193536
    1571   -0.181340
    1572   -0.181340
    1573   -0.167881
    1574   -0.167881
    1575   -0.153484
    1576   -0.153484
    1577   -0.137372
    1578   -0.137372
    1579   -0.118844
    1580   -0.118844
    1581   -0.098633
    1582   -0.098633
    1583   -0.082768
    1584   -0.082768
    1585   -0.417273
    1586   -0.417273
    1587   -0.415690
    1588   -0.415690
    1589   -0.413586
    1590   -0.413586
    1591   -0.412096
    1592   -0.412096
    1593   -0.411290
    1594   -0.411290
    1595   -0.411005
    1596   -0.411005
    1597   -0.410975
    1598   -0.410975
    1599   -0.410681
    1600   -0.410681
    1601   -0.410153
    1602   -0.410153
    1603   -0.409993
    1604   -0.409993
    1605   -0.410167
    1606   -0.410167
    1607   -0.410070
    1608   -0.410070
    1609   -0.409597
    1610   -0.409597
    1611   -0.409127
    1612   -0.409127
    1613   -0.408775
    1614   -0.408775
    1615   -0.408398
    1616   -0.408398
    1617   -0.407969
    1618   -0.407969
    1619   -0.407561
    1620   -0.407561
    1621   -0.407180
    1622   -0.407180
    1623   -0.406727
    1624   -0.406727
    1625   -0.406188
    1626   -0.406188
    1627   -0.405673
    1628   -0.405673
    1629   -0.405213
    1630   -0.405213
    1631   -0.404749
    1632   -0.404749
    1633   -0.404249
    1634   -0.404249
    1635   -0.403711
    1636   -0.403711
    1637   -0.403146
    1638   -0.403146
    1639   -0.402570
    1640   -0.402570
    1641   -0.401993
    1642   -0.401993
    1643   -0.401397
    1644   -0.401397
    1645   -0.400747
    1646   -0.400747
    1647   -0.400031
    1648   -0.400031
    1649   -0.399279
    1650   -0.399279
    1651   -0.398526
    1652   -0.398526
    1653   -0.397766
    1654   -0.397766
    1655   -0.396964
    1656   -0.396964
    1657   -0.396108
    1658   -0.396108
    1659   -0.395214
    1660   -0.395214
    1661   -0.394276
    1662   -0.394276
    1663   -0.393268
    1664   -0.393268
    1665   -0.392204
    1666   -0.392204
    1667   -0.391138
    1668   -0.391138
    1669   -0.390069
    1670   -0.390069
    1671   -0.388976
    1672   -0.388976
    1673   -0.387831
    1674   -0.387831
    1675   -0.386576
    1676   -0.386576
    1677   -0.385214
    1678   -0.385214
    1679   -0.383795
    1680   -0.383795
    1681   -0.382306
    1682   -0.382306
    1683   -0.380691
    1684   -0.380691
    1685   -0.378941
    1686   -0.378941
    1687   -0.377070
    1688   -0.377070
    1689   -0.375082
    1690   -0.375082
    1691   -0.372977
    1692   -0.372977
    1693   -0.370716
    1694   -0.370716
    1695   -0.368269
    1696   -0.368269
    1697   -0.365687
    1698   -0.365687
    1699   -0.363055
    1700   -0.363055
    1701   -0.360488
    1702   -0.360488
    1703   -0.358302
    1704   -0.358302
    1705   -0.357101
    1706   -0.357101
    1707   -0.357053
    1708   -0.357053
    1709   -0.357518
    1710   -0.357518
    1711   -0.357764
    1712   -0.357764
    1713   -0.357689
    1714   -0.357689
    1715   -0.357622
    1716   -0.357622
    1717   -0.357558
    1718   -0.357558
    1719   -0.357172
    1720   -0.357172
    1721   -0.356399
    1722   -0.356399
    1723   -0.355526
    1724   -0.355526
    1725   -0.354617
    1726   -0.354617
    1727   -0.353431
    1728   -0.353431
    1729   -0.351942
    1730   -0.351942
    1731   -0.350362
    1732   -0.350362
    1733   -0.348648
    1734   -0.348648
    1735   -0.346533
    1736   -0.346533
    1737   -0.343984
    1738   -0.343984
    1739   -0.341179
    1740   -0.341179
    1741   -0.338074
    1742   -0.338074
    1743   -0.334427
    1744   -0.334427
    1745   -0.330309
    1746   -0.330309
    1747   -0.326038
    1748   -0.326038
    1749   -0.321492
    1750   -0.321492
    1751   -0.316115
    1752   -0.316115
    1753   -0.309881
    1754   -0.309881
    1755   -0.303233
    1756   -0.303233
    1757   -0.296220
    1758   -0.296220
    1759   -0.288517
    1760   -0.288517
    1761   -0.279900
    1762   -0.279900
    1763   -0.270373
    1764   -0.270373
    1765   -0.260387
    1766   -0.260387
    1767   -0.248998
    1768   -0.248998
    1769   -0.234228
    1770   -0.234228
    1771   -0.217277
    1772   -0.217277
    1773   -0.199266
    1774   -0.199266
    1775   -0.178846
    1776   -0.178846
    1777   -0.154987
    1778   -0.154987
    1779   -0.129027
    1780   -0.129027
    1781   -0.108354
    1782   -0.108354
    1783   -0.501084
    1784   -0.501084
    1785   -0.499634
    1786   -0.499634
    1787   -0.497486
    1788   -0.497486
    1789   -0.495358
    1790   -0.495358
    1791   -0.493588
    1792   -0.493588
    1793   -0.493036
    1794   -0.493036
    1795   -0.493805
    1796   -0.493805
    1797   -0.495253
    1798   -0.495253
    1799   -0.496893
    1800   -0.496893
    1801   -0.498238
    1802   -0.498238
    1803   -0.499054
    1804   -0.499054
    1805   -0.499319
    1806   -0.499319
    1807   -0.499166
    1808   -0.499166
    1809   -0.498921
    1810   -0.498921
    1811   -0.498713
    1812   -0.498713
    1813   -0.498473
    1814   -0.498473
    1815   -0.498162
    1816   -0.498162
    1817   -0.497807
    1818   -0.497807
    1819   -0.497425
    1820   -0.497425
    1821   -0.496971
    1822   -0.496971
    1823   -0.496422
    1824   -0.496422
    1825   -0.495828
    1826   -0.495828
    1827   -0.495228
    1828   -0.495228
    1829   -0.494614
    1830   -0.494614
    1831   -0.493964
    1832   -0.493964
    1833   -0.493297
    1834   -0.493297
    1835   -0.492655
    1836   -0.492655
    1837   -0.492039
    1838   -0.492039
    1839   -0.491411
    1840   -0.491411
    1841   -0.490743
    1842   -0.490743
    1843   -0.490027
    1844   -0.490027
    1845   -0.489257
    1846   -0.489257
    1847   -0.488424
    1848   -0.488424
    1849   -0.487544
    1850   -0.487544
    1851   -0.486640
    1852   -0.486640
    1853   -0.485696
    1854   -0.485696
    1855   -0.484694
    1856   -0.484694
    1857   -0.483648
    1858   -0.483648
    1859   -0.482572
    1860   -0.482572
    1861   -0.481453
    1862   -0.481453
    1863   -0.480284
    1864   -0.480284
    1865   -0.479100
    1866   -0.479100
    1867   -0.477919
    1868   -0.477919
    1869   -0.476705
    1870   -0.476705
    1871   -0.475426
    1872   -0.475426
    1873   -0.474053
    1874   -0.474053
    1875   -0.472557
    1876   -0.472557
    1877   -0.470924
    1878   -0.470924
    1879   -0.469150
    1880   -0.469150
    1881   -0.467251
    1882   -0.467251
    1883   -0.465267
    1884   -0.465267
    1885   -0.463199
    1886   -0.463199
    1887   -0.461012
    1888   -0.461012
    1889   -0.458698
    1890   -0.458698
    1891   -0.456229
    1892   -0.456229
    1893   -0.453588
    1894   -0.453588
    1895   -0.450806
    1896   -0.450806
    1897   -0.447952
    1898   -0.447952
    1899   -0.445140
    1900   -0.445140
    1901   -0.442677
    1902   -0.442677
    1903   -0.441169
    1904   -0.441169
    1905   -0.440806
    1906   -0.440806
    1907   -0.441009
    1908   -0.441009
    1909   -0.441154
    1910   -0.441154
    1911   -0.441109
    1912   -0.441109
    1913   -0.441036
    1914   -0.441036
    1915   -0.440894
    1916   -0.440894
    1917   -0.440461
    1918   -0.440461
    1919   -0.439705
    1920   -0.439705
    1921   -0.438778
    1922   -0.438778
    1923   -0.437696
    1924   -0.437696
    1925   -0.436352
    1926   -0.436352
    1927   -0.434732
    1928   -0.434732
    1929   -0.432921
    1930   -0.432921
    1931   -0.430885
    1932   -0.430885
    1933   -0.428486
    1934   -0.428486
    1935   -0.425697
    1936   -0.425697
    1937   -0.422567
    1938   -0.422567
    1939   -0.419068
    1940   -0.419068
    1941   -0.415018
    1942   -0.415018
    1943   -0.410404
    1944   -0.410404
    1945   -0.405458
    1946   -0.405458
    1947   -0.400079
    1948   -0.400079
    1949   -0.393901
    1950   -0.393901
    1951   -0.386942
    1952   -0.386942
    1953   -0.379503
    1954   -0.379503
    1955   -0.371460
    1956   -0.371460
    1957   -0.362327
    1958   -0.362327
    1959   -0.351936
    1960   -0.351936
    1961   -0.340430
    1962   -0.340430
    1963   -0.327887
    1964   -0.327887
    1965   -0.313715
    1966   -0.313715
    1967   -0.296670
    1968   -0.296670
    1969   -0.276676
    1970   -0.276676
    1971   -0.254032
    1972   -0.254032
    1973   -0.227941
    1974   -0.227941
    1975   -0.197735
    1976   -0.197735
    1977   -0.165118
    1978   -0.165118
    1979   -0.138836
    1980   -0.138836
    1981   -0.605108
    1982   -0.605108
    1983   -0.604184
    1984   -0.604184
    1985   -0.602653
    1986   -0.602653
    1987   -0.600797
    1988   -0.600797
    1989   -0.598985
    1990   -0.598985
    1991   -0.598428
    1992   -0.598428
    1993   -0.599399
    1994   -0.599399
    1995   -0.601246
    1996   -0.601246
    1997   -0.603350
    1998   -0.603350
    1999   -0.604986
    2000   -0.604986
    2001   -0.605955
    2002   -0.605955
    2003   -0.606480
    2004   -0.606480
    2005   -0.606710
    2006   -0.606710
    2007   -0.606780
    2008   -0.606780
    2009   -0.606778
    2010   -0.606778
    2011   -0.606729
    2012   -0.606729
    2013   -0.606600
    2014   -0.606600
    2015   -0.606355
    2016   -0.606355
    2017   -0.606014
    2018   -0.606014
    2019   -0.605607
    2020   -0.605607
    2021   -0.605120
    2022   -0.605120
    2023   -0.604547
    2024   -0.604547
    2025   -0.603917
    2026   -0.603917
    2027   -0.603245
    2028   -0.603245
    2029   -0.602518
    2030   -0.602518
    2031   -0.601762
    2032   -0.601762
    2033   -0.601028
    2034   -0.601028
    2035   -0.600321
    2036   -0.600321
    2037   -0.599591
    2038   -0.599591
    2039   -0.598807
    2040   -0.598807
    2041   -0.597984
    2042   -0.597984
    2043   -0.597117
    2044   -0.597117
    2045   -0.596172
    2046   -0.596172
    2047   -0.595152
    2048   -0.595152
    2049   -0.594087
    2050   -0.594087
    2051   -0.592981
    2052   -0.592981
    2053   -0.591819
    2054   -0.591819
    2055   -0.590619
    2056   -0.590619
    2057   -0.589414
    2058   -0.589414
    2059   -0.588199
    2060   -0.588199
    2061   -0.586928
    2062   -0.586928
    2063   -0.585589
    2064   -0.585589
    2065   -0.584220
    2066   -0.584220
    2067   -0.582833
    2068   -0.582833
    2069   -0.581395
    2070   -0.581395
    2071   -0.579859
    2072   -0.579859
    2073   -0.578167
    2074   -0.578167
    2075   -0.576253
    2076   -0.576253
    2077   -0.574129
    2078   -0.574129
    2079   -0.571891
    2080   -0.571891
    2081   -0.569605
    2082   -0.569605
    2083   -0.567246
    2084   -0.567246
    2085   -0.564771
    2086   -0.564771
    2087   -0.562176
    2088   -0.562176
    2089   -0.559463
    2090   -0.559463
    2091   -0.556606
    2092   -0.556606
    2093   -0.553583
    2094   -0.553583
    2095   -0.550439
    2096   -0.550439
    2097   -0.547335
    2098   -0.547335
    2099   -0.544675
    2100   -0.544675
    2101   -0.543024
    2102   -0.543024
    2103   -0.542451
    2104   -0.542451
    2105   -0.542444
    2106   -0.542444
    2107   -0.542522
    2108   -0.542522
    2109   -0.542495
    2110   -0.542495
    2111   -0.542362
    2112   -0.542362
    2113   -0.542076
    2114   -0.542076
    2115   -0.541509
    2116   -0.541509
    2117   -0.540660
    2118   -0.540660
    2119   -0.539600
    2120   -0.539600
    2121   -0.538307
    2122   -0.538307
    2123   -0.536732
    2124   -0.536732
    2125   -0.534860
    2126   -0.534860
    2127   -0.532700
    2128   -0.532700
    2129   -0.530215
    2130   -0.530215
    2131   -0.527342
    2132   -0.527342
    2133   -0.524088
    2134   -0.524088
    2135   -0.520473
    2136   -0.520473
    2137   -0.516469
    2138   -0.516469
    2139   -0.511932
    2140   -0.511932
    2141   -0.506806
    2142   -0.506806
    2143   -0.501175
    2144   -0.501175
    2145   -0.494915
    2146   -0.494915
    2147   -0.487869
    2148   -0.487869
    2149   -0.480080
    2150   -0.480080
    2151   -0.471647
    2152   -0.471647
    2153   -0.462399
    2154   -0.462399
    2155   -0.451891
    2156   -0.451891
    2157   -0.439872
    2158   -0.439872
    2159   -0.426198
    2160   -0.426198
    2161   -0.410633
    2162   -0.410633
    2163   -0.393338
    2164   -0.393338
    2165   -0.373758
    2166   -0.373758
    2167   -0.350391
    2168   -0.350391
    2169   -0.322589
    2170   -0.322589
    2171   -0.289958
    2172   -0.289958
    2173   -0.252196
    2174   -0.252196
    2175   -0.211530
    2176   -0.211530
    2177   -0.178520
    2178   -0.178520
    2179   -0.739844
    2180   -0.739844
    2181   -0.740273
    2182   -0.740273
    2183   -0.740706
    2184   -0.740706
    2185   -0.740895
    2186   -0.740895
    2187   -0.740933
    2188   -0.740933
    2189   -0.741330
    2190   -0.741330
    2191   -0.742200
    2192   -0.742200
    2193   -0.743114
    2194   -0.743114
    2195   -0.743868
    2196   -0.743868
    2197   -0.744490
    2198   -0.744490
    2199   -0.745032
    2200   -0.745032
    2201   -0.745545
    2202   -0.745545
    2203   -0.745999
    2204   -0.745999
    2205   -0.746292
    2206   -0.746292
    2207   -0.746437
    2208   -0.746437
    2209   -0.746537
    2210   -0.746537
    2211   -0.746582
    2212   -0.746582
    2213   -0.746465
    2214   -0.746465
    2215   -0.746190
    2216   -0.746190
    2217   -0.745841
    2218   -0.745841
    2219   -0.745429
    2220   -0.745429
    2221   -0.744917
    2222   -0.744917
    2223   -0.744317
    2224   -0.744317
    2225   -0.743653
    2226   -0.743653
    2227   -0.742924
    2228   -0.742924
    2229   -0.742136
    2230   -0.742136
    2231   -0.741309
    2232   -0.741309
    2233   -0.740453
    2234   -0.740453
    2235   -0.739555
    2236   -0.739555
    2237   -0.738608
    2238   -0.738608
    2239   -0.737621
    2240   -0.737621
    2241   -0.736585
    2242   -0.736585
    2243   -0.735478
    2244   -0.735478
    2245   -0.734301
    2246   -0.734301
    2247   -0.733066
    2248   -0.733066
    2249   -0.731779
    2250   -0.731779
    2251   -0.730442
    2252   -0.730442
    2253   -0.729068
    2254   -0.729068
    2255   -0.727689
    2256   -0.727689
    2257   -0.726311
    2258   -0.726311
    2259   -0.724876
    2260   -0.724876
    2261   -0.723333
    2262   -0.723333
    2263   -0.721717
    2264   -0.721717
    2265   -0.720104
    2266   -0.720104
    2267   -0.718457
    2268   -0.718457
    2269   -0.716664
    2270   -0.716664
    2271   -0.714672
    2272   -0.714672
    2273   -0.712416
    2274   -0.712416
    2275   -0.709909
    2276   -0.709909
    2277   -0.707279
    2278   -0.707279
    2279   -0.704591
    2280   -0.704591
    2281   -0.701840
    2282   -0.701840
    2283   -0.699000
    2284   -0.699000
    2285   -0.696043
    2286   -0.696043
    2287   -0.692978
    2288   -0.692978
    2289   -0.689810
    2290   -0.689810
    2291   -0.686514
    2292   -0.686514
    2293   -0.683093
    2294   -0.683093
    2295   -0.679748
    2296   -0.679748
    2297   -0.677105
    2298   -0.677105
    2299   -0.675685
    2300   -0.675685
    2301   -0.675226
    2302   -0.675226
    2303   -0.675217
    2304   -0.675217
    2305   -0.675355
    2306   -0.675355
    2307   -0.675396
    2308   -0.675396
    2309   -0.675184
    2310   -0.675184
    2311   -0.674682
    2312   -0.674682
    2313   -0.673834
    2314   -0.673834
    2315   -0.672667
    2316   -0.672667
    2317   -0.671285
    2318   -0.671285
    2319   -0.669677
    2320   -0.669677
    2321   -0.667735
    2322   -0.667735
    2323   -0.665390
    2324   -0.665390
    2325   -0.662678
    2326   -0.662678
    2327   -0.659594
    2328   -0.659594
    2329   -0.656054
    2330   -0.656054
    2331   -0.652073
    2332   -0.652073
    2333   -0.647711
    2334   -0.647711
    2335   -0.642927
    2336   -0.642927
    2337   -0.637654
    2338   -0.637654
    2339   -0.631829
    2340   -0.631829
    2341   -0.625332
    2342   -0.625332
    2343   -0.618012
    2344   -0.618012
    2345   -0.609857
    2346   -0.609857
    2347   -0.600883
    2348   -0.600883
    2349   -0.591055
    2350   -0.591055
    2351   -0.580339
    2352   -0.580339
    2353   -0.568518
    2354   -0.568518
    2355   -0.555112
    2356   -0.555112
    2357   -0.539421
    2358   -0.539421
    2359   -0.520711
    2360   -0.520711
    2361   -0.499537
    2362   -0.499537
    2363   -0.476174
    2364   -0.476174
    2365   -0.448546
    2366   -0.448546
    2367   -0.415018
    2368   -0.415018
    2369   -0.374781
    2370   -0.374781
    2371   -0.327596
    2372   -0.327596
    2373   -0.276359
    2374   -0.276359
    2375   -0.234345
    2376   -0.234345
    2377   -0.923358
    2378   -0.923358
    2379   -0.926134
    2380   -0.926134
    2381   -0.930004
    2382   -0.930004
    2383   -0.933981
    2384   -0.933981
    2385   -0.937742
    2386   -0.937742
    2387   -0.940384
    2388   -0.940384
    2389   -0.941740
    2390   -0.941740
    2391   -0.942078
    2392   -0.942078
    2393   -0.941825
    2394   -0.941825
    2395   -0.941656
    2396   -0.941656
    2397   -0.941824
    2398   -0.941824
    2399   -0.942214
    2400   -0.942214
    2401   -0.942690
    2402   -0.942690
    2403   -0.943066
    2404   -0.943066
    2405   -0.943298
    2406   -0.943298
    2407   -0.943476
    2408   -0.943476
    2409   -0.943597
    2410   -0.943597
    2411   -0.943555
    2412   -0.943555
    2413   -0.943336
    2414   -0.943336
    2415   -0.943018
    2416   -0.943018
    2417   -0.942620
    2418   -0.942620
    2419   -0.942110
    2420   -0.942110
    2421   -0.941486
    2422   -0.941486
    2423   -0.940764
    2424   -0.940764
    2425   -0.939963
    2426   -0.939963
    2427   -0.939104
    2428   -0.939104
    2429   -0.938172
    2430   -0.938172
    2431   -0.937145
    2432   -0.937145
    2433   -0.936043
    2434   -0.936043
    2435   -0.934890
    2436   -0.934890
    2437   -0.933689
    2438   -0.933689
    2439   -0.932426
    2440   -0.932426
    2441   -0.931098
    2442   -0.931098
    2443   -0.929706
    2444   -0.929706
    2445   -0.928243
    2446   -0.928243
    2447   -0.926705
    2448   -0.926705
    2449   -0.925107
    2450   -0.925107
    2451   -0.923474
    2452   -0.923474
    2453   -0.921822
    2454   -0.921822
    2455   -0.920155
    2456   -0.920155
    2457   -0.918441
    2458   -0.918441
    2459   -0.916615
    2460   -0.916615
    2461   -0.914683
    2462   -0.914683
    2463   -0.912715
    2464   -0.912715
    2465   -0.910682
    2466   -0.910682
    2467   -0.908481
    2468   -0.908481
    2469   -0.906084
    2470   -0.906084
    2471   -0.903462
    2472   -0.903462
    2473   -0.900623
    2474   -0.900623
    2475   -0.897635
    2476   -0.897635
    2477   -0.894522
    2478   -0.894522
    2479   -0.891309
    2480   -0.891309
    2481   -0.887993
    2482   -0.887993
    2483   -0.884534
    2484   -0.884534
    2485   -0.880917
    2486   -0.880917
    2487   -0.877163
    2488   -0.877163
    2489   -0.873297
    2490   -0.873297
    2491   -0.869347
    2492   -0.869347
    2493   -0.865508
    2494   -0.865508
    2495   -0.862509
    2496   -0.862509
    2497   -0.860972
    2498   -0.860972
    2499   -0.860499
    2500   -0.860499
    2501   -0.860447
    2502   -0.860447
    2503   -0.860548
    2504   -0.860548
    2505   -0.860527
    2506   -0.860527
    2507   -0.860148
    2508   -0.860148
    2509   -0.859364
    2510   -0.859364
    2511   -0.858172
    2512   -0.858172
    2513   -0.856590
    2514   -0.856590
    2515   -0.854733
    2516   -0.854733
    2517   -0.852632
    2518   -0.852632
    2519   -0.850076
    2520   -0.850076
    2521   -0.846962
    2522   -0.846962
    2523   -0.843417
    2524   -0.843417
    2525   -0.839484
    2526   -0.839484
    2527   -0.835080
    2528   -0.835080
    2529   -0.830174
    2530   -0.830174
    2531   -0.824772
    2532   -0.824772
    2533   -0.818825
    2534   -0.818825
    2535   -0.812366
    2536   -0.812366
    2537   -0.805313
    2538   -0.805313
    2539   -0.797439
    2540   -0.797439
    2541   -0.788628
    2542   -0.788628
    2543   -0.778881
    2544   -0.778881
    2545   -0.768150
    2546   -0.768150
    2547   -0.756351
    2548   -0.756351
    2549   -0.743491
    2550   -0.743491
    2551   -0.729475
    2552   -0.729475
    2553   -0.713760
    2554   -0.713760
    2555   -0.695430
    2556   -0.695430
    2557   -0.673260
    2558   -0.673260
    2559   -0.647213
    2560   -0.647213
    2561   -0.617973
    2562   -0.617973
    2563   -0.584234
    2564   -0.584234
    2565   -0.543682
    2566   -0.543682
    2567   -0.494012
    2568   -0.494012
    2569   -0.434690
    2570   -0.434690
    2571   -0.369370
    2572   -0.369370
    2573   -0.315064
    2574   -0.315064
    2575   -1.176418
    2576   -1.176418
    2577   -1.182570
    2578   -1.182570
    2579   -1.191226
    2580   -1.191226
    2581   -1.200055
    2582   -1.200055
    2583   -1.208444
    2584   -1.208444
    2585   -1.214121
    2586   -1.214121
    2587   -1.216777
    2588   -1.216777
    2589   -1.217703
    2590   -1.217703
    2591   -1.217855
    2592   -1.217855
    2593   -1.218029
    2594   -1.218029
    2595   -1.218474
    2596   -1.218474
    2597   -1.219030
    2598   -1.219030
    2599   -1.219590
    2600   -1.219590
    2601   -1.220076
    2602   -1.220076
    2603   -1.220457
    2604   -1.220457
    2605   -1.220737
    2606   -1.220737
    2607   -1.220892
    2608   -1.220892
    2609   -1.220872
    2610   -1.220872
    2611   -1.220676
    2612   -1.220676
    2613   -1.220352
    2614   -1.220352
    2615   -1.219917
    2616   -1.219917
    2617   -1.219346
    2618   -1.219346
    2619   -1.218633
    2620   -1.218633
    2621   -1.217772
    2622   -1.217772
    2623   -1.216791
    2624   -1.216791
    2625   -1.215748
    2626   -1.215748
    2627   -1.214638
    2628   -1.214638
    2629   -1.213410
    2630   -1.213410
    2631   -1.212065
    2632   -1.212065
    2633   -1.210637
    2634   -1.210637
    2635   -1.209144
    2636   -1.209144
    2637   -1.207577
    2638   -1.207577
    2639   -1.205932
    2640   -1.205932
    2641   -1.204210
    2642   -1.204210
    2643   -1.202404
    2644   -1.202404
    2645   -1.200495
    2646   -1.200495
    2647   -1.198494
    2648   -1.198494
    2649   -1.196443
    2650   -1.196443
    2651   -1.194351
    2652   -1.194351
    2653   -1.192213
    2654   -1.192213
    2655   -1.190023
    2656   -1.190023
    2657   -1.187734
    2658   -1.187734
    2659   -1.185316
    2660   -1.185316
    2661   -1.182770
    2662   -1.182770
    2663   -1.180087
    2664   -1.180087
    2665   -1.177260
    2666   -1.177260
    2667   -1.174293
    2668   -1.174293
    2669   -1.171185
    2670   -1.171185
    2671   -1.167932
    2672   -1.167932
    2673   -1.164524
    2674   -1.164524
    2675   -1.160918
    2676   -1.160918
    2677   -1.157085
    2678   -1.157085
    2679   -1.153053
    2680   -1.153053
    2681   -1.148831
    2682   -1.148831
    2683   -1.144382
    2684   -1.144382
    2685   -1.139683
    2686   -1.139683
    2687   -1.134776
    2688   -1.134776
    2689   -1.129749
    2690   -1.129749
    2691   -1.124799
    2692   -1.124799
    2693   -1.120617
    2694   -1.120617
    2695   -1.118104
    2696   -1.118104
    2697   -1.117061
    2698   -1.117061
    2699   -1.116570
    2700   -1.116570
    2701   -1.116139
    2702   -1.116139
    2703   -1.115506
    2704   -1.115506
    2705   -1.114464
    2706   -1.114464
    2707   -1.112972
    2708   -1.112972
    2709   -1.111146
    2710   -1.111146
    2711   -1.108946
    2712   -1.108946
    2713   -1.106272
    2714   -1.106272
    2715   -1.103169
    2716   -1.103169
    2717   -1.099505
    2718   -1.099505
    2719   -1.095227
    2720   -1.095227
    2721   -1.090456
    2722   -1.090456
    2723   -1.085230
    2724   -1.085230
    2725   -1.079547
    2726   -1.079547
    2727   -1.073308
    2728   -1.073308
    2729   -1.066362
    2730   -1.066362
    2731   -1.058653
    2732   -1.058653
    2733   -1.050243
    2734   -1.050243
    2735   -1.041031
    2736   -1.041031
    2737   -1.030845
    2738   -1.030845
    2739   -1.019680
    2740   -1.019680
    2741   -1.007504
    2742   -1.007504
    2743   -0.994164
    2744   -0.994164
    2745   -0.979445
    2746   -0.979445
    2747   -0.963204
    2748   -0.963204
    2749   -0.945378
    2750   -0.945378
    2751   -0.925540
    2752   -0.925540
    2753   -0.902815
    2754   -0.902815
    2755   -0.876080
    2756   -0.876080
    2757   -0.844700
    2758   -0.844700
    2759   -0.808138
    2760   -0.808138
    2761   -0.765588
    2762   -0.765588
    2763   -0.715311
    2764   -0.715311
    2765   -0.653565
    2766   -0.653565
    2767   -0.579149
    2768   -0.579149
    2769   -0.496352
    2770   -0.496352
    2771   -0.426678
    2772   -0.426678
    2773   -1.520840
    2774   -1.520840
    2775   -1.531289
    2776   -1.531289
    2777   -1.545327
    2778   -1.545327
    2779   -1.557724
    2780   -1.557724
    2781   -1.568434
    2782   -1.568434
    2783   -1.576054
    2784   -1.576054
    2785   -1.580562
    2786   -1.580562
    2787   -1.583562
    2788   -1.583562
    2789   -1.585990
    2790   -1.585990
    2791   -1.588066
    2792   -1.588066
    2793   -1.589845
    2794   -1.589845
    2795   -1.591362
    2796   -1.591362
    2797   -1.592631
    2798   -1.592631
    2799   -1.593648
    2800   -1.593648
    2801   -1.594429
    2802   -1.594429
    2803   -1.594987
    2804   -1.594987
    2805   -1.595308
    2806   -1.595308
    2807   -1.595369
    2808   -1.595369
    2809   -1.595200
    2810   -1.595200
    2811   -1.594881
    2812   -1.594881
    2813   -1.594434
    2814   -1.594434
    2815   -1.593795
    2816   -1.593795
    2817   -1.592946
    2818   -1.592946
    2819   -1.591919
    2820   -1.591919
    2821   -1.590739
    2822   -1.590739
    2823   -1.589430
    2824   -1.589430
    2825   -1.588002
    2826   -1.588002
    2827   -1.586436
    2828   -1.586436
    2829   -1.584722
    2830   -1.584722
    2831   -1.582884
    2832   -1.582884
    2833   -1.580951
    2834   -1.580951
    2835   -1.578929
    2836   -1.578929
    2837   -1.576810
    2838   -1.576810
    2839   -1.574582
    2840   -1.574582
    2841   -1.572247
    2842   -1.572247
    2843   -1.569799
    2844   -1.569799
    2845   -1.567234
    2846   -1.567234
    2847   -1.564561
    2848   -1.564561
    2849   -1.561774
    2850   -1.561774
    2851   -1.558870
    2852   -1.558870
    2853   -1.555867
    2854   -1.555867
    2855   -1.552756
    2856   -1.552756
    2857   -1.549504
    2858   -1.549504
    2859   -1.546072
    2860   -1.546072
    2861   -1.542459
    2862   -1.542459
    2863   -1.538698
    2864   -1.538698
    2865   -1.534806
    2866   -1.534806
    2867   -1.530796
    2868   -1.530796
    2869   -1.526672
    2870   -1.526672
    2871   -1.522410
    2872   -1.522410
    2873   -1.517921
    2874   -1.517921
    2875   -1.513105
    2876   -1.513105
    2877   -1.507978
    2878   -1.507978
    2879   -1.502570
    2880   -1.502570
    2881   -1.496845
    2882   -1.496845
    2883   -1.490777
    2884   -1.490777
    2885   -1.484361
    2886   -1.484361
    2887   -1.477671
    2888   -1.477671
    2889   -1.471012
    2890   -1.471012
    2891   -1.465189
    2892   -1.465189
    2893   -1.461298
    2894   -1.461298
    2895   -1.459273
    2896   -1.459273
    2897   -1.457900
    2898   -1.457900
    2899   -1.456456
    2900   -1.456456
    2901   -1.454710
    2902   -1.454710
    2903   -1.452435
    2904   -1.452435
    2905   -1.449633
    2906   -1.449633
    2907   -1.446640
    2908   -1.446640
    2909   -1.443397
    2910   -1.443397
    2911   -1.439436
    2912   -1.439436
    2913   -1.434693
    2914   -1.434693
    2915   -1.429364
    2916   -1.429364
    2917   -1.423483
    2918   -1.423483
    2919   -1.416905
    2920   -1.416905
    2921   -1.409637
    2922   -1.409637
    2923   -1.401841
    2924   -1.401841
    2925   -1.393367
    2926   -1.393367
    2927   -1.383904
    2928   -1.383904
    2929   -1.373386
    2930   -1.373386
    2931   -1.361925
    2932   -1.361925
    2933   -1.349438
    2934   -1.349438
    2935   -1.335677
    2936   -1.335677
    2937   -1.320656
    2938   -1.320656
    2939   -1.304494
    2940   -1.304494
    2941   -1.286957
    2942   -1.286957
    2943   -1.267529
    2944   -1.267529
    2945   -1.245917
    2946   -1.245917
    2947   -1.222191
    2948   -1.222191
    2949   -1.196005
    2950   -1.196005
    2951   -1.166424
    2952   -1.166424
    2953   -1.132561
    2954   -1.132561
    2955   -1.093779
    2956   -1.093779
    2957   -1.048113
    2958   -1.048113
    2959   -0.993719
    2960   -0.993719
    2961   -0.929325
    2962   -0.929325
    2963   -0.851577
    2964   -0.851577
    2965   -0.758923
    2966   -0.758923
    2967   -0.655313
    2968   -0.655313
    2969   -0.567519
    2970   -0.567519
    2971   -2.004959
    2972   -2.004959
    2973   -2.020371
    2974   -2.020371
    2975   -2.039682
    2976   -2.039682
    2977   -2.054048
    2978   -2.054048
    2979   -2.065041
    2980   -2.065041
    2981   -2.073810
    2982   -2.073810
    2983   -2.080880
    2984   -2.080880
    2985   -2.087484
    2986   -2.087484
    2987   -2.093988
    2988   -2.093988
    2989   -2.099461
    2990   -2.099461
    2991   -2.103664
    2992   -2.103664
    2993   -2.107067
    2994   -2.107067
    2995   -2.109866
    2996   -2.109866
    2997   -2.112020
    2998   -2.112020
    2999   -2.113581
    3000   -2.113581
    3001   -2.114680
    3002   -2.114680
    3003   -2.115370
    3004   -2.115370
    3005   -2.115653
    3006   -2.115653
    3007   -2.115580
    3008   -2.115580
    3009   -2.115276
    3010   -2.115276
    3011   -2.114780
    3012   -2.114780
    3013   -2.114006
    3014   -2.114006
    3015   -2.112933
    3016   -2.112933
    3017   -2.111639
    3018   -2.111639
    3019   -2.110163
    3020   -2.110163
    3021   -2.108458
    3022   -2.108458
    3023   -2.106508
    3024   -2.106508
    3025   -2.104349
    3026   -2.104349
    3027   -2.102003
    3028   -2.102003
    3029   -2.099496
    3030   -2.099496
    3031   -2.096851
    3032   -2.096851
    3033   -2.094079
    3034   -2.094079
    3035   -2.091177
    3036   -2.091177
    3037   -2.088121
    3038   -2.088121
    3039   -2.084914
    3040   -2.084914
    3041   -2.081590
    3042   -2.081590
    3043   -2.078129
    3044   -2.078129
    3045   -2.074458
    3046   -2.074458
    3047   -2.070552
    3048   -2.070552
    3049   -2.066419
    3050   -2.066419
    3051   -2.062079
    3052   -2.062079
    3053   -2.057568
    3054   -2.057568
    3055   -2.052890
    3056   -2.052890
    3057   -2.048007
    3058   -2.048007
    3059   -2.042912
    3060   -2.042912
    3061   -2.037621
    3062   -2.037621
    3063   -2.032148
    3064   -2.032148
    3065   -2.026527
    3066   -2.026527
    3067   -2.020758
    3068   -2.020758
    3069   -2.014823
    3070   -2.014823
    3071   -2.008641
    3072   -2.008641
    3073   -2.002089
    3074   -2.002089
    3075   -1.995136
    3076   -1.995136
    3077   -1.987776
    3078   -1.987776
    3079   -1.979992
    3080   -1.979992
    3081   -1.971796
    3082   -1.971796
    3083   -1.963148
    3084   -1.963148
    3085   -1.954020
    3086   -1.954020
    3087   -1.944900
    3088   -1.944900
    3089   -1.936983
    3090   -1.936983
    3091   -1.931508
    3092   -1.931508
    3093   -1.928235
    3094   -1.928235
    3095   -1.925626
    3096   -1.925626
    3097   -1.922847
    3098   -1.922847
    3099   -1.919705
    3100   -1.919705
    3101   -1.915870
    3102   -1.915870
    3103   -1.911305
    3104   -1.911305
    3105   -1.906341
    3106   -1.906341
    3107   -1.901012
    3108   -1.901012
    3109   -1.894848
    3110   -1.894848
    3111   -1.887602
    3112   -1.887602
    3113   -1.879667
    3114   -1.879667
    3115   -1.871133
    3116   -1.871133
    3117   -1.861573
    3118   -1.861573
    3119   -1.850934
    3120   -1.850934
    3121   -1.839444
    3122   -1.839444
    3123   -1.827001
    3124   -1.827001
    3125   -1.813327
    3126   -1.813327
    3127   -1.798329
    3128   -1.798329
    3129   -1.782064
    3130   -1.782064
    3131   -1.764463
    3132   -1.764463
    3133   -1.745141
    3134   -1.745141
    3135   -1.723995
    3136   -1.723995
    3137   -1.701247
    3138   -1.701247
    3139   -1.676652
    3140   -1.676652
    3141   -1.649505
    3142   -1.649505
    3143   -1.619397
    3144   -1.619397
    3145   -1.586342
    3146   -1.586342
    3147   -1.549972
    3148   -1.549972
    3149   -1.509401
    3150   -1.509401
    3151   -1.463598
    3152   -1.463598
    3153   -1.411650
    3154   -1.411650
    3155   -1.351241
    3156   -1.351241
    3157   -1.279367
    3158   -1.279367
    3159   -1.193824
    3160   -1.193824
    3161   -1.092684
    3162   -1.092684
    3163   -0.974622
    3164   -0.974622
    3165   -0.842955
    3166   -0.842955
    3167   -0.731773
    3168   -0.731773
    3169   -2.771667
    3170   -2.771667
    3171   -2.795109
    3172   -2.795109
    3173   -2.823526
    3174   -2.823526
    3175   -2.843694
    3176   -2.843694
    3177   -2.858897
    3178   -2.858897
    3179   -2.871784
    3180   -2.871784
    3181   -2.883395
    3182   -2.883395
    3183   -2.894997
    3184   -2.894997
    3185   -2.906516
    3186   -2.906516
    3187   -2.916281
    3188   -2.916281
    3189   -2.923853
    3190   -2.923853
    3191   -2.929988
    3192   -2.929988
    3193   -2.935036
    3194   -2.935036
    3195   -2.938937
    3196   -2.938937
    3197   -2.941749
    3198   -2.941749
    3199   -2.943693
    3200   -2.943693
    3201   -2.944933
    3202   -2.944933
    3203   -2.945566
    3204   -2.945566
    3205   -2.945647
    3206   -2.945647
    3207   -2.945243
    3208   -2.945243
    3209   -2.944446
    3210   -2.944446
    3211   -2.943302
    3212   -2.943302
    3213   -2.941789
    3214   -2.941789
    3215   -2.939917
    3216   -2.939917
    3217   -2.937735
    3218   -2.937735
    3219   -2.935254
    3220   -2.935254
    3221   -2.932431
    3222   -2.932431
    3223   -2.929232
    3224   -2.929232
    3225   -2.925711
    3226   -2.925711
    3227   -2.921988
    3228   -2.921988
    3229   -2.918082
    3230   -2.918082
    3231   -2.913921
    3232   -2.913921
    3233   -2.909517
    3234   -2.909517
    3235   -2.904946
    3236   -2.904946
    3237   -2.900208
    3238   -2.900208
    3239   -2.895243
    3240   -2.895243
    3241   -2.890014
    3242   -2.890014
    3243   -2.884507
    3244   -2.884507
    3245   -2.878681
    3246   -2.878681
    3247   -2.872442
    3248   -2.872442
    3249   -2.865791
    3250   -2.865791
    3251   -2.858877
    3252   -2.858877
    3253   -2.851716
    3254   -2.851716
    3255   -2.844149
    3256   -2.844149
    3257   -2.836212
    3258   -2.836212
    3259   -2.828112
    3260   -2.828112
    3261   -2.819893
    3262   -2.819893
    3263   -2.811464
    3264   -2.811464
    3265   -2.802776
    3266   -2.802776
    3267   -2.793850
    3268   -2.793850
    3269   -2.784592
    3270   -2.784592
    3271   -2.774771
    3272   -2.774771
    3273   -2.764334
    3274   -2.764334
    3275   -2.753416
    3276   -2.753416
    3277   -2.742008
    3278   -2.742008
    3279   -2.729953
    3280   -2.729953
    3281   -2.717223
    3282   -2.717223
    3283   -2.703959
    3284   -2.703959
    3285   -2.690599
    3286   -2.690599
    3287   -2.678547
    3288   -2.678547
    3289   -2.669855
    3290   -2.669855
    3291   -2.664474
    3292   -2.664474
    3293   -2.660097
    3294   -2.660097
    3295   -2.655269
    3296   -2.655269
    3297   -2.649809
    3298   -2.649809
    3299   -2.643568
    3300   -2.643568
    3301   -2.636350
    3302   -2.636350
    3303   -2.627986
    3304   -2.627986
    3305   -2.618610
    3306   -2.618610
    3307   -2.608374
    3308   -2.608374
    3309   -2.596966
    3310   -2.596966
    3311   -2.584299
    3312   -2.584299
    3313   -2.570499
    3314   -2.570499
    3315   -2.555581
    3316   -2.555581
    3317   -2.539325
    3318   -2.539325
    3319   -2.521249
    3320   -2.521249
    3321   -2.501386
    3322   -2.501386
    3323   -2.480273
    3324   -2.480273
    3325   -2.457752
    3326   -2.457752
    3327   -2.433020
    3328   -2.433020
    3329   -2.405939
    3330   -2.405939
    3331   -2.376841
    3332   -2.376841
    3333   -2.345461
    3334   -2.345461
    3335   -2.311069
    3336   -2.311069
    3337   -2.273454
    3338   -2.273454
    3339   -2.232802
    3340   -2.232802
    3341   -2.188455
    3342   -2.188455
    3343   -2.139025
    3344   -2.139025
    3345   -2.084040
    3346   -2.084040
    3347   -2.023791
    3348   -2.023791
    3349   -1.956878
    3350   -1.956878
    3351   -1.880416
    3352   -1.880416
    3353   -1.791746
    3354   -1.791746
    3355   -1.688329
    3356   -1.688329
    3357   -1.566918
    3358   -1.566918
    3359   -1.425159
    3360   -1.425159
    3361   -1.261378
    3362   -1.261378
    3363   -1.081671
    3364   -1.081671
    3365   -0.932808
    3366   -0.932808
    3367   -4.166037
    3368   -4.166037
    3369   -4.205930
    3370   -4.205930
    3371   -4.254245
    3372   -4.254245
    3373   -4.289718
    3374   -4.289718
    3375   -4.317605
    3376   -4.317605
    3377   -4.340881
    3378   -4.340881
    3379   -4.361440
    3380   -4.361440
    3381   -4.381234
    3382   -4.381234
    3383   -4.400116
    3384   -4.400116
    3385   -4.416241
    3386   -4.416241
    3387   -4.429089
    3388   -4.429089
    3389   -4.439598
    3390   -4.439598
    3391   -4.448299
    3392   -4.448299
    3393   -4.455099
    3394   -4.455099
    3395   -4.460010
    3396   -4.460010
    3397   -4.463308
    3398   -4.463308
    3399   -4.465364
    3400   -4.465364
    3401   -4.466519
    3402   -4.466519
    3403   -4.466815
    3404   -4.466815
    3405   -4.466109
    3406   -4.466109
    3407   -4.464583
    3408   -4.464583
    3409   -4.462613
    3410   -4.462613
    3411   -4.460186
    3412   -4.460186
    3413   -4.457051
    3414   -4.457051
    3415   -4.453288
    3416   -4.453288
    3417   -4.449206
    3418   -4.449206
    3419   -4.444750
    3420   -4.444750
    3421   -4.439559
    3422   -4.439559
    3423   -4.433690
    3424   -4.433690
    3425   -4.427592
    3426   -4.427592
    3427   -4.421292
    3428   -4.421292
    3429   -4.414401
    3430   -4.414401
    3431   -4.406966
    3432   -4.406966
    3433   -4.399450
    3434   -4.399450
    3435   -4.391837
    3436   -4.391837
    3437   -4.383642
    3438   -4.383642
    3439   -4.374824
    3440   -4.374824
    3441   -4.365756
    3442   -4.365756
    3443   -4.356351
    3444   -4.356351
    3445   -4.346115
    3446   -4.346115
    3447   -4.335061
    3448   -4.335061
    3449   -4.323680
    3450   -4.323680
    3451   -4.311908
    3452   -4.311908
    3453   -4.299131
    3454   -4.299131
    3455   -4.285519
    3456   -4.285519
    3457   -4.271987
    3458   -4.271987
    3459   -4.258672
    3460   -4.258672
    3461   -4.244976
    3462   -4.244976
    3463   -4.230740
    3464   -4.230740
    3465   -4.216207
    3466   -4.216207
    3467   -4.201163
    3468   -4.201163
    3469   -4.184917
    3470   -4.184917
    3471   -4.167453
    3472   -4.167453
    3473   -4.149549
    3474   -4.149549
    3475   -4.131189
    3476   -4.131189
    3477   -4.111484
    3478   -4.111484
    3479   -4.090479
    3480   -4.090479
    3481   -4.069239
    3482   -4.069239
    3483   -4.047891
    3484   -4.047891
    3485   -4.027253
    3486   -4.027253
    3487   -4.011315
    3488   -4.011315
    3489   -4.001653
    3490   -4.001653
    3491   -3.994547
    3492   -3.994547
    3493   -3.986311
    3494   -3.986311
    3495   -3.976301
    3496   -3.976301
    3497   -3.965451
    3498   -3.965451
    3499   -3.953561
    3500   -3.953561
    3501   -3.939209
    3502   -3.939209
    3503   -3.922507
    3504   -3.922507
    3505   -3.904951
    3506   -3.904951
    3507   -3.886270
    3508   -3.886270
    3509   -3.864818
    3510   -3.864818
    3511   -3.840778
    3512   -3.840778
    3513   -3.815951
    3514   -3.815951
    3515   -3.789806
    3516   -3.789806
    3517   -3.759613
    3518   -3.759613
    3519   -3.725538
    3520   -3.725538
    3521   -3.690457
    3522   -3.690457
    3523   -3.654136
    3524   -3.654136
    3525   -3.613209
    3526   -3.613209
    3527   -3.567386
    3528   -3.567386
    3529   -3.519529
    3530   -3.519529
    3531   -3.469199
    3532   -3.469199
    3533   -3.412593
    3534   -3.412593
    3535   -3.349503
    3536   -3.349503
    3537   -3.283197
    3538   -3.283197
    3539   -3.212513
    3540   -3.212513
    3541   -3.131896
    3542   -3.131896
    3543   -3.040596
    3544   -3.040596
    3545   -2.942482
    3546   -2.942482
    3547   -2.835562
    3548   -2.835562
    3549   -2.711832
    3550   -2.711832
    3551   -2.567301
    3552   -2.567301
    3553   -2.402080
    3554   -2.402080
    3555   -2.212073
    3556   -2.212073
    3557   -1.990388
    3558   -1.990388
    3559   -1.733866
    3560   -1.733866
    3561   -1.458299
    3562   -1.458299
    3563   -1.235091
    3564   -1.235091
    3565   -6.841558
    3566   -6.841558
    3567   -6.915653
    3568   -6.915653
    3569   -7.004912
    3570   -7.004912
    3571   -7.069504
    3572   -7.069504
    3573   -7.120551
    3574   -7.120551
    3575   -7.162849
    3576   -7.162849
    3577   -7.200383
    3578   -7.200383
    3579   -7.235910
    3580   -7.235910
    3581   -7.269143
    3582   -7.269143
    3583   -7.297404
    3584   -7.297404
    3585   -7.319958
    3586   -7.319958
    3587   -7.338570
    3588   -7.338570
    3589   -7.354166
    3590   -7.354166
    3591   -7.366383
    3592   -7.366383
    3593   -7.375136
    3594   -7.375136
    3595   -7.380858
    3596   -7.380858
    3597   -7.384306
    3598   -7.384306
    3599   -7.386365
    3600   -7.386365
    3601   -7.387051
    3602   -7.387051
    3603   -7.385775
    3604   -7.385775
    3605   -7.382862
    3606   -7.382862
    3607   -7.379291
    3608   -7.379291
    3609   -7.375041
    3610   -7.375041
    3611   -7.369375
    3612   -7.369375
    3613   -7.362442
    3614   -7.362442
    3615   -7.355225
    3616   -7.355225
    3617   -7.347662
    3618   -7.347662
    3619   -7.338593
    3620   -7.338593
    3621   -7.328074
    3622   -7.328074
    3623   -7.317372
    3624   -7.317372
    3625   -7.306539
    3626   -7.306539
    3627   -7.294382
    3628   -7.294382
    3629   -7.280982
    3630   -7.280982
    3631   -7.267772
    3632   -7.267772
    3633   -7.254717
    3634   -7.254717
    3635   -7.240327
    3636   -7.240327
    3637   -7.224557
    3638   -7.224557
    3639   -7.208685
    3640   -7.208685
    3641   -7.192488
    3642   -7.192488
    3643   -7.174526
    3644   -7.174526
    3645   -7.154908
    3646   -7.154908
    3647   -7.134990
    3648   -7.134990
    3649   -7.114546
    3650   -7.114546
    3651   -7.091807
    3652   -7.091807
    3653   -7.067158
    3654   -7.067158
    3655   -7.043199
    3656   -7.043199
    3657   -7.020246
    3658   -7.020246
    3659   -6.996436
    3660   -6.996436
    3661   -6.971422
    3662   -6.971422
    3663   -6.946129
    3664   -6.946129
    3665   -6.920081
    3666   -6.920081
    3667   -6.891332
    3668   -6.891332
    3669   -6.859969
    3670   -6.859969
    3671   -6.828418
    3672   -6.828418
    3673   -6.796662
    3674   -6.796662
    3675   -6.762040
    3676   -6.762040
    3677   -6.724691
    3678   -6.724691
    3679   -6.687738
    3680   -6.687738
    3681   -6.650956
    3682   -6.650956
    3683   -6.613856
    3684   -6.613856
    3685   -6.583814
    3686   -6.583814
    3687   -6.565892
    3688   -6.565892
    3689   -6.554468
    3690   -6.554468
    3691   -6.540798
    3692   -6.540798
    3693   -6.522119
    3694   -6.522119
    3695   -6.502379
    3696   -6.502379
    3697   -6.482089
    3698   -6.482089
    3699   -6.456769
    3700   -6.456769
    3701   -6.426368
    3702   -6.426368
    3703   -6.395376
    3704   -6.395376
    3705   -6.363485
    3706   -6.363485
    3707   -6.325634
    3708   -6.325634
    3709   -6.282236
    3710   -6.282236
    3711   -6.238934
    3712   -6.238934
    3713   -6.194615
    3714   -6.194615
    3715   -6.141631
    3716   -6.141631
    3717   -6.080307
    3718   -6.080307
    3719   -6.018784
    3720   -6.018784
    3721   -5.956678
    3722   -5.956678
    3723   -5.884728
    3724   -5.884728
    3725   -5.802384
    3726   -5.802384
    3727   -5.718370
    3728   -5.718370
    3729   -5.632092
    3730   -5.632092
    3731   -5.532923
    3732   -5.532923
    3733   -5.420395
    3734   -5.420395
    3735   -5.304866
    3736   -5.304866
    3737   -5.184341
    3738   -5.184341
    3739   -5.043858
    3740   -5.043858
    3741   -4.882102
    3742   -4.882102
    3743   -4.711249
    3744   -4.711249
    3745   -4.528233
    3746   -4.528233
    3747   -4.313826
    3748   -4.313826
    3749   -4.061148
    3750   -4.061148
    3751   -3.776144
    3752   -3.776144
    3753   -3.452861
    3754   -3.452861
    3755   -3.073477
    3756   -3.073477
    3757   -2.630315
    3758   -2.630315
    3759   -2.155821
    3760   -2.155821
    3761   -1.773176
    3762   -1.773176
    3763  -10.942477
    3764  -10.942477
    3765  -11.073463
    3766  -11.073463
    3767  -11.230153
    3768  -11.230153
    3769  -11.337320
    3770  -11.337320
    3771  -11.420281
    3772  -11.420281
    3773  -11.489324
    3774  -11.489324
    3775  -11.552075
    3776  -11.552075
    3777  -11.611708
    3778  -11.611708
    3779  -11.667448
    3780  -11.667448
    3781  -11.714508
    3782  -11.714508
    3783  -11.751660
    3784  -11.751660
    3785  -11.782496
    3786  -11.782496
    3787  -11.808612
    3788  -11.808612
    3789  -11.829004
    3790  -11.829004
    3791  -11.843476
    3792  -11.843476
    3793  -11.852776
    3794  -11.852776
    3795  -11.858229
    3796  -11.858229
    3797  -11.861631
    3798  -11.861631
    3799  -11.862945
    3800  -11.862945
    3801  -11.860796
    3802  -11.860796
    3803  -11.855762
    3804  -11.855762
    3805  -11.849807
    3806  -11.849807
    3807  -11.842827
    3808  -11.842827
    3809  -11.833291
    3810  -11.833291
    3811  -11.821476
    3812  -11.821476
    3813  -11.809518
    3814  -11.809518
    3815  -11.797349
    3816  -11.797349
    3817  -11.782377
    3818  -11.782377
    3819  -11.764669
    3820  -11.764669
    3821  -11.746981
    3822  -11.746981
    3823  -11.729413
    3824  -11.729413
    3825  -11.709284
    3826  -11.709284
    3827  -11.686710
    3828  -11.686710
    3829  -11.664878
    3830  -11.664878
    3831  -11.643730
    3832  -11.643730
    3833  -11.620004
    3834  -11.620004
    3835  -11.593653
    3836  -11.593653
    3837  -11.567535
    3838  -11.567535
    3839  -11.541179
    3840  -11.541179
    3841  -11.511477
    3842  -11.511477
    3843  -11.478724
    3844  -11.478724
    3845  -11.445905
    3846  -11.445905
    3847  -11.412562
    3848  -11.412562
    3849  -11.374793
    3850  -11.374793
    3851  -11.333237
    3852  -11.333237
    3853  -11.293484
    3854  -11.293484
    3855  -11.256121
    3856  -11.256121
    3857  -11.216988
    3858  -11.216988
    3859  -11.175492
    3860  -11.175492
    3861  -11.133927
    3862  -11.133927
    3863  -11.091406
    3864  -11.091406
    3865  -11.043654
    3866  -11.043654
    3867  -10.990890
    3868  -10.990890
    3869  -10.938553
    3870  -10.938553
    3871  -10.886645
    3872  -10.886645
    3873  -10.829334
    3874  -10.829334
    3875  -10.766838
    3876  -10.766838
    3877  -10.705648
    3878  -10.705648
    3879  -10.644967
    3880  -10.644967
    3881  -10.582581
    3882  -10.582581
    3883  -10.531335
    3884  -10.531335
    3885  -10.501328
    3886  -10.501328
    3887  -10.484355
    3888  -10.484355
    3889  -10.463436
    3890  -10.463436
    3891  -10.431494
    3892  -10.431494
    3893  -10.398253
    3894  -10.398253
    3895  -10.365906
    3896  -10.365906
    3897  -10.324202
    3898  -10.324202
    3899  -10.272811
    3900  -10.272811
    3901  -10.221727
    3902  -10.221727
    3903  -10.170475
    3904  -10.170475
    3905  -10.107987
    3906  -10.107987
    3907  -10.035158
    3908  -10.035158
    3909   -9.964278
    3910   -9.964278
    3911   -9.893289
    3912   -9.893289
    3913   -9.805951
    3914   -9.805951
    3915   -9.702852
    3916   -9.702852
    3917   -9.601547
    3918   -9.601547
    3919   -9.501418
    3920   -9.501418
    3921   -9.382607
    3922   -9.382607
    3923   -9.244138
    3924   -9.244138
    3925   -9.105277
    3926   -9.105277
    3927   -8.965361
    3928   -8.965361
    3929   -8.801759
    3930   -8.801759
    3931   -8.613351
    3932   -8.613351
    3933   -8.423294
    3934   -8.423294
    3935   -8.228478
    3936   -8.228478
    3937   -7.997227
    3938   -7.997227
    3939   -7.727407
    3940   -7.727407
    3941   -7.446502
    3942   -7.446502
    3943   -7.149829
    3944   -7.149829
    3945   -6.798345
    3946   -6.798345
    3947   -6.380524
    3948   -6.380524
    3949   -5.912998
    3950   -5.912998
    3951   -5.386807
    3952   -5.386807
    3953   -4.765335
    3954   -4.765335
    3955   -4.029598
    3956   -4.029598
    3957   -3.230712
    3958   -3.230712
    3959   -2.580129
    3960   -2.580129
