       1   -0.011418
       2   -0.011418
       3   -0.011007
       4   -0.011007
       5   -0.010447
       6   -0.010447
       7   -0.009859
       8   -0.009859
       9   -0.009218
      10   -0.009218
      11   -0.008804
      12   -0.008804
      13   -0.008669
      14   -0.008669
      15   -0.008664
      16   -0.008664
      17   -0.008697
      18   -0.008697
      19   -0.008677
      20   -0.008677
      21   -0.008595
      22   -0.008595
      23   -0.008494
      24   -0.008494
      25   -0.008393
      26   -0.008393
      27   -0.008312
      28   -0.008312
      29   -0.008266
      30   -0.008266
      31   -0.008238
      32   -0.008238
      33   -0.008203
      34   -0.008203
      35   -0.008168
      36   -0.008168
      37   -0.008155
      38   -0.008155
      39   -0.008160
      40   -0.008160
      41   -0.008165
      42   -0.008165
      43   -0.008168
      44   -0.008168
      45   -0.008164
      46   -0.008164
      47   -0.008143
      48   -0.008143
      49   -0.008107
      50   -0.008107
      51   -0.008081
      52   -0.008081
      53   -0.008075
      54   -0.008075
      55   -0.008083
      56   -0.008083
      57   -0.008090
      58   -0.008090
      59   -0.008084
      60   -0.008084
      61   -0.008067
      62   -0.008067
      63   -0.008044
      64   -0.008044
      65   -0.008021
      66   -0.008021
      67   -0.008003
      68   -0.008003
      69   -0.007985
      70   -0.007985
      71   -0.007961
      72   -0.007961
      73   -0.007931
      74   -0.007931
      75   -0.007896
      76   -0.007896
      77   -0.007849
      78   -0.007849
      79   -0.007801
      80   -0.007801
      81   -0.007756
      82   -0.007756
      83   -0.007705
      84   -0.007705
      85   -0.007643
      86   -0.007643
      87   -0.007588
      88   -0.007588
      89   -0.007558
      90   -0.007558
      91   -0.007532
      92   -0.007532
      93   -0.007500
      94   -0.007500
      95   -0.007463
      96   -0.007463
      97   -0.007408
      98   -0.007408
      99   -0.007327
     100   -0.007327
     101   -0.007236
     102   -0.007236
     103   -0.007147
     104   -0.007147
     105   -0.007071
     106   -0.007071
     107   -0.007007
     108   -0.007007
     109   -0.006921
     110   -0.006921
     111   -0.006792
     112   -0.006792
     113   -0.006642
     114   -0.006642
     115   -0.006502
     116   -0.006502
     117   -0.006374
     118   -0.006374
     119   -0.006302
     120   -0.006302
     121   -0.006329
     122   -0.006329
     123   -0.006404
     124   -0.006404
     125   -0.006483
     126   -0.006483
     127   -0.006545
     128   -0.006545
     129   -0.006589
     130   -0.006589
     131   -0.006621
     132   -0.006621
     133   -0.006630
     134   -0.006630
     135   -0.006626
     136   -0.006626
     137   -0.006619
     138   -0.006619
     139   -0.006599
     140   -0.006599
     141   -0.006566
     142   -0.006566
     143   -0.006527
     144   -0.006527
     145   -0.006471
     146   -0.006471
     147   -0.006408
     148   -0.006408
     149   -0.006335
     150   -0.006335
     151   -0.006227
     152   -0.006227
     153   -0.006101
     154   -0.006101
     155   -0.006000
     156   -0.006000
     157   -0.005913
     158   -0.005913
     159   -0.005822
     160   -0.005822
     161   -0.005732
     162   -0.005732
     163   -0.005631
     164   -0.005631
     165   -0.005495
     166   -0.005495
     167   -0.005320
     168   -0.005320
     169   -0.005122
     170   -0.005122
     171   -0.004903
     172   -0.004903
     173   -0.004634
     174   -0.004634
     175   -0.004298
     176   -0.004298
     177   -0.003925
     178   -0.003925
     179   -0.003556
     180   -0.003556
     181   -0.003193
     182   -0.003193
     183   -0.002820
     184   -0.002820
     185   -0.002398
     186   -0.002398
     187   -0.001915
     188   -0.001915
     189   -0.001376
     190   -0.001376
     191   -0.000880
     192   -0.000880
     193   -0.000254
     194   -0.000254
     195    0.000979
     196    0.000979
     197    0.002275
     198    0.002275
     199   -0.032468
     200   -0.032468
     201   -0.031433
     202   -0.031433
     203   -0.030049
     204   -0.030049
     205   -0.028612
     206   -0.028612
     207   -0.027059
     208   -0.027059
     209   -0.026057
     210   -0.026057
     211   -0.025713
     212   -0.025713
     213   -0.025648
     214   -0.025648
     215   -0.025649
     216   -0.025649
     217   -0.025515
     218   -0.025515
     219   -0.025237
     220   -0.025237
     221   -0.024919
     222   -0.024919
     223   -0.024612
     224   -0.024612
     225   -0.024378
     226   -0.024378
     227   -0.024251
     228   -0.024251
     229   -0.024172
     230   -0.024172
     231   -0.024075
     232   -0.024075
     233   -0.023982
     234   -0.023982
     235   -0.023948
     236   -0.023948
     237   -0.023961
     238   -0.023961
     239   -0.023972
     240   -0.023972
     241   -0.023972
     242   -0.023972
     243   -0.023955
     244   -0.023955
     245   -0.023892
     246   -0.023892
     247   -0.023796
     248   -0.023796
     249   -0.023728
     250   -0.023728
     251   -0.023713
     252   -0.023713
     253   -0.023731
     254   -0.023731
     255   -0.023744
     256   -0.023744
     257   -0.023723
     258   -0.023723
     259   -0.023672
     260   -0.023672
     261   -0.023610
     262   -0.023610
     263   -0.023547
     264   -0.023547
     265   -0.023492
     266   -0.023492
     267   -0.023439
     268   -0.023439
     269   -0.023370
     270   -0.023370
     271   -0.023288
     272   -0.023288
     273   -0.023191
     274   -0.023191
     275   -0.023065
     276   -0.023065
     277   -0.022926
     278   -0.022926
     279   -0.022782
     280   -0.022782
     281   -0.022626
     282   -0.022626
     283   -0.022458
     284   -0.022458
     285   -0.022315
     286   -0.022315
     287   -0.022221
     288   -0.022221
     289   -0.022141
     290   -0.022141
     291   -0.022049
     292   -0.022049
     293   -0.021930
     294   -0.021930
     295   -0.021756
     296   -0.021756
     297   -0.021531
     298   -0.021531
     299   -0.021300
     300   -0.021300
     301   -0.021079
     302   -0.021079
     303   -0.020875
     304   -0.020875
     305   -0.020682
     306   -0.020682
     307   -0.020436
     308   -0.020436
     309   -0.020096
     310   -0.020096
     311   -0.019713
     312   -0.019713
     313   -0.019348
     314   -0.019348
     315   -0.018986
     316   -0.018986
     317   -0.018757
     318   -0.018757
     319   -0.018804
     320   -0.018804
     321   -0.019008
     322   -0.019008
     323   -0.019229
     324   -0.019229
     325   -0.019393
     326   -0.019393
     327   -0.019500
     328   -0.019500
     329   -0.019582
     330   -0.019582
     331   -0.019636
     332   -0.019636
     333   -0.019643
     334   -0.019643
     335   -0.019603
     336   -0.019603
     337   -0.019546
     338   -0.019546
     339   -0.019484
     340   -0.019484
     341   -0.019370
     342   -0.019370
     343   -0.019184
     344   -0.019184
     345   -0.018999
     346   -0.018999
     347   -0.018809
     348   -0.018809
     349   -0.018507
     350   -0.018507
     351   -0.018137
     352   -0.018137
     353   -0.017855
     354   -0.017855
     355   -0.017634
     356   -0.017634
     357   -0.017370
     358   -0.017370
     359   -0.017062
     360   -0.017062
     361   -0.016748
     362   -0.016748
     363   -0.016387
     364   -0.016387
     365   -0.015910
     366   -0.015910
     367   -0.015339
     368   -0.015339
     369   -0.014720
     370   -0.014720
     371   -0.013994
     372   -0.013994
     373   -0.013060
     374   -0.013060
     375   -0.011992
     376   -0.011992
     377   -0.010967
     378   -0.010967
     379   -0.010002
     380   -0.010002
     381   -0.009017
     382   -0.009017
     383   -0.007913
     384   -0.007913
     385   -0.006670
     386   -0.006670
     387   -0.005273
     388   -0.005273
     389   -0.003887
     390   -0.003887
     391   -0.002235
     392   -0.002235
     393    0.000374
     394    0.000374
     395    0.002805
     396    0.002805
     397   -0.050502
     398   -0.050502
     399   -0.049115
     400   -0.049115
     401   -0.047351
     402   -0.047351
     403   -0.045787
     404   -0.045787
     405   -0.044281
     406   -0.044281
     407   -0.043310
     408   -0.043310
     409   -0.042901
     410   -0.042901
     411   -0.042643
     412   -0.042643
     413   -0.042342
     414   -0.042342
     415   -0.041904
     416   -0.041904
     417   -0.041355
     418   -0.041355
     419   -0.040778
     420   -0.040778
     421   -0.040242
     422   -0.040242
     423   -0.039870
     424   -0.039870
     425   -0.039693
     426   -0.039693
     427   -0.039577
     428   -0.039577
     429   -0.039436
     430   -0.039436
     431   -0.039321
     432   -0.039321
     433   -0.039290
     434   -0.039290
     435   -0.039303
     436   -0.039303
     437   -0.039295
     438   -0.039295
     439   -0.039268
     440   -0.039268
     441   -0.039218
     442   -0.039218
     443   -0.039114
     444   -0.039114
     445   -0.038983
     446   -0.038983
     447   -0.038896
     448   -0.038896
     449   -0.038875
     450   -0.038875
     451   -0.038883
     452   -0.038883
     453   -0.038867
     454   -0.038867
     455   -0.038803
     456   -0.038803
     457   -0.038717
     458   -0.038717
     459   -0.038627
     460   -0.038627
     461   -0.038534
     462   -0.038534
     463   -0.038446
     464   -0.038446
     465   -0.038358
     466   -0.038358
     467   -0.038251
     468   -0.038251
     469   -0.038123
     470   -0.038123
     471   -0.037975
     472   -0.037975
     473   -0.037796
     474   -0.037796
     475   -0.037569
     476   -0.037569
     477   -0.037298
     478   -0.037298
     479   -0.037041
     480   -0.037041
     481   -0.036817
     482   -0.036817
     483   -0.036611
     484   -0.036611
     485   -0.036431
     486   -0.036431
     487   -0.036282
     488   -0.036282
     489   -0.036135
     490   -0.036135
     491   -0.035922
     492   -0.035922
     493   -0.035621
     494   -0.035621
     495   -0.035300
     496   -0.035300
     497   -0.035015
     498   -0.035015
     499   -0.034727
     500   -0.034727
     501   -0.034411
     502   -0.034411
     503   -0.034092
     504   -0.034092
     505   -0.033736
     506   -0.033736
     507   -0.033285
     508   -0.033285
     509   -0.032782
     510   -0.032782
     511   -0.032285
     512   -0.032285
     513   -0.031765
     514   -0.031765
     515   -0.031363
     516   -0.031363
     517   -0.031310
     518   -0.031310
     519   -0.031572
     520   -0.031572
     521   -0.031912
     522   -0.031912
     523   -0.032122
     524   -0.032122
     525   -0.032207
     526   -0.032207
     527   -0.032324
     528   -0.032324
     529   -0.032489
     530   -0.032489
     531   -0.032521
     532   -0.032521
     533   -0.032386
     534   -0.032386
     535   -0.032302
     536   -0.032302
     537   -0.032296
     538   -0.032296
     539   -0.032117
     540   -0.032117
     541   -0.031742
     542   -0.031742
     543   -0.031449
     544   -0.031449
     545   -0.031229
     546   -0.031229
     547   -0.030771
     548   -0.030771
     549   -0.030131
     550   -0.030131
     551   -0.029696
     552   -0.029696
     553   -0.029440
     554   -0.029440
     555   -0.028994
     556   -0.028994
     557   -0.028343
     558   -0.028343
     559   -0.027779
     560   -0.027779
     561   -0.027302
     562   -0.027302
     563   -0.026605
     564   -0.026605
     565   -0.025653
     566   -0.025653
     567   -0.024710
     568   -0.024710
     569   -0.023713
     570   -0.023713
     571   -0.022308
     572   -0.022308
     573   -0.020590
     574   -0.020590
     575   -0.019053
     576   -0.019053
     577   -0.017770
     578   -0.017770
     579   -0.016469
     580   -0.016469
     581   -0.015015
     582   -0.015015
     583   -0.013412
     584   -0.013412
     585   -0.011555
     586   -0.011555
     587   -0.009257
     588   -0.009257
     589   -0.006547
     590   -0.006547
     591   -0.003817
     592   -0.003817
     593   -0.001927
     594   -0.001927
     595   -0.066990
     596   -0.066990
     597   -0.065327
     598   -0.065327
     599   -0.063292
     600   -0.063292
     601   -0.061888
     602   -0.061888
     603   -0.060877
     604   -0.060877
     605   -0.060192
     606   -0.060192
     607   -0.059732
     608   -0.059732
     609   -0.059189
     610   -0.059189
     611   -0.058456
     612   -0.058456
     613   -0.057658
     614   -0.057658
     615   -0.056866
     616   -0.056866
     617   -0.056098
     618   -0.056098
     619   -0.055416
     620   -0.055416
     621   -0.054981
     622   -0.054981
     623   -0.054795
     624   -0.054795
     625   -0.054671
     626   -0.054671
     627   -0.054520
     628   -0.054520
     629   -0.054417
     630   -0.054417
     631   -0.054402
     632   -0.054402
     633   -0.054401
     634   -0.054401
     635   -0.054343
     636   -0.054343
     637   -0.054247
     638   -0.054247
     639   -0.054137
     640   -0.054137
     641   -0.053996
     642   -0.053996
     643   -0.053838
     644   -0.053838
     645   -0.053729
     646   -0.053729
     647   -0.053687
     648   -0.053687
     649   -0.053652
     650   -0.053652
     651   -0.053551
     652   -0.053551
     653   -0.053399
     654   -0.053399
     655   -0.053261
     656   -0.053261
     657   -0.053145
     658   -0.053145
     659   -0.053021
     660   -0.053021
     661   -0.052893
     662   -0.052893
     663   -0.052766
     664   -0.052766
     665   -0.052617
     666   -0.052617
     667   -0.052434
     668   -0.052434
     669   -0.052241
     670   -0.052241
     671   -0.052030
     672   -0.052030
     673   -0.051728
     674   -0.051728
     675   -0.051344
     676   -0.051344
     677   -0.051015
     678   -0.051015
     679   -0.050777
     680   -0.050777
     681   -0.050525
     682   -0.050525
     683   -0.050242
     684   -0.050242
     685   -0.050003
     686   -0.050003
     687   -0.049786
     688   -0.049786
     689   -0.049486
     690   -0.049486
     691   -0.049096
     692   -0.049096
     693   -0.048736
     694   -0.048736
     695   -0.048443
     696   -0.048443
     697   -0.048102
     698   -0.048102
     699   -0.047670
     700   -0.047670
     701   -0.047252
     702   -0.047252
     703   -0.046850
     704   -0.046850
     705   -0.046347
     706   -0.046347
     707   -0.045751
     708   -0.045751
     709   -0.045160
     710   -0.045160
     711   -0.044578
     712   -0.044578
     713   -0.044053
     714   -0.044053
     715   -0.043834
     716   -0.043834
     717   -0.044063
     718   -0.044063
     719   -0.044479
     720   -0.044479
     721   -0.044703
     722   -0.044703
     723   -0.044733
     724   -0.044733
     725   -0.044888
     726   -0.044888
     727   -0.045167
     728   -0.045167
     729   -0.045190
     730   -0.045190
     731   -0.044946
     732   -0.044946
     733   -0.044858
     734   -0.044858
     735   -0.044926
     736   -0.044926
     737   -0.044685
     738   -0.044685
     739   -0.044133
     740   -0.044133
     741   -0.043761
     742   -0.043761
     743   -0.043552
     744   -0.043552
     745   -0.042978
     746   -0.042978
     747   -0.042089
     748   -0.042089
     749   -0.041504
     750   -0.041504
     751   -0.041213
     752   -0.041213
     753   -0.040575
     754   -0.040575
     755   -0.039553
     756   -0.039553
     757   -0.038738
     758   -0.038738
     759   -0.038175
     760   -0.038175
     761   -0.037281
     762   -0.037281
     763   -0.035971
     764   -0.035971
     765   -0.034768
     766   -0.034768
     767   -0.033597
     768   -0.033597
     769   -0.031812
     770   -0.031812
     771   -0.029539
     772   -0.029539
     773   -0.027618
     774   -0.027618
     775   -0.026182
     776   -0.026182
     777   -0.024732
     778   -0.024732
     779   -0.023137
     780   -0.023137
     781   -0.021432
     782   -0.021432
     783   -0.019342
     784   -0.019342
     785   -0.016177
     786   -0.016177
     787   -0.012299
     788   -0.012299
     789   -0.009355
     790   -0.009355
     791   -0.007742
     792   -0.007742
     793   -0.083465
     794   -0.083465
     795   -0.081582
     796   -0.081582
     797   -0.079183
     798   -0.079183
     799   -0.077449
     800   -0.077449
     801   -0.076177
     802   -0.076177
     803   -0.075220
     804   -0.075220
     805   -0.074474
     806   -0.074474
     807   -0.073674
     808   -0.073674
     809   -0.072738
     810   -0.072738
     811   -0.071829
     812   -0.071829
     813   -0.071035
     814   -0.071035
     815   -0.070368
     816   -0.070368
     817   -0.069854
     818   -0.069854
     819   -0.069537
     820   -0.069537
     821   -0.069383
     822   -0.069383
     823   -0.069271
     824   -0.069271
     825   -0.069149
     826   -0.069149
     827   -0.069063
     828   -0.069063
     829   -0.069025
     830   -0.069025
     831   -0.068968
     832   -0.068968
     833   -0.068838
     834   -0.068838
     835   -0.068660
     836   -0.068660
     837   -0.068483
     838   -0.068483
     839   -0.068298
     840   -0.068298
     841   -0.068101
     842   -0.068101
     843   -0.067937
     844   -0.067937
     845   -0.067827
     846   -0.067827
     847   -0.067705
     848   -0.067705
     849   -0.067502
     850   -0.067502
     851   -0.067262
     852   -0.067262
     853   -0.067067
     854   -0.067067
     855   -0.066901
     856   -0.066901
     857   -0.066719
     858   -0.066719
     859   -0.066526
     860   -0.066526
     861   -0.066342
     862   -0.066342
     863   -0.066143
     864   -0.066143
     865   -0.065909
     866   -0.065909
     867   -0.065675
     868   -0.065675
     869   -0.065430
     870   -0.065430
     871   -0.065106
     872   -0.065106
     873   -0.064719
     874   -0.064719
     875   -0.064384
     876   -0.064384
     877   -0.064130
     878   -0.064130
     879   -0.063840
     880   -0.063840
     881   -0.063484
     882   -0.063484
     883   -0.063153
     884   -0.063153
     885   -0.062846
     886   -0.062846
     887   -0.062477
     888   -0.062477
     889   -0.062055
     890   -0.062055
     891   -0.061683
     892   -0.061683
     893   -0.061361
     894   -0.061361
     895   -0.060959
     896   -0.060959
     897   -0.060455
     898   -0.060455
     899   -0.059972
     900   -0.059972
     901   -0.059508
     902   -0.059508
     903   -0.058922
     904   -0.058922
     905   -0.058209
     906   -0.058209
     907   -0.057507
     908   -0.057507
     909   -0.056870
     910   -0.056870
     911   -0.056305
     912   -0.056305
     913   -0.056025
     914   -0.056025
     915   -0.056202
     916   -0.056202
     917   -0.056600
     918   -0.056600
     919   -0.056844
     920   -0.056844
     921   -0.056920
     922   -0.056920
     923   -0.057103
     924   -0.057103
     925   -0.057357
     926   -0.057357
     927   -0.057334
     928   -0.057334
     929   -0.057080
     930   -0.057080
     931   -0.056983
     932   -0.056983
     933   -0.056997
     934   -0.056997
     935   -0.056707
     936   -0.056707
     937   -0.056137
     938   -0.056137
     939   -0.055712
     940   -0.055712
     941   -0.055405
     942   -0.055405
     943   -0.054757
     944   -0.054757
     945   -0.053807
     946   -0.053807
     947   -0.053078
     948   -0.053078
     949   -0.052581
     950   -0.052581
     951   -0.051762
     952   -0.051762
     953   -0.050582
     954   -0.050582
     955   -0.049576
     956   -0.049576
     957   -0.048786
     958   -0.048786
     959   -0.047668
     960   -0.047668
     961   -0.046148
     962   -0.046148
     963   -0.044713
     964   -0.044713
     965   -0.043273
     966   -0.043273
     967   -0.041202
     968   -0.041202
     969   -0.038641
     970   -0.038641
     971   -0.036416
     972   -0.036416
     973   -0.034658
     974   -0.034658
     975   -0.032860
     976   -0.032860
     977   -0.031067
     978   -0.031067
     979   -0.029244
     980   -0.029244
     981   -0.026841
     982   -0.026841
     983   -0.023261
     984   -0.023261
     985   -0.018903
     986   -0.018903
     987   -0.015388
     988   -0.015388
     989   -0.013216
     990   -0.013216
     991   -0.100965
     992   -0.100965
     993   -0.099059
     994   -0.099059
     995   -0.096461
     996   -0.096461
     997   -0.094156
     998   -0.094156
     999   -0.092080
    1000   -0.092080
    1001   -0.090476
    1002   -0.090476
    1003   -0.089345
    1004   -0.089345
    1005   -0.088356
    1006   -0.088356
    1007   -0.087413
    1008   -0.087413
    1009   -0.086616
    1010   -0.086616
    1011   -0.086019
    1012   -0.086019
    1013   -0.085649
    1014   -0.085649
    1015   -0.085476
    1016   -0.085476
    1017   -0.085370
    1018   -0.085370
    1019   -0.085256
    1020   -0.085256
    1021   -0.085131
    1022   -0.085131
    1023   -0.085012
    1024   -0.085012
    1025   -0.084902
    1026   -0.084902
    1027   -0.084776
    1028   -0.084776
    1029   -0.084608
    1030   -0.084608
    1031   -0.084409
    1032   -0.084409
    1033   -0.084196
    1034   -0.084196
    1035   -0.083977
    1036   -0.083977
    1037   -0.083745
    1038   -0.083745
    1039   -0.083507
    1040   -0.083507
    1041   -0.083288
    1042   -0.083288
    1043   -0.083076
    1044   -0.083076
    1045   -0.082832
    1046   -0.082832
    1047   -0.082557
    1048   -0.082557
    1049   -0.082290
    1050   -0.082290
    1051   -0.082048
    1052   -0.082048
    1053   -0.081804
    1054   -0.081804
    1055   -0.081543
    1056   -0.081543
    1057   -0.081283
    1058   -0.081283
    1059   -0.081033
    1060   -0.081033
    1061   -0.080778
    1062   -0.080778
    1063   -0.080512
    1064   -0.080512
    1065   -0.080249
    1066   -0.080249
    1067   -0.079972
    1068   -0.079972
    1069   -0.079661
    1070   -0.079661
    1071   -0.079340
    1072   -0.079340
    1073   -0.079043
    1074   -0.079043
    1075   -0.078753
    1076   -0.078753
    1077   -0.078410
    1078   -0.078410
    1079   -0.078013
    1080   -0.078013
    1081   -0.077628
    1082   -0.077628
    1083   -0.077245
    1084   -0.077245
    1085   -0.076816
    1086   -0.076816
    1087   -0.076376
    1088   -0.076376
    1089   -0.075979
    1090   -0.075979
    1091   -0.075591
    1092   -0.075591
    1093   -0.075123
    1094   -0.075123
    1095   -0.074580
    1096   -0.074580
    1097   -0.074026
    1098   -0.074026
    1099   -0.073437
    1100   -0.073437
    1101   -0.072726
    1102   -0.072726
    1103   -0.071895
    1104   -0.071895
    1105   -0.071057
    1106   -0.071057
    1107   -0.070282
    1108   -0.070282
    1109   -0.069654
    1110   -0.069654
    1111   -0.069366
    1112   -0.069366
    1113   -0.069478
    1114   -0.069478
    1115   -0.069767
    1116   -0.069767
    1117   -0.069989
    1118   -0.069989
    1119   -0.070119
    1120   -0.070119
    1121   -0.070248
    1122   -0.070248
    1123   -0.070336
    1124   -0.070336
    1125   -0.070257
    1126   -0.070257
    1127   -0.070061
    1128   -0.070061
    1129   -0.069909
    1130   -0.069909
    1131   -0.069750
    1132   -0.069750
    1133   -0.069407
    1134   -0.069407
    1135   -0.068907
    1136   -0.068907
    1137   -0.068420
    1138   -0.068420
    1139   -0.067917
    1140   -0.067917
    1141   -0.067209
    1142   -0.067209
    1143   -0.066320
    1144   -0.066320
    1145   -0.065466
    1146   -0.065466
    1147   -0.064652
    1148   -0.064652
    1149   -0.063654
    1150   -0.063654
    1151   -0.062452
    1152   -0.062452
    1153   -0.061285
    1154   -0.061285
    1155   -0.060157
    1156   -0.060157
    1157   -0.058788
    1158   -0.058788
    1159   -0.057143
    1160   -0.057143
    1161   -0.055467
    1162   -0.055467
    1163   -0.053686
    1164   -0.053686
    1165   -0.051432
    1166   -0.051432
    1167   -0.048808
    1168   -0.048808
    1169   -0.046328
    1170   -0.046328
    1171   -0.044060
    1172   -0.044060
    1173   -0.041662
    1174   -0.041662
    1175   -0.039411
    1176   -0.039411
    1177   -0.037197
    1178   -0.037197
    1179   -0.034229
    1180   -0.034229
    1181   -0.030451
    1182   -0.030451
    1183   -0.026072
    1184   -0.026072
    1185   -0.021745
    1186   -0.021745
    1187   -0.018549
    1188   -0.018549
    1189   -0.120206
    1190   -0.120206
    1191   -0.118512
    1192   -0.118512
    1193   -0.116171
    1194   -0.116171
    1195   -0.113961
    1196   -0.113961
    1197   -0.111855
    1198   -0.111855
    1199   -0.110199
    1200   -0.110199
    1201   -0.108995
    1202   -0.108995
    1203   -0.107897
    1204   -0.107897
    1205   -0.106867
    1206   -0.106867
    1207   -0.106107
    1208   -0.106107
    1209   -0.105660
    1210   -0.105660
    1211   -0.105433
    1212   -0.105433
    1213   -0.105339
    1214   -0.105339
    1215   -0.105254
    1216   -0.105254
    1217   -0.105109
    1218   -0.105109
    1219   -0.104920
    1220   -0.104920
    1221   -0.104726
    1222   -0.104726
    1223   -0.104533
    1224   -0.104533
    1225   -0.104307
    1226   -0.104307
    1227   -0.104046
    1228   -0.104046
    1229   -0.103796
    1230   -0.103796
    1231   -0.103573
    1232   -0.103573
    1233   -0.103343
    1234   -0.103343
    1235   -0.103090
    1236   -0.103090
    1237   -0.102839
    1238   -0.102839
    1239   -0.102589
    1240   -0.102589
    1241   -0.102296
    1242   -0.102296
    1243   -0.101956
    1244   -0.101956
    1245   -0.101630
    1246   -0.101630
    1247   -0.101352
    1248   -0.101352
    1249   -0.101074
    1250   -0.101074
    1251   -0.100766
    1252   -0.100766
    1253   -0.100453
    1254   -0.100453
    1255   -0.100156
    1256   -0.100156
    1257   -0.099861
    1258   -0.099861
    1259   -0.099558
    1260   -0.099558
    1261   -0.099261
    1262   -0.099261
    1263   -0.098971
    1264   -0.098971
    1265   -0.098666
    1266   -0.098666
    1267   -0.098342
    1268   -0.098342
    1269   -0.098030
    1270   -0.098030
    1271   -0.097723
    1272   -0.097723
    1273   -0.097381
    1274   -0.097381
    1275   -0.096986
    1276   -0.096986
    1277   -0.096565
    1278   -0.096565
    1279   -0.096147
    1280   -0.096147
    1281   -0.095712
    1282   -0.095712
    1283   -0.095239
    1284   -0.095239
    1285   -0.094764
    1286   -0.094764
    1287   -0.094311
    1288   -0.094311
    1289   -0.093831
    1290   -0.093831
    1291   -0.093280
    1292   -0.093280
    1293   -0.092675
    1294   -0.092675
    1295   -0.092022
    1296   -0.092022
    1297   -0.091295
    1298   -0.091295
    1299   -0.090461
    1300   -0.090461
    1301   -0.089519
    1302   -0.089519
    1303   -0.088531
    1304   -0.088531
    1305   -0.087577
    1306   -0.087577
    1307   -0.086797
    1308   -0.086797
    1309   -0.086392
    1310   -0.086392
    1311   -0.086372
    1312   -0.086372
    1313   -0.086507
    1314   -0.086507
    1315   -0.086597
    1316   -0.086597
    1317   -0.086607
    1318   -0.086607
    1319   -0.086563
    1320   -0.086563
    1321   -0.086459
    1322   -0.086459
    1323   -0.086288
    1324   -0.086288
    1325   -0.086058
    1326   -0.086058
    1327   -0.085785
    1328   -0.085785
    1329   -0.085449
    1330   -0.085449
    1331   -0.084998
    1332   -0.084998
    1333   -0.084449
    1334   -0.084449
    1335   -0.083846
    1336   -0.083846
    1337   -0.083165
    1338   -0.083165
    1339   -0.082350
    1340   -0.082350
    1341   -0.081412
    1342   -0.081412
    1343   -0.080410
    1344   -0.080410
    1345   -0.079339
    1346   -0.079339
    1347   -0.078145
    1348   -0.078145
    1349   -0.076837
    1350   -0.076837
    1351   -0.075489
    1352   -0.075489
    1353   -0.074077
    1354   -0.074077
    1355   -0.072461
    1356   -0.072461
    1357   -0.070636
    1358   -0.070636
    1359   -0.068707
    1360   -0.068707
    1361   -0.066648
    1362   -0.066648
    1363   -0.064298
    1364   -0.064298
    1365   -0.061701
    1366   -0.061701
    1367   -0.059076
    1368   -0.059076
    1369   -0.056454
    1370   -0.056454
    1371   -0.053565
    1372   -0.053565
    1373   -0.050534
    1374   -0.050534
    1375   -0.047430
    1376   -0.047430
    1377   -0.043712
    1378   -0.043712
    1379   -0.039397
    1380   -0.039397
    1381   -0.034426
    1382   -0.034426
    1383   -0.028939
    1384   -0.028939
    1385   -0.024579
    1386   -0.024579
    1387   -0.142158
    1388   -0.142158
    1389   -0.140734
    1390   -0.140734
    1391   -0.138847
    1392   -0.138847
    1393   -0.137272
    1394   -0.137272
    1395   -0.135943
    1396   -0.135943
    1397   -0.134881
    1398   -0.134881
    1399   -0.133982
    1400   -0.133982
    1401   -0.132975
    1402   -0.132975
    1403   -0.131906
    1404   -0.131906
    1405   -0.131157
    1406   -0.131157
    1407   -0.130778
    1408   -0.130778
    1409   -0.130508
    1410   -0.130508
    1411   -0.130230
    1412   -0.130230
    1413   -0.129966
    1414   -0.129966
    1415   -0.129708
    1416   -0.129708
    1417   -0.129430
    1418   -0.129430
    1419   -0.129142
    1420   -0.129142
    1421   -0.128861
    1422   -0.128861
    1423   -0.128576
    1424   -0.128576
    1425   -0.128275
    1426   -0.128275
    1427   -0.127980
    1428   -0.127980
    1429   -0.127715
    1430   -0.127715
    1431   -0.127466
    1432   -0.127466
    1433   -0.127206
    1434   -0.127206
    1435   -0.126942
    1436   -0.126942
    1437   -0.126663
    1438   -0.126663
    1439   -0.126338
    1440   -0.126338
    1441   -0.125973
    1442   -0.125973
    1443   -0.125628
    1444   -0.125628
    1445   -0.125328
    1446   -0.125328
    1447   -0.125029
    1448   -0.125029
    1449   -0.124705
    1450   -0.124705
    1451   -0.124380
    1452   -0.124380
    1453   -0.124076
    1454   -0.124076
    1455   -0.123775
    1456   -0.123775
    1457   -0.123450
    1458   -0.123450
    1459   -0.123112
    1460   -0.123112
    1461   -0.122770
    1462   -0.122770
    1463   -0.122414
    1464   -0.122414
    1465   -0.122039
    1466   -0.122039
    1467   -0.121660
    1468   -0.121660
    1469   -0.121281
    1470   -0.121281
    1471   -0.120882
    1472   -0.120882
    1473   -0.120461
    1474   -0.120461
    1475   -0.120024
    1476   -0.120024
    1477   -0.119558
    1478   -0.119558
    1479   -0.119061
    1480   -0.119061
    1481   -0.118542
    1482   -0.118542
    1483   -0.118012
    1484   -0.118012
    1485   -0.117461
    1486   -0.117461
    1487   -0.116864
    1488   -0.116864
    1489   -0.116209
    1490   -0.116209
    1491   -0.115503
    1492   -0.115503
    1493   -0.114737
    1494   -0.114737
    1495   -0.113893
    1496   -0.113893
    1497   -0.112953
    1498   -0.112953
    1499   -0.111909
    1500   -0.111909
    1501   -0.110800
    1502   -0.110800
    1503   -0.109713
    1504   -0.109713
    1505   -0.108791
    1506   -0.108791
    1507   -0.108238
    1508   -0.108238
    1509   -0.108074
    1510   -0.108074
    1511   -0.108060
    1512   -0.108060
    1513   -0.107973
    1514   -0.107973
    1515   -0.107776
    1516   -0.107776
    1517   -0.107535
    1518   -0.107535
    1519   -0.107261
    1520   -0.107261
    1521   -0.106920
    1522   -0.106920
    1523   -0.106496
    1524   -0.106496
    1525   -0.106027
    1526   -0.106027
    1527   -0.105513
    1528   -0.105513
    1529   -0.104884
    1530   -0.104884
    1531   -0.104145
    1532   -0.104145
    1533   -0.103361
    1534   -0.103361
    1535   -0.102513
    1536   -0.102513
    1537   -0.101530
    1538   -0.101530
    1539   -0.100416
    1540   -0.100416
    1541   -0.099227
    1542   -0.099227
    1543   -0.097950
    1544   -0.097950
    1545   -0.096541
    1546   -0.096541
    1547   -0.095027
    1548   -0.095027
    1549   -0.093466
    1550   -0.093466
    1551   -0.091820
    1552   -0.091820
    1553   -0.089968
    1554   -0.089968
    1555   -0.087906
    1556   -0.087906
    1557   -0.085717
    1558   -0.085717
    1559   -0.083417
    1560   -0.083417
    1561   -0.080961
    1562   -0.080961
    1563   -0.078327
    1564   -0.078327
    1565   -0.075540
    1566   -0.075540
    1567   -0.072682
    1568   -0.072682
    1569   -0.069467
    1570   -0.069467
    1571   -0.065544
    1572   -0.065544
    1573   -0.061247
    1574   -0.061247
    1575   -0.056606
    1576   -0.056606
    1577   -0.051261
    1578   -0.051261
    1579   -0.044915
    1580   -0.044915
    1581   -0.037825
    1582   -0.037825
    1583   -0.032106
    1584   -0.032106
    1585   -0.168486
    1586   -0.168486
    1587   -0.167286
    1588   -0.167286
    1589   -0.165699
    1590   -0.165699
    1591   -0.164463
    1592   -0.164463
    1593   -0.163556
    1594   -0.163556
    1595   -0.162932
    1596   -0.162932
    1597   -0.162481
    1598   -0.162481
    1599   -0.161976
    1600   -0.161976
    1601   -0.161401
    1602   -0.161401
    1603   -0.160985
    1604   -0.160985
    1605   -0.160740
    1606   -0.160740
    1607   -0.160447
    1608   -0.160447
    1609   -0.160050
    1610   -0.160050
    1611   -0.159661
    1612   -0.159661
    1613   -0.159316
    1614   -0.159316
    1615   -0.158972
    1616   -0.158972
    1617   -0.158621
    1618   -0.158621
    1619   -0.158286
    1620   -0.158286
    1621   -0.157965
    1622   -0.157965
    1623   -0.157627
    1624   -0.157627
    1625   -0.157271
    1626   -0.157271
    1627   -0.156932
    1628   -0.156932
    1629   -0.156620
    1630   -0.156620
    1631   -0.156317
    1632   -0.156317
    1633   -0.156012
    1634   -0.156012
    1635   -0.155695
    1636   -0.155695
    1637   -0.155364
    1638   -0.155364
    1639   -0.155036
    1640   -0.155036
    1641   -0.154730
    1642   -0.154730
    1643   -0.154447
    1644   -0.154447
    1645   -0.154161
    1646   -0.154161
    1647   -0.153857
    1648   -0.153857
    1649   -0.153547
    1650   -0.153547
    1651   -0.153248
    1652   -0.153248
    1653   -0.152945
    1654   -0.152945
    1655   -0.152609
    1656   -0.152609
    1657   -0.152230
    1658   -0.152230
    1659   -0.151822
    1660   -0.151822
    1661   -0.151395
    1662   -0.151395
    1663   -0.150952
    1664   -0.150952
    1665   -0.150498
    1666   -0.150498
    1667   -0.150045
    1668   -0.150045
    1669   -0.149599
    1670   -0.149599
    1671   -0.149150
    1672   -0.149150
    1673   -0.148677
    1674   -0.148677
    1675   -0.148153
    1676   -0.148153
    1677   -0.147584
    1678   -0.147584
    1679   -0.146987
    1680   -0.146987
    1681   -0.146355
    1682   -0.146355
    1683   -0.145675
    1684   -0.145675
    1685   -0.144947
    1686   -0.144947
    1687   -0.144172
    1688   -0.144172
    1689   -0.143344
    1690   -0.143344
    1691   -0.142456
    1692   -0.142456
    1693   -0.141494
    1694   -0.141494
    1695   -0.140451
    1696   -0.140451
    1697   -0.139328
    1698   -0.139328
    1699   -0.138145
    1700   -0.138145
    1701   -0.136973
    1702   -0.136973
    1703   -0.135951
    1704   -0.135951
    1705   -0.135285
    1706   -0.135285
    1707   -0.134999
    1708   -0.134999
    1709   -0.134854
    1710   -0.134854
    1711   -0.134636
    1712   -0.134636
    1713   -0.134316
    1714   -0.134316
    1715   -0.133949
    1716   -0.133949
    1717   -0.133531
    1718   -0.133531
    1719   -0.133002
    1720   -0.133002
    1721   -0.132358
    1722   -0.132358
    1723   -0.131673
    1724   -0.131673
    1725   -0.130955
    1726   -0.130955
    1727   -0.130120
    1728   -0.130120
    1729   -0.129165
    1730   -0.129165
    1731   -0.128167
    1732   -0.128167
    1733   -0.127119
    1734   -0.127119
    1735   -0.125946
    1736   -0.125946
    1737   -0.124641
    1738   -0.124641
    1739   -0.123242
    1740   -0.123242
    1741   -0.121739
    1742   -0.121739
    1743   -0.120085
    1744   -0.120085
    1745   -0.118302
    1746   -0.118302
    1747   -0.116452
    1748   -0.116452
    1749   -0.114506
    1750   -0.114506
    1751   -0.112346
    1752   -0.112346
    1753   -0.109973
    1754   -0.109973
    1755   -0.107469
    1756   -0.107469
    1757   -0.104851
    1758   -0.104851
    1759   -0.102080
    1760   -0.102080
    1761   -0.099099
    1762   -0.099099
    1763   -0.095881
    1764   -0.095881
    1765   -0.092519
    1766   -0.092519
    1767   -0.088761
    1768   -0.088761
    1769   -0.084076
    1770   -0.084076
    1771   -0.078719
    1772   -0.078719
    1773   -0.072890
    1774   -0.072890
    1775   -0.066085
    1776   -0.066085
    1777   -0.057939
    1778   -0.057939
    1779   -0.048874
    1780   -0.048874
    1781   -0.041473
    1782   -0.041473
    1783   -0.201151
    1784   -0.201151
    1785   -0.200216
    1786   -0.200216
    1787   -0.198890
    1788   -0.198890
    1789   -0.197663
    1790   -0.197663
    1791   -0.196634
    1792   -0.196634
    1793   -0.196049
    1794   -0.196049
    1795   -0.195935
    1796   -0.195935
    1797   -0.196074
    1798   -0.196074
    1799   -0.196281
    1800   -0.196281
    1801   -0.196386
    1802   -0.196386
    1803   -0.196320
    1804   -0.196320
    1805   -0.196079
    1806   -0.196079
    1807   -0.195711
    1808   -0.195711
    1809   -0.195331
    1810   -0.195331
    1811   -0.194978
    1812   -0.194978
    1813   -0.194617
    1814   -0.194617
    1815   -0.194237
    1816   -0.194237
    1817   -0.193866
    1818   -0.193866
    1819   -0.193509
    1820   -0.193509
    1821   -0.193132
    1822   -0.193132
    1823   -0.192725
    1824   -0.192725
    1825   -0.192320
    1826   -0.192320
    1827   -0.191939
    1828   -0.191939
    1829   -0.191579
    1830   -0.191579
    1831   -0.191225
    1832   -0.191225
    1833   -0.190873
    1834   -0.190873
    1835   -0.190544
    1836   -0.190544
    1837   -0.190258
    1838   -0.190258
    1839   -0.190001
    1840   -0.190001
    1841   -0.189741
    1842   -0.189741
    1843   -0.189467
    1844   -0.189467
    1845   -0.189180
    1846   -0.189180
    1847   -0.188879
    1848   -0.188879
    1849   -0.188561
    1850   -0.188561
    1851   -0.188222
    1852   -0.188222
    1853   -0.187845
    1854   -0.187845
    1855   -0.187423
    1856   -0.187423
    1857   -0.186966
    1858   -0.186966
    1859   -0.186493
    1860   -0.186493
    1861   -0.186005
    1862   -0.186005
    1863   -0.185499
    1864   -0.185499
    1865   -0.184991
    1866   -0.184991
    1867   -0.184491
    1868   -0.184491
    1869   -0.183982
    1870   -0.183982
    1871   -0.183441
    1872   -0.183441
    1873   -0.182857
    1874   -0.182857
    1875   -0.182222
    1876   -0.182222
    1877   -0.181526
    1878   -0.181526
    1879   -0.180763
    1880   -0.180763
    1881   -0.179947
    1882   -0.179947
    1883   -0.179096
    1884   -0.179096
    1885   -0.178198
    1886   -0.178198
    1887   -0.177237
    1888   -0.177237
    1889   -0.176216
    1890   -0.176216
    1891   -0.175133
    1892   -0.175133
    1893   -0.173992
    1894   -0.173992
    1895   -0.172796
    1896   -0.172796
    1897   -0.171547
    1898   -0.171547
    1899   -0.170290
    1900   -0.170290
    1901   -0.169150
    1902   -0.169150
    1903   -0.168345
    1904   -0.168345
    1905   -0.167919
    1906   -0.167919
    1907   -0.167650
    1908   -0.167650
    1909   -0.167347
    1910   -0.167347
    1911   -0.166966
    1912   -0.166966
    1913   -0.166519
    1914   -0.166519
    1915   -0.165985
    1916   -0.165985
    1917   -0.165321
    1918   -0.165321
    1919   -0.164530
    1920   -0.164530
    1921   -0.163670
    1922   -0.163670
    1923   -0.162747
    1924   -0.162747
    1925   -0.161714
    1926   -0.161714
    1927   -0.160567
    1928   -0.160567
    1929   -0.159345
    1930   -0.159345
    1931   -0.158052
    1932   -0.158052
    1933   -0.156650
    1934   -0.156650
    1935   -0.155123
    1936   -0.155123
    1937   -0.153476
    1938   -0.153476
    1939   -0.151707
    1940   -0.151707
    1941   -0.149771
    1942   -0.149771
    1943   -0.147664
    1944   -0.147664
    1945   -0.145447
    1946   -0.145447
    1947   -0.143094
    1948   -0.143094
    1949   -0.140521
    1950   -0.140521
    1951   -0.137745
    1952   -0.137745
    1953   -0.134840
    1954   -0.134840
    1955   -0.131781
    1956   -0.131781
    1957   -0.128464
    1958   -0.128464
    1959   -0.124838
    1960   -0.124838
    1961   -0.120918
    1962   -0.120918
    1963   -0.116723
    1964   -0.116723
    1965   -0.112111
    1966   -0.112111
    1967   -0.106720
    1968   -0.106720
    1969   -0.100433
    1970   -0.100433
    1971   -0.093194
    1972   -0.093194
    1973   -0.084614
    1974   -0.084614
    1975   -0.074402
    1976   -0.074402
    1977   -0.063041
    1978   -0.063041
    1979   -0.053628
    1980   -0.053628
    1981   -0.242639
    1982   -0.242639
    1983   -0.242045
    1984   -0.242045
    1985   -0.241116
    1986   -0.241116
    1987   -0.240063
    1988   -0.240063
    1989   -0.239004
    1990   -0.239004
    1991   -0.238330
    1992   -0.238330
    1993   -0.238179
    1994   -0.238179
    1995   -0.238398
    1996   -0.238398
    1997   -0.238765
    1998   -0.238765
    1999   -0.238970
    2000   -0.238970
    2001   -0.238926
    2002   -0.238926
    2003   -0.238728
    2004   -0.238728
    2005   -0.238444
    2006   -0.238444
    2007   -0.238128
    2008   -0.238128
    2009   -0.237808
    2010   -0.237808
    2011   -0.237479
    2012   -0.237479
    2013   -0.237130
    2014   -0.237130
    2015   -0.236761
    2016   -0.236761
    2017   -0.236383
    2018   -0.236383
    2019   -0.235997
    2020   -0.235997
    2021   -0.235597
    2022   -0.235597
    2023   -0.235192
    2024   -0.235192
    2025   -0.234796
    2026   -0.234796
    2027   -0.234415
    2028   -0.234415
    2029   -0.234036
    2030   -0.234036
    2031   -0.233660
    2032   -0.233660
    2033   -0.233312
    2034   -0.233312
    2035   -0.233007
    2036   -0.233007
    2037   -0.232718
    2038   -0.232718
    2039   -0.232412
    2040   -0.232412
    2041   -0.232090
    2042   -0.232090
    2043   -0.231757
    2044   -0.231757
    2045   -0.231400
    2046   -0.231400
    2047   -0.231015
    2048   -0.231015
    2049   -0.230606
    2050   -0.230606
    2051   -0.230168
    2052   -0.230168
    2053   -0.229700
    2054   -0.229700
    2055   -0.229212
    2056   -0.229212
    2057   -0.228720
    2058   -0.228720
    2059   -0.228219
    2060   -0.228219
    2061   -0.227689
    2062   -0.227689
    2063   -0.227136
    2064   -0.227136
    2065   -0.226570
    2066   -0.226570
    2067   -0.225989
    2068   -0.225989
    2069   -0.225381
    2070   -0.225381
    2071   -0.224732
    2072   -0.224732
    2073   -0.224023
    2074   -0.224023
    2075   -0.223227
    2076   -0.223227
    2077   -0.222347
    2078   -0.222347
    2079   -0.221414
    2080   -0.221414
    2081   -0.220447
    2082   -0.220447
    2083   -0.219432
    2084   -0.219432
    2085   -0.218352
    2086   -0.218352
    2087   -0.217219
    2088   -0.217219
    2089   -0.216039
    2090   -0.216039
    2091   -0.214812
    2092   -0.214812
    2093   -0.213535
    2094   -0.213535
    2095   -0.212207
    2096   -0.212207
    2097   -0.210865
    2098   -0.210865
    2099   -0.209646
    2100   -0.209646
    2101   -0.208765
    2102   -0.208765
    2103   -0.208248
    2104   -0.208248
    2105   -0.207887
    2106   -0.207887
    2107   -0.207513
    2108   -0.207513
    2109   -0.207054
    2110   -0.207054
    2111   -0.206495
    2112   -0.206495
    2113   -0.205823
    2114   -0.205823
    2115   -0.205005
    2116   -0.205005
    2117   -0.204047
    2118   -0.204047
    2119   -0.202983
    2120   -0.202983
    2121   -0.201819
    2122   -0.201819
    2123   -0.200551
    2124   -0.200551
    2125   -0.199172
    2126   -0.199172
    2127   -0.197677
    2128   -0.197677
    2129   -0.196069
    2130   -0.196069
    2131   -0.194338
    2132   -0.194338
    2133   -0.192481
    2134   -0.192481
    2135   -0.190498
    2136   -0.190498
    2137   -0.188389
    2138   -0.188389
    2139   -0.186114
    2140   -0.186114
    2141   -0.183644
    2142   -0.183644
    2143   -0.181000
    2144   -0.181000
    2145   -0.178159
    2146   -0.178159
    2147   -0.175110
    2148   -0.175110
    2149   -0.171878
    2150   -0.171878
    2151   -0.168480
    2152   -0.168480
    2153   -0.164881
    2154   -0.164881
    2155   -0.160975
    2156   -0.160975
    2157   -0.156689
    2158   -0.156689
    2159   -0.151984
    2160   -0.151984
    2161   -0.146827
    2162   -0.146827
    2163   -0.141260
    2164   -0.141260
    2165   -0.135074
    2166   -0.135074
    2167   -0.127799
    2168   -0.127799
    2169   -0.119120
    2170   -0.119120
    2171   -0.108685
    2172   -0.108685
    2173   -0.096173
    2174   -0.096173
    2175   -0.082108
    2176   -0.082108
    2177   -0.070281
    2178   -0.070281
    2179   -0.297357
    2180   -0.297357
    2181   -0.297269
    2182   -0.297269
    2183   -0.297059
    2184   -0.297059
    2185   -0.296624
    2186   -0.296624
    2187   -0.295969
    2188   -0.295969
    2189   -0.295347
    2190   -0.295347
    2191   -0.294913
    2192   -0.294913
    2193   -0.294647
    2194   -0.294647
    2195   -0.294472
    2196   -0.294472
    2197   -0.294267
    2198   -0.294267
    2199   -0.294010
    2200   -0.294010
    2201   -0.293763
    2202   -0.293763
    2203   -0.293527
    2204   -0.293527
    2205   -0.293254
    2206   -0.293254
    2207   -0.292946
    2208   -0.292946
    2209   -0.292653
    2210   -0.292653
    2211   -0.292370
    2212   -0.292370
    2213   -0.292043
    2214   -0.292043
    2215   -0.291671
    2216   -0.291671
    2217   -0.291301
    2218   -0.291301
    2219   -0.290938
    2220   -0.290938
    2221   -0.290561
    2222   -0.290561
    2223   -0.290172
    2224   -0.290172
    2225   -0.289786
    2226   -0.289786
    2227   -0.289398
    2228   -0.289398
    2229   -0.289006
    2230   -0.289006
    2231   -0.288614
    2232   -0.288614
    2233   -0.288221
    2234   -0.288221
    2235   -0.287819
    2236   -0.287819
    2237   -0.287407
    2238   -0.287407
    2239   -0.286985
    2240   -0.286985
    2241   -0.286539
    2242   -0.286539
    2243   -0.286067
    2244   -0.286067
    2245   -0.285585
    2246   -0.285585
    2247   -0.285099
    2248   -0.285099
    2249   -0.284602
    2250   -0.284602
    2251   -0.284089
    2252   -0.284089
    2253   -0.283566
    2254   -0.283566
    2255   -0.283043
    2256   -0.283043
    2257   -0.282518
    2258   -0.282518
    2259   -0.281969
    2260   -0.281969
    2261   -0.281378
    2262   -0.281378
    2263   -0.280749
    2264   -0.280749
    2265   -0.280106
    2266   -0.280106
    2267   -0.279438
    2268   -0.279438
    2269   -0.278710
    2270   -0.278710
    2271   -0.277906
    2272   -0.277906
    2273   -0.277015
    2274   -0.277015
    2275   -0.276039
    2276   -0.276039
    2277   -0.275003
    2278   -0.275003
    2279   -0.273919
    2280   -0.273919
    2281   -0.272794
    2282   -0.272794
    2283   -0.271624
    2284   -0.271624
    2285   -0.270403
    2286   -0.270403
    2287   -0.269125
    2288   -0.269125
    2289   -0.267786
    2290   -0.267786
    2291   -0.266391
    2292   -0.266391
    2293   -0.264945
    2294   -0.264945
    2295   -0.263481
    2296   -0.263481
    2297   -0.262187
    2298   -0.262187
    2299   -0.261278
    2300   -0.261278
    2301   -0.260693
    2302   -0.260693
    2303   -0.260220
    2304   -0.260220
    2305   -0.259721
    2306   -0.259721
    2307   -0.259109
    2308   -0.259109
    2309   -0.258344
    2310   -0.258344
    2311   -0.257428
    2312   -0.257428
    2313   -0.256353
    2314   -0.256353
    2315   -0.255115
    2316   -0.255115
    2317   -0.253727
    2318   -0.253727
    2319   -0.252212
    2320   -0.252212
    2321   -0.250583
    2322   -0.250583
    2323   -0.248827
    2324   -0.248827
    2325   -0.246926
    2326   -0.246926
    2327   -0.244875
    2328   -0.244875
    2329   -0.242676
    2330   -0.242676
    2331   -0.240337
    2332   -0.240337
    2333   -0.237861
    2334   -0.237861
    2335   -0.235237
    2336   -0.235237
    2337   -0.232454
    2338   -0.232454
    2339   -0.229477
    2340   -0.229477
    2341   -0.226260
    2342   -0.226260
    2343   -0.222787
    2344   -0.222787
    2345   -0.219100
    2346   -0.219100
    2347   -0.215217
    2348   -0.215217
    2349   -0.211122
    2350   -0.211122
    2351   -0.206818
    2352   -0.206818
    2353   -0.202247
    2354   -0.202247
    2355   -0.197294
    2356   -0.197294
    2357   -0.191814
    2358   -0.191814
    2359   -0.185660
    2360   -0.185660
    2361   -0.178954
    2362   -0.178954
    2363   -0.171653
    2364   -0.171653
    2365   -0.163142
    2366   -0.163142
    2367   -0.152972
    2368   -0.152972
    2369   -0.140680
    2370   -0.140680
    2371   -0.125711
    2372   -0.125711
    2373   -0.108524
    2374   -0.108524
    2375   -0.093792
    2376   -0.093792
    2377   -0.371221
    2378   -0.371221
    2379   -0.371753
    2380   -0.371753
    2381   -0.372499
    2382   -0.372499
    2383   -0.373121
    2384   -0.373121
    2385   -0.373475
    2386   -0.373475
    2387   -0.373318
    2388   -0.373318
    2389   -0.372710
    2390   -0.372710
    2391   -0.371921
    2392   -0.371921
    2393   -0.371108
    2394   -0.371108
    2395   -0.370382
    2396   -0.370382
    2397   -0.369802
    2398   -0.369802
    2399   -0.369366
    2400   -0.369366
    2401   -0.369023
    2402   -0.369023
    2403   -0.368681
    2404   -0.368681
    2405   -0.368321
    2406   -0.368321
    2407   -0.367996
    2408   -0.367996
    2409   -0.367704
    2410   -0.367704
    2411   -0.367379
    2412   -0.367379
    2413   -0.367009
    2414   -0.367009
    2415   -0.366636
    2416   -0.366636
    2417   -0.366270
    2418   -0.366270
    2419   -0.365878
    2420   -0.365878
    2421   -0.365457
    2422   -0.365457
    2423   -0.365027
    2424   -0.365027
    2425   -0.364598
    2426   -0.364598
    2427   -0.364174
    2428   -0.364174
    2429   -0.363736
    2430   -0.363736
    2431   -0.363260
    2432   -0.363260
    2433   -0.362753
    2434   -0.362753
    2435   -0.362240
    2436   -0.362240
    2437   -0.361714
    2438   -0.361714
    2439   -0.361158
    2440   -0.361158
    2441   -0.360581
    2442   -0.360581
    2443   -0.360009
    2444   -0.360009
    2445   -0.359445
    2446   -0.359445
    2447   -0.358877
    2448   -0.358877
    2449   -0.358301
    2450   -0.358301
    2451   -0.357719
    2452   -0.357719
    2453   -0.357130
    2454   -0.357130
    2455   -0.356533
    2456   -0.356533
    2457   -0.355922
    2458   -0.355922
    2459   -0.355271
    2460   -0.355271
    2461   -0.354571
    2462   -0.354571
    2463   -0.353841
    2464   -0.353841
    2465   -0.353071
    2466   -0.353071
    2467   -0.352229
    2468   -0.352229
    2469   -0.351309
    2470   -0.351309
    2471   -0.350316
    2472   -0.350316
    2473   -0.349254
    2474   -0.349254
    2475   -0.348126
    2476   -0.348126
    2477   -0.346931
    2478   -0.346931
    2479   -0.345685
    2480   -0.345685
    2481   -0.344392
    2482   -0.344392
    2483   -0.343037
    2484   -0.343037
    2485   -0.341603
    2486   -0.341603
    2487   -0.340077
    2488   -0.340077
    2489   -0.338474
    2490   -0.338474
    2491   -0.336804
    2492   -0.336804
    2493   -0.335092
    2494   -0.335092
    2495   -0.333552
    2496   -0.333552
    2497   -0.332425
    2498   -0.332425
    2499   -0.331603
    2500   -0.331603
    2501   -0.330854
    2502   -0.330854
    2503   -0.330057
    2504   -0.330057
    2505   -0.329117
    2506   -0.329117
    2507   -0.327989
    2508   -0.327989
    2509   -0.326676
    2510   -0.326676
    2511   -0.325194
    2512   -0.325194
    2513   -0.323527
    2514   -0.323527
    2515   -0.321666
    2516   -0.321666
    2517   -0.319644
    2518   -0.319644
    2519   -0.317468
    2520   -0.317468
    2521   -0.315118
    2522   -0.315118
    2523   -0.312598
    2524   -0.312598
    2525   -0.309911
    2526   -0.309911
    2527   -0.307057
    2528   -0.307057
    2529   -0.304038
    2530   -0.304038
    2531   -0.300836
    2532   -0.300836
    2533   -0.297434
    2534   -0.297434
    2535   -0.293849
    2536   -0.293849
    2537   -0.290050
    2538   -0.290050
    2539   -0.285977
    2540   -0.285977
    2541   -0.281630
    2542   -0.281630
    2543   -0.277028
    2544   -0.277028
    2545   -0.272172
    2546   -0.272172
    2547   -0.267067
    2548   -0.267067
    2549   -0.261730
    2550   -0.261730
    2551   -0.256129
    2552   -0.256129
    2553   -0.250155
    2554   -0.250155
    2555   -0.243640
    2556   -0.243640
    2557   -0.236307
    2558   -0.236307
    2559   -0.228151
    2560   -0.228151
    2561   -0.219216
    2562   -0.219216
    2563   -0.209012
    2564   -0.209012
    2565   -0.197108
    2566   -0.197108
    2567   -0.182838
    2568   -0.182838
    2569   -0.165335
    2570   -0.165335
    2571   -0.144808
    2572   -0.144808
    2573   -0.126815
    2574   -0.126815
    2575   -0.464981
    2576   -0.464981
    2577   -0.465865
    2578   -0.465865
    2579   -0.467150
    2580   -0.467150
    2581   -0.468549
    2582   -0.468549
    2583   -0.469903
    2584   -0.469903
    2585   -0.470309
    2586   -0.470309
    2587   -0.469637
    2588   -0.469637
    2589   -0.468508
    2590   -0.468508
    2591   -0.467288
    2592   -0.467288
    2593   -0.466212
    2594   -0.466212
    2595   -0.465357
    2596   -0.465357
    2597   -0.464666
    2598   -0.464666
    2599   -0.464088
    2600   -0.464088
    2601   -0.463572
    2602   -0.463572
    2603   -0.463100
    2604   -0.463100
    2605   -0.462675
    2606   -0.462675
    2607   -0.462279
    2608   -0.462279
    2609   -0.461874
    2610   -0.461874
    2611   -0.461449
    2612   -0.461449
    2613   -0.461027
    2614   -0.461027
    2615   -0.460613
    2616   -0.460613
    2617   -0.460176
    2618   -0.460176
    2619   -0.459704
    2620   -0.459704
    2621   -0.459204
    2622   -0.459204
    2623   -0.458694
    2624   -0.458694
    2625   -0.458205
    2626   -0.458205
    2627   -0.457721
    2628   -0.457721
    2629   -0.457197
    2630   -0.457197
    2631   -0.456627
    2632   -0.456627
    2633   -0.456033
    2634   -0.456033
    2635   -0.455419
    2636   -0.455419
    2637   -0.454778
    2638   -0.454778
    2639   -0.454124
    2640   -0.454124
    2641   -0.453468
    2642   -0.453468
    2643   -0.452812
    2644   -0.452812
    2645   -0.452146
    2646   -0.452146
    2647   -0.451473
    2648   -0.451473
    2649   -0.450794
    2650   -0.450794
    2651   -0.450095
    2652   -0.450095
    2653   -0.449369
    2654   -0.449369
    2655   -0.448623
    2656   -0.448623
    2657   -0.447846
    2658   -0.447846
    2659   -0.447019
    2660   -0.447019
    2661   -0.446135
    2662   -0.446135
    2663   -0.445185
    2664   -0.445185
    2665   -0.444167
    2666   -0.444167
    2667   -0.443086
    2668   -0.443086
    2669   -0.441952
    2670   -0.441952
    2671   -0.440768
    2672   -0.440768
    2673   -0.439518
    2674   -0.439518
    2675   -0.438185
    2676   -0.438185
    2677   -0.436758
    2678   -0.436758
    2679   -0.435244
    2680   -0.435244
    2681   -0.433652
    2682   -0.433652
    2683   -0.431967
    2684   -0.431967
    2685   -0.430161
    2686   -0.430161
    2687   -0.428233
    2688   -0.428233
    2689   -0.426198
    2690   -0.426198
    2691   -0.424075
    2692   -0.424075
    2693   -0.422060
    2694   -0.422060
    2695   -0.420432
    2696   -0.420432
    2697   -0.419112
    2698   -0.419112
    2699   -0.417832
    2700   -0.417832
    2701   -0.416454
    2702   -0.416454
    2703   -0.414906
    2704   -0.414906
    2705   -0.413154
    2706   -0.413154
    2707   -0.411203
    2708   -0.411203
    2709   -0.409095
    2710   -0.409095
    2711   -0.406800
    2712   -0.406800
    2713   -0.404264
    2714   -0.404264
    2715   -0.401520
    2716   -0.401520
    2717   -0.398559
    2718   -0.398559
    2719   -0.395368
    2720   -0.395368
    2721   -0.391966
    2722   -0.391966
    2723   -0.388365
    2724   -0.388365
    2725   -0.384583
    2726   -0.384583
    2727   -0.380596
    2728   -0.380596
    2729   -0.376351
    2730   -0.376351
    2731   -0.371831
    2732   -0.371831
    2733   -0.367069
    2734   -0.367069
    2735   -0.362048
    2736   -0.362048
    2737   -0.356729
    2738   -0.356729
    2739   -0.351135
    2740   -0.351135
    2741   -0.345270
    2742   -0.345270
    2743   -0.339105
    2744   -0.339105
    2745   -0.332601
    2746   -0.332601
    2747   -0.325731
    2748   -0.325731
    2749   -0.318510
    2750   -0.318510
    2751   -0.310883
    2752   -0.310883
    2753   -0.302671
    2754   -0.302671
    2755   -0.293630
    2756   -0.293630
    2757   -0.283644
    2758   -0.283644
    2759   -0.272616
    2760   -0.272616
    2761   -0.260320
    2762   -0.260320
    2763   -0.246391
    2764   -0.246391
    2765   -0.229914
    2766   -0.229914
    2767   -0.209997
    2768   -0.209997
    2769   -0.186584
    2770   -0.186584
    2771   -0.165770
    2772   -0.165770
    2773   -0.564417
    2774   -0.564417
    2775   -0.565136
    2776   -0.565136
    2777   -0.566050
    2778   -0.566050
    2779   -0.566813
    2780   -0.566813
    2781   -0.567582
    2782   -0.567582
    2783   -0.567678
    2784   -0.567678
    2785   -0.566879
    2786   -0.566879
    2787   -0.565756
    2788   -0.565756
    2789   -0.564637
    2790   -0.564637
    2791   -0.563601
    2792   -0.563601
    2793   -0.562665
    2794   -0.562665
    2795   -0.561838
    2796   -0.561838
    2797   -0.561112
    2798   -0.561112
    2799   -0.560454
    2800   -0.560454
    2801   -0.559853
    2802   -0.559853
    2803   -0.559300
    2804   -0.559300
    2805   -0.558771
    2806   -0.558771
    2807   -0.558245
    2808   -0.558245
    2809   -0.557721
    2810   -0.557721
    2811   -0.557223
    2812   -0.557223
    2813   -0.556751
    2814   -0.556751
    2815   -0.556266
    2816   -0.556266
    2817   -0.555744
    2818   -0.555744
    2819   -0.555185
    2820   -0.555185
    2821   -0.554610
    2822   -0.554610
    2823   -0.554044
    2824   -0.554044
    2825   -0.553473
    2826   -0.553473
    2827   -0.552869
    2828   -0.552869
    2829   -0.552224
    2830   -0.552224
    2831   -0.551547
    2832   -0.551547
    2833   -0.550840
    2834   -0.550840
    2835   -0.550104
    2836   -0.550104
    2837   -0.549351
    2838   -0.549351
    2839   -0.548582
    2840   -0.548582
    2841   -0.547795
    2842   -0.547795
    2843   -0.546992
    2844   -0.546992
    2845   -0.546180
    2846   -0.546180
    2847   -0.545349
    2848   -0.545349
    2849   -0.544479
    2850   -0.544479
    2851   -0.543556
    2852   -0.543556
    2853   -0.542588
    2854   -0.542588
    2855   -0.541580
    2856   -0.541580
    2857   -0.540519
    2858   -0.540519
    2859   -0.539384
    2860   -0.539384
    2861   -0.538170
    2862   -0.538170
    2863   -0.536888
    2864   -0.536888
    2865   -0.535550
    2866   -0.535550
    2867   -0.534162
    2868   -0.534162
    2869   -0.532724
    2870   -0.532724
    2871   -0.531216
    2872   -0.531216
    2873   -0.529614
    2874   -0.529614
    2875   -0.527888
    2876   -0.527888
    2877   -0.526039
    2878   -0.526039
    2879   -0.524083
    2880   -0.524083
    2881   -0.522011
    2882   -0.522011
    2883   -0.519791
    2884   -0.519791
    2885   -0.517400
    2886   -0.517400
    2887   -0.514840
    2888   -0.514840
    2889   -0.512160
    2890   -0.512160
    2891   -0.509533
    2892   -0.509533
    2893   -0.507207
    2894   -0.507207
    2895   -0.505123
    2896   -0.505123
    2897   -0.503002
    2898   -0.503002
    2899   -0.500725
    2900   -0.500725
    2901   -0.498254
    2902   -0.498254
    2903   -0.495539
    2904   -0.495539
    2905   -0.492586
    2906   -0.492586
    2907   -0.489500
    2908   -0.489500
    2909   -0.486259
    2910   -0.486259
    2911   -0.482722
    2912   -0.482722
    2913   -0.478875
    2914   -0.478875
    2915   -0.474769
    2916   -0.474769
    2917   -0.470404
    2918   -0.470404
    2919   -0.465727
    2920   -0.465727
    2921   -0.460759
    2922   -0.460759
    2923   -0.455587
    2924   -0.455587
    2925   -0.450163
    2926   -0.450163
    2927   -0.444366
    2928   -0.444366
    2929   -0.438185
    2930   -0.438185
    2931   -0.431713
    2932   -0.431713
    2933   -0.424960
    2934   -0.424960
    2935   -0.417828
    2936   -0.417828
    2937   -0.410327
    2938   -0.410327
    2939   -0.402547
    2940   -0.402547
    2941   -0.394437
    2942   -0.394437
    2943   -0.385817
    2944   -0.385817
    2945   -0.376623
    2946   -0.376623
    2947   -0.366978
    2948   -0.366978
    2949   -0.356863
    2950   -0.356863
    2951   -0.346046
    2952   -0.346046
    2953   -0.334360
    2954   -0.334360
    2955   -0.321737
    2956   -0.321737
    2957   -0.308000
    2958   -0.308000
    2959   -0.293022
    2960   -0.293022
    2961   -0.276369
    2962   -0.276369
    2963   -0.257249
    2964   -0.257249
    2965   -0.235324
    2966   -0.235324
    2967   -0.210431
    2968   -0.210431
    2969   -0.188516
    2970   -0.188516
    2971   -0.643611
    2972   -0.643611
    2973   -0.643280
    2974   -0.643280
    2975   -0.642482
    2976   -0.642482
    2977   -0.641082
    2978   -0.641082
    2979   -0.639679
    2980   -0.639679
    2981   -0.638488
    2982   -0.638488
    2983   -0.637373
    2984   -0.637373
    2985   -0.636492
    2986   -0.636492
    2987   -0.635854
    2988   -0.635854
    2989   -0.635133
    2990   -0.635133
    2991   -0.634259
    2992   -0.634259
    2993   -0.633419
    2994   -0.633419
    2995   -0.632659
    2996   -0.632659
    2997   -0.631911
    2998   -0.631911
    2999   -0.631169
    3000   -0.631169
    3001   -0.630459
    3002   -0.630459
    3003   -0.629776
    3004   -0.629776
    3005   -0.629107
    3006   -0.629107
    3007   -0.628459
    3008   -0.628459
    3009   -0.627849
    3010   -0.627849
    3011   -0.627271
    3012   -0.627271
    3013   -0.626688
    3014   -0.626688
    3015   -0.626073
    3016   -0.626073
    3017   -0.625440
    3018   -0.625440
    3019   -0.624801
    3020   -0.624801
    3021   -0.624126
    3022   -0.624126
    3023   -0.623400
    3024   -0.623400
    3025   -0.622638
    3026   -0.622638
    3027   -0.621855
    3028   -0.621855
    3029   -0.621047
    3030   -0.621047
    3031   -0.620201
    3032   -0.620201
    3033   -0.619316
    3034   -0.619316
    3035   -0.618398
    3036   -0.618398
    3037   -0.617439
    3038   -0.617439
    3039   -0.616437
    3040   -0.616437
    3041   -0.615414
    3042   -0.615414
    3043   -0.614373
    3044   -0.614373
    3045   -0.613281
    3046   -0.613281
    3047   -0.612124
    3048   -0.612124
    3049   -0.610894
    3050   -0.610894
    3051   -0.609580
    3052   -0.609580
    3053   -0.608190
    3054   -0.608190
    3055   -0.606728
    3056   -0.606728
    3057   -0.605182
    3058   -0.605182
    3059   -0.603552
    3060   -0.603552
    3061   -0.601851
    3062   -0.601851
    3063   -0.600081
    3064   -0.600081
    3065   -0.598242
    3066   -0.598242
    3067   -0.596324
    3068   -0.596324
    3069   -0.594319
    3070   -0.594319
    3071   -0.592207
    3072   -0.592207
    3073   -0.589958
    3074   -0.589958
    3075   -0.587563
    3076   -0.587563
    3077   -0.585024
    3078   -0.585024
    3079   -0.582330
    3080   -0.582330
    3081   -0.579456
    3082   -0.579456
    3083   -0.576371
    3084   -0.576371
    3085   -0.573058
    3086   -0.573058
    3087   -0.569604
    3088   -0.569604
    3089   -0.566186
    3090   -0.566186
    3091   -0.562947
    3092   -0.562947
    3093   -0.559783
    3094   -0.559783
    3095   -0.556435
    3096   -0.556435
    3097   -0.552847
    3098   -0.552847
    3099   -0.549033
    3100   -0.549033
    3101   -0.544898
    3102   -0.544898
    3103   -0.540425
    3104   -0.540425
    3105   -0.535726
    3106   -0.535726
    3107   -0.530831
    3108   -0.530831
    3109   -0.525592
    3110   -0.525592
    3111   -0.519919
    3112   -0.519919
    3113   -0.513937
    3114   -0.513937
    3115   -0.507667
    3116   -0.507667
    3117   -0.500950
    3118   -0.500950
    3119   -0.493800
    3120   -0.493800
    3121   -0.486358
    3122   -0.486358
    3123   -0.478586
    3124   -0.478586
    3125   -0.470330
    3126   -0.470330
    3127   -0.461572
    3128   -0.461572
    3129   -0.452445
    3130   -0.452445
    3131   -0.442984
    3132   -0.442984
    3133   -0.433012
    3134   -0.433012
    3135   -0.422489
    3136   -0.422489
    3137   -0.411572
    3138   -0.411572
    3139   -0.400216
    3140   -0.400216
    3141   -0.388156
    3142   -0.388156
    3143   -0.375321
    3144   -0.375321
    3145   -0.361878
    3146   -0.361878
    3147   -0.347808
    3148   -0.347808
    3149   -0.332883
    3150   -0.332883
    3151   -0.316952
    3152   -0.316952
    3153   -0.300019
    3154   -0.300019
    3155   -0.281962
    3156   -0.281962
    3157   -0.262518
    3158   -0.262518
    3159   -0.241340
    3160   -0.241340
    3161   -0.218491
    3162   -0.218491
    3163   -0.194540
    3164   -0.194540
    3165   -0.169724
    3166   -0.169724
    3167   -0.149204
    3168   -0.149204
    3169   -0.686058
    3170   -0.686058
    3171   -0.683614
    3172   -0.683614
    3173   -0.679941
    3174   -0.679941
    3175   -0.676013
    3176   -0.676013
    3177   -0.672461
    3178   -0.672461
    3179   -0.669821
    3180   -0.669821
    3181   -0.668075
    3182   -0.668075
    3183   -0.667046
    3184   -0.667046
    3185   -0.666429
    3186   -0.666429
    3187   -0.665699
    3188   -0.665699
    3189   -0.664738
    3190   -0.664738
    3191   -0.663760
    3192   -0.663760
    3193   -0.662819
    3194   -0.662819
    3195   -0.661861
    3196   -0.661861
    3197   -0.660879
    3198   -0.660879
    3199   -0.659900
    3200   -0.659900
    3201   -0.658944
    3202   -0.658944
    3203   -0.658032
    3204   -0.658032
    3205   -0.657167
    3206   -0.657167
    3207   -0.656317
    3208   -0.656317
    3209   -0.655476
    3210   -0.655476
    3211   -0.654663
    3212   -0.654663
    3213   -0.653860
    3214   -0.653860
    3215   -0.653045
    3216   -0.653045
    3217   -0.652204
    3218   -0.652204
    3219   -0.651300
    3220   -0.651300
    3221   -0.650320
    3222   -0.650320
    3223   -0.649288
    3224   -0.649288
    3225   -0.648228
    3226   -0.648228
    3227   -0.647156
    3228   -0.647156
    3229   -0.646055
    3230   -0.646055
    3231   -0.644892
    3232   -0.644892
    3233   -0.643659
    3234   -0.643659
    3235   -0.642360
    3236   -0.642360
    3237   -0.640991
    3238   -0.640991
    3239   -0.639556
    3240   -0.639556
    3241   -0.638053
    3242   -0.638053
    3243   -0.636474
    3244   -0.636474
    3245   -0.634814
    3246   -0.634814
    3247   -0.633042
    3248   -0.633042
    3249   -0.631127
    3250   -0.631127
    3251   -0.629095
    3252   -0.629095
    3253   -0.626955
    3254   -0.626955
    3255   -0.624676
    3256   -0.624676
    3257   -0.622280
    3258   -0.622280
    3259   -0.619822
    3260   -0.619822
    3261   -0.617303
    3262   -0.617303
    3263   -0.614671
    3264   -0.614671
    3265   -0.611902
    3266   -0.611902
    3267   -0.609017
    3268   -0.609017
    3269   -0.605995
    3270   -0.605995
    3271   -0.602769
    3272   -0.602769
    3273   -0.599329
    3274   -0.599329
    3275   -0.595718
    3276   -0.595718
    3277   -0.591918
    3278   -0.591918
    3279   -0.587857
    3280   -0.587857
    3281   -0.583518
    3282   -0.583518
    3283   -0.578932
    3284   -0.578932
    3285   -0.574127
    3286   -0.574127
    3287   -0.569175
    3288   -0.569175
    3289   -0.564271
    3290   -0.564271
    3291   -0.559366
    3292   -0.559366
    3293   -0.554103
    3294   -0.554103
    3295   -0.548366
    3296   -0.548366
    3297   -0.542257
    3298   -0.542257
    3299   -0.535762
    3300   -0.535762
    3301   -0.528809
    3302   -0.528809
    3303   -0.521343
    3304   -0.521343
    3305   -0.513436
    3306   -0.513436
    3307   -0.505152
    3308   -0.505152
    3309   -0.496373
    3310   -0.496373
    3311   -0.487075
    3312   -0.487075
    3313   -0.477299
    3314   -0.477299
    3315   -0.467033
    3316   -0.467033
    3317   -0.456239
    3318   -0.456239
    3319   -0.444835
    3320   -0.444835
    3321   -0.432826
    3322   -0.432826
    3323   -0.420313
    3324   -0.420313
    3325   -0.407268
    3326   -0.407268
    3327   -0.393561
    3328   -0.393561
    3329   -0.379218
    3330   -0.379218
    3331   -0.364297
    3332   -0.364297
    3333   -0.348707
    3334   -0.348707
    3335   -0.332307
    3336   -0.332307
    3337   -0.315076
    3338   -0.315076
    3339   -0.297057
    3340   -0.297057
    3341   -0.278153
    3342   -0.278153
    3343   -0.258156
    3344   -0.258156
    3345   -0.237020
    3346   -0.237020
    3347   -0.214873
    3348   -0.214873
    3349   -0.191585
    3350   -0.191585
    3351   -0.166865
    3352   -0.166865
    3353   -0.140621
    3354   -0.140621
    3355   -0.112851
    3356   -0.112851
    3357   -0.083723
    3358   -0.083723
    3359   -0.054223
    3360   -0.054223
    3361   -0.025914
    3362   -0.025914
    3363   -0.000818
    3364   -0.000818
    3365    0.016687
    3366    0.016687
    3367   -0.703436
    3368   -0.703436
    3369   -0.697677
    3370   -0.697677
    3371   -0.690012
    3372   -0.690012
    3373   -0.683334
    3374   -0.683334
    3375   -0.677681
    3376   -0.677681
    3377   -0.673417
    3378   -0.673417
    3379   -0.670622
    3380   -0.670622
    3381   -0.668745
    3382   -0.668745
    3383   -0.667274
    3384   -0.667274
    3385   -0.665893
    3386   -0.665893
    3387   -0.664479
    3388   -0.664479
    3389   -0.663021
    3390   -0.663021
    3391   -0.661540
    3392   -0.661540
    3393   -0.660070
    3394   -0.660070
    3395   -0.658589
    3396   -0.658589
    3397   -0.657051
    3398   -0.657051
    3399   -0.655514
    3400   -0.655514
    3401   -0.654107
    3402   -0.654107
    3403   -0.652812
    3404   -0.652812
    3405   -0.651477
    3406   -0.651477
    3407   -0.650092
    3408   -0.650092
    3409   -0.648802
    3410   -0.648802
    3411   -0.647603
    3412   -0.647603
    3413   -0.646356
    3414   -0.646356
    3415   -0.645014
    3416   -0.645014
    3417   -0.643623
    3418   -0.643623
    3419   -0.642187
    3420   -0.642187
    3421   -0.640645
    3422   -0.640645
    3423   -0.639016
    3424   -0.639016
    3425   -0.637395
    3426   -0.637395
    3427   -0.635784
    3428   -0.635784
    3429   -0.634061
    3430   -0.634061
    3431   -0.632188
    3432   -0.632188
    3433   -0.630236
    3434   -0.630236
    3435   -0.628189
    3436   -0.628189
    3437   -0.625939
    3438   -0.625939
    3439   -0.623497
    3440   -0.623497
    3441   -0.620983
    3442   -0.620983
    3443   -0.618385
    3444   -0.618385
    3445   -0.615562
    3446   -0.615562
    3447   -0.612488
    3448   -0.612488
    3449   -0.609277
    3450   -0.609277
    3451   -0.605912
    3452   -0.605912
    3453   -0.602244
    3454   -0.602244
    3455   -0.598335
    3456   -0.598335
    3457   -0.594423
    3458   -0.594423
    3459   -0.590506
    3460   -0.590506
    3461   -0.586374
    3462   -0.586374
    3463   -0.581988
    3464   -0.581988
    3465   -0.577463
    3466   -0.577463
    3467   -0.572745
    3468   -0.572745
    3469   -0.567615
    3470   -0.567615
    3471   -0.562075
    3472   -0.562075
    3473   -0.556357
    3474   -0.556357
    3475   -0.550432
    3476   -0.550432
    3477   -0.544023
    3478   -0.544023
    3479   -0.537148
    3480   -0.537148
    3481   -0.530069
    3482   -0.530069
    3483   -0.522619
    3484   -0.522619
    3485   -0.514416
    3486   -0.514416
    3487   -0.505941
    3488   -0.505941
    3489   -0.497657
    3490   -0.497657
    3491   -0.489014
    3492   -0.489014
    3493   -0.479434
    3494   -0.479434
    3495   -0.469011
    3496   -0.469011
    3497   -0.458139
    3498   -0.458139
    3499   -0.446738
    3500   -0.446738
    3501   -0.434312
    3502   -0.434312
    3503   -0.420925
    3504   -0.420925
    3505   -0.407129
    3506   -0.407129
    3507   -0.392834
    3508   -0.392834
    3509   -0.377464
    3510   -0.377464
    3511   -0.361072
    3512   -0.361072
    3513   -0.344279
    3514   -0.344279
    3515   -0.326961
    3516   -0.326961
    3517   -0.308276
    3518   -0.308276
    3519   -0.288275
    3520   -0.288275
    3521   -0.267852
    3522   -0.267852
    3523   -0.246975
    3524   -0.246975
    3525   -0.224690
    3526   -0.224690
    3527   -0.200977
    3528   -0.200977
    3529   -0.176737
    3530   -0.176737
    3531   -0.151844
    3532   -0.151844
    3533   -0.125181
    3534   -0.125181
    3535   -0.096741
    3536   -0.096741
    3537   -0.067594
    3538   -0.067594
    3539   -0.037584
    3540   -0.037584
    3541   -0.005325
    3542   -0.005325
    3543    0.029306
    3544    0.029306
    3545    0.065125
    3546    0.065125
    3547    0.102223
    3548    0.102223
    3549    0.141912
    3550    0.141912
    3551    0.184250
    3552    0.184250
    3553    0.227953
    3554    0.227953
    3555    0.272079
    3556    0.272079
    3557    0.315296
    3558    0.315296
    3559    0.354670
    3560    0.354670
    3561    0.384368
    3562    0.384368
    3563    0.399965
    3564    0.399965
    3565   -0.740843
    3566   -0.740843
    3567   -0.729094
    3568   -0.729094
    3569   -0.714237
    3570   -0.714237
    3571   -0.702698
    3572   -0.702698
    3573   -0.693158
    3574   -0.693158
    3575   -0.686064
    3576   -0.686064
    3577   -0.681651
    3578   -0.681651
    3579   -0.678349
    3580   -0.678349
    3581   -0.675327
    3582   -0.675327
    3583   -0.672712
    3584   -0.672712
    3585   -0.670373
    3586   -0.670373
    3587   -0.667933
    3588   -0.667933
    3589   -0.665363
    3590   -0.665363
    3591   -0.662875
    3592   -0.662875
    3593   -0.660430
    3594   -0.660430
    3595   -0.657791
    3596   -0.657791
    3597   -0.655083
    3598   -0.655083
    3599   -0.652700
    3600   -0.652700
    3601   -0.650588
    3602   -0.650588
    3603   -0.648333
    3604   -0.648333
    3605   -0.645912
    3606   -0.645912
    3607   -0.643681
    3608   -0.643681
    3609   -0.641667
    3610   -0.641667
    3611   -0.639521
    3612   -0.639521
    3613   -0.637154
    3614   -0.637154
    3615   -0.634798
    3616   -0.634798
    3617   -0.632471
    3618   -0.632471
    3619   -0.629921
    3620   -0.629921
    3621   -0.627144
    3622   -0.627144
    3623   -0.624426
    3624   -0.624426
    3625   -0.621806
    3626   -0.621806
    3627   -0.618965
    3628   -0.618965
    3629   -0.615792
    3630   -0.615792
    3631   -0.612544
    3632   -0.612544
    3633   -0.609190
    3634   -0.609190
    3635   -0.605343
    3636   -0.605343
    3637   -0.601045
    3638   -0.601045
    3639   -0.596723
    3640   -0.596723
    3641   -0.592328
    3642   -0.592328
    3643   -0.587438
    3644   -0.587438
    3645   -0.582068
    3646   -0.582068
    3647   -0.576586
    3648   -0.576586
    3649   -0.570909
    3650   -0.570909
    3651   -0.564547
    3652   -0.564547
    3653   -0.557634
    3654   -0.557634
    3655   -0.550882
    3656   -0.550882
    3657   -0.544285
    3658   -0.544285
    3659   -0.537221
    3660   -0.537221
    3661   -0.529633
    3662   -0.529633
    3663   -0.521914
    3664   -0.521914
    3665   -0.513936
    3666   -0.513936
    3667   -0.505077
    3668   -0.505077
    3669   -0.495368
    3670   -0.495368
    3671   -0.485508
    3672   -0.485508
    3673   -0.475448
    3674   -0.475448
    3675   -0.464407
    3676   -0.464407
    3677   -0.452449
    3678   -0.452449
    3679   -0.440404
    3680   -0.440404
    3681   -0.427805
    3682   -0.427805
    3683   -0.413240
    3684   -0.413240
    3685   -0.397578
    3686   -0.397578
    3687   -0.382511
    3688   -0.382511
    3689   -0.367578
    3690   -0.367578
    3691   -0.351036
    3692   -0.351036
    3693   -0.332392
    3694   -0.332392
    3695   -0.313129
    3696   -0.313129
    3697   -0.293428
    3698   -0.293428
    3699   -0.271683
    3700   -0.271683
    3701   -0.247911
    3702   -0.247911
    3703   -0.223767
    3704   -0.223767
    3705   -0.199170
    3706   -0.199170
    3707   -0.172313
    3708   -0.172313
    3709   -0.143301
    3710   -0.143301
    3711   -0.114128
    3712   -0.114128
    3713   -0.084526
    3714   -0.084526
    3715   -0.052000
    3716   -0.052000
    3717   -0.016644
    3718   -0.016644
    3719    0.018884
    3720    0.018884
    3721    0.054623
    3722    0.054623
    3723    0.093405
    3724    0.093405
    3725    0.135303
    3726    0.135303
    3727    0.177508
    3728    0.177508
    3729    0.220161
    3730    0.220161
    3731    0.266532
    3732    0.266532
    3733    0.316699
    3734    0.316699
    3735    0.367275
    3736    0.367275
    3737    0.418473
    3738    0.418473
    3739    0.474340
    3740    0.474340
    3741    0.535169
    3742    0.535169
    3743    0.597386
    3744    0.597386
    3745    0.661032
    3746    0.661032
    3747    0.729776
    3748    0.729776
    3749    0.803673
    3750    0.803673
    3751    0.878710
    3752    0.878710
    3753    0.952841
    3754    0.952841
    3755    1.024973
    3756    1.024973
    3757    1.089499
    3758    1.089499
    3759    1.132978
    3760    1.132978
    3761    1.149791
    3762    1.149791
    3763   -0.836282
    3764   -0.836282
    3765   -0.815201
    3766   -0.815201
    3767   -0.789017
    3768   -0.789017
    3769   -0.769845
    3770   -0.769845
    3771   -0.753794
    3772   -0.753794
    3773   -0.742217
    3774   -0.742217
    3775   -0.735678
    3776   -0.735678
    3777   -0.730555
    3778   -0.730555
    3779   -0.725441
    3780   -0.725441
    3781   -0.721124
    3782   -0.721124
    3783   -0.717449
    3784   -0.717449
    3785   -0.713527
    3786   -0.713527
    3787   -0.709281
    3788   -0.709281
    3789   -0.705223
    3790   -0.705223
    3791   -0.701328
    3792   -0.701328
    3793   -0.697005
    3794   -0.697005
    3795   -0.692463
    3796   -0.692463
    3797   -0.688585
    3798   -0.688585
    3799   -0.685255
    3800   -0.685255
    3801   -0.681586
    3802   -0.681586
    3803   -0.677547
    3804   -0.677547
    3805   -0.673869
    3806   -0.673869
    3807   -0.670607
    3808   -0.670607
    3809   -0.667069
    3810   -0.667069
    3811   -0.663103
    3812   -0.663103
    3813   -0.659243
    3814   -0.659243
    3815   -0.655541
    3816   -0.655541
    3817   -0.651417
    3818   -0.651417
    3819   -0.646830
    3820   -0.646830
    3821   -0.642401
    3822   -0.642401
    3823   -0.638237
    3824   -0.638237
    3825   -0.633655
    3826   -0.633655
    3827   -0.628420
    3828   -0.628420
    3829   -0.623146
    3830   -0.623146
    3831   -0.617795
    3832   -0.617795
    3833   -0.611476
    3834   -0.611476
    3835   -0.604279
    3836   -0.604279
    3837   -0.597172
    3838   -0.597172
    3839   -0.590043
    3840   -0.590043
    3841   -0.581946
    3842   -0.581946
    3843   -0.572973
    3844   -0.572973
    3845   -0.563992
    3846   -0.563992
    3847   -0.554814
    3848   -0.554814
    3849   -0.544283
    3850   -0.544283
    3851   -0.532644
    3852   -0.532644
    3853   -0.521494
    3854   -0.521494
    3855   -0.510815
    3856   -0.510815
    3857   -0.499211
    3858   -0.499211
    3859   -0.486606
    3860   -0.486606
    3861   -0.473948
    3862   -0.473948
    3863   -0.460991
    3864   -0.460991
    3865   -0.446360
    3866   -0.446360
    3867   -0.430123
    3868   -0.430123
    3869   -0.413849
    3870   -0.413849
    3871   -0.397460
    3872   -0.397460
    3873   -0.379233
    3874   -0.379233
    3875   -0.359302
    3876   -0.359302
    3877   -0.339536
    3878   -0.339536
    3879   -0.319050
    3880   -0.319050
    3881   -0.294703
    3882   -0.294703
    3883   -0.267864
    3884   -0.267864
    3885   -0.242218
    3886   -0.242218
    3887   -0.217825
    3888   -0.217825
    3889   -0.190924
    3890   -0.190924
    3891   -0.159588
    3892   -0.159588
    3893   -0.127406
    3894   -0.127406
    3895   -0.095189
    3896   -0.095189
    3897   -0.059186
    3898   -0.059186
    3899   -0.019332
    3900   -0.019332
    3901    0.020643
    3902    0.020643
    3903    0.060847
    3904    0.060847
    3905    0.105317
    3906    0.105317
    3907    0.153831
    3908    0.153831
    3909    0.201954
    3910    0.201954
    3911    0.250186
    3912    0.250186
    3913    0.303974
    3914    0.303974
    3915    0.363155
    3916    0.363155
    3917    0.421875
    3918    0.421875
    3919    0.480191
    3920    0.480191
    3921    0.544350
    3922    0.544350
    3923    0.614512
    3924    0.614512
    3925    0.684403
    3926    0.684403
    3927    0.754144
    3928    0.754144
    3929    0.830854
    3930    0.830854
    3931    0.914831
    3932    0.914831
    3933    0.998455
    3934    0.998455
    3935    1.081961
    3936    1.081961
    3937    1.174233
    3938    1.174233
    3939    1.275829
    3940    1.275829
    3941    1.378751
    3942    1.378751
    3943    1.482989
    3944    1.482989
    3945    1.596637
    3946    1.596637
    3947    1.719868
    3948    1.719868
    3949    1.844076
    3950    1.844076
    3951    1.965738
    3952    1.965738
    3953    2.084966
    3954    2.084966
    3955    2.191803
    3956    2.191803
    3957    2.259058
    3958    2.259058
    3959    2.278770
    3960    2.278770
