       1    0.001877
       2    0.001877
       3    0.001895
       4    0.001895
       5    0.001896
       6    0.001896
       7    0.001776
       8    0.001776
       9    0.001562
      10    0.001562
      11    0.001504
      12    0.001504
      13    0.001643
      14    0.001643
      15    0.001836
      16    0.001836
      17    0.002012
      18    0.002012
      19    0.002133
      20    0.002133
      21    0.002207
      22    0.002207
      23    0.002263
      24    0.002263
      25    0.002318
      26    0.002318
      27    0.002370
      28    0.002370
      29    0.002409
      30    0.002409
      31    0.002445
      32    0.002445
      33    0.002491
      34    0.002491
      35    0.002535
      36    0.002535
      37    0.002557
      38    0.002557
      39    0.002561
      40    0.002561
      41    0.002565
      42    0.002565
      43    0.002579
      44    0.002579
      45    0.002602
      46    0.002602
      47    0.002632
      48    0.002632
      49    0.002664
      50    0.002664
      51    0.002691
      52    0.002691
      53    0.002709
      54    0.002709
      55    0.002720
      56    0.002720
      57    0.002720
      58    0.002720
      59    0.002715
      60    0.002715
      61    0.002716
      62    0.002716
      63    0.002724
      64    0.002724
      65    0.002732
      66    0.002732
      67    0.002734
      68    0.002734
      69    0.002730
      70    0.002730
      71    0.002726
      72    0.002726
      73    0.002722
      74    0.002722
      75    0.002724
      76    0.002724
      77    0.002740
      78    0.002740
      79    0.002753
      80    0.002753
      81    0.002750
      82    0.002750
      83    0.002748
      84    0.002748
      85    0.002764
      86    0.002764
      87    0.002773
      88    0.002773
      89    0.002748
      90    0.002748
      91    0.002715
      92    0.002715
      93    0.002684
      94    0.002684
      95    0.002655
      96    0.002655
      97    0.002641
      98    0.002641
      99    0.002640
     100    0.002640
     101    0.002639
     102    0.002639
     103    0.002639
     104    0.002639
     105    0.002638
     106    0.002638
     107    0.002625
     108    0.002625
     109    0.002610
     110    0.002610
     111    0.002603
     112    0.002603
     113    0.002588
     114    0.002588
     115    0.002563
     116    0.002563
     117    0.002540
     118    0.002540
     119    0.002544
     120    0.002544
     121    0.002592
     122    0.002592
     123    0.002653
     124    0.002653
     125    0.002713
     126    0.002713
     127    0.002770
     128    0.002770
     129    0.002818
     130    0.002818
     131    0.002854
     132    0.002854
     133    0.002881
     134    0.002881
     135    0.002902
     136    0.002902
     137    0.002925
     138    0.002925
     139    0.002955
     140    0.002955
     141    0.002983
     142    0.002983
     143    0.003002
     144    0.003002
     145    0.003016
     146    0.003016
     147    0.003034
     148    0.003034
     149    0.003057
     150    0.003057
     151    0.003066
     152    0.003066
     153    0.003060
     154    0.003060
     155    0.003054
     156    0.003054
     157    0.003049
     158    0.003049
     159    0.003030
     160    0.003030
     161    0.002992
     162    0.002992
     163    0.002942
     164    0.002942
     165    0.002867
     166    0.002867
     167    0.002751
     168    0.002751
     169    0.002596
     170    0.002596
     171    0.002395
     172    0.002395
     173    0.002108
     174    0.002108
     175    0.001701
     176    0.001701
     177    0.001220
     178    0.001220
     179    0.000758
     180    0.000758
     181    0.000322
     182    0.000322
     183   -0.000143
     184   -0.000143
     185   -0.000680
     186   -0.000680
     187   -0.001250
     188   -0.001250
     189   -0.001794
     190   -0.001794
     191   -0.002015
     192   -0.002015
     193   -0.002220
     194   -0.002220
     195   -0.003233
     196   -0.003233
     197   -0.004357
     198   -0.004357
     199    0.005334
     200    0.005334
     201    0.005487
     202    0.005487
     203    0.005626
     204    0.005626
     205    0.005449
     206    0.005449
     207    0.005042
     208    0.005042
     209    0.004991
     210    0.004991
     211    0.005396
     212    0.005396
     213    0.005909
     214    0.005909
     215    0.006355
     216    0.006355
     217    0.006652
     218    0.006652
     219    0.006831
     220    0.006831
     221    0.006976
     222    0.006976
     223    0.007122
     224    0.007122
     225    0.007253
     226    0.007253
     227    0.007346
     228    0.007346
     229    0.007441
     230    0.007441
     231    0.007567
     232    0.007567
     233    0.007679
     234    0.007679
     235    0.007728
     236    0.007728
     237    0.007730
     238    0.007730
     239    0.007741
     240    0.007741
     241    0.007776
     242    0.007776
     243    0.007838
     244    0.007838
     245    0.007925
     246    0.007925
     247    0.008018
     248    0.008018
     249    0.008087
     250    0.008087
     251    0.008133
     252    0.008133
     253    0.008166
     254    0.008166
     255    0.008172
     256    0.008172
     257    0.008158
     258    0.008158
     259    0.008154
     260    0.008154
     261    0.008164
     262    0.008164
     263    0.008173
     264    0.008173
     265    0.008173
     266    0.008173
     267    0.008161
     268    0.008161
     269    0.008148
     270    0.008148
     271    0.008135
     272    0.008135
     273    0.008142
     274    0.008142
     275    0.008185
     276    0.008185
     277    0.008219
     278    0.008219
     279    0.008222
     280    0.008222
     281    0.008231
     282    0.008231
     283    0.008272
     284    0.008272
     285    0.008272
     286    0.008272
     287    0.008199
     288    0.008199
     289    0.008113
     290    0.008113
     291    0.008034
     292    0.008034
     293    0.007965
     294    0.007965
     295    0.007930
     296    0.007930
     297    0.007917
     298    0.007917
     299    0.007906
     300    0.007906
     301    0.007899
     302    0.007899
     303    0.007888
     304    0.007888
     305    0.007847
     306    0.007847
     307    0.007805
     308    0.007805
     309    0.007782
     310    0.007782
     311    0.007742
     312    0.007742
     313    0.007673
     314    0.007673
     315    0.007599
     316    0.007599
     317    0.007597
     318    0.007597
     319    0.007717
     320    0.007717
     321    0.007889
     322    0.007889
     323    0.008057
     324    0.008057
     325    0.008214
     326    0.008214
     327    0.008347
     328    0.008347
     329    0.008453
     330    0.008453
     331    0.008536
     332    0.008536
     333    0.008604
     334    0.008604
     335    0.008675
     336    0.008675
     337    0.008764
     338    0.008764
     339    0.008853
     340    0.008853
     341    0.008913
     342    0.008913
     343    0.008955
     344    0.008955
     345    0.009011
     346    0.009011
     347    0.009074
     348    0.009074
     349    0.009093
     350    0.009093
     351    0.009073
     352    0.009073
     353    0.009064
     354    0.009064
     355    0.009060
     356    0.009060
     357    0.009000
     358    0.009000
     359    0.008874
     360    0.008874
     361    0.008728
     362    0.008728
     363    0.008536
     364    0.008536
     365    0.008224
     366    0.008224
     367    0.007785
     368    0.007785
     369    0.007240
     370    0.007240
     371    0.006481
     372    0.006481
     373    0.005358
     374    0.005358
     375    0.003999
     376    0.003999
     377    0.002735
     378    0.002735
     379    0.001611
     380    0.001611
     381    0.000419
     382    0.000419
     383   -0.000958
     384   -0.000958
     385   -0.002402
     386   -0.002402
     387   -0.003758
     388   -0.003758
     389   -0.004389
     390   -0.004389
     391   -0.004780
     392   -0.004780
     393   -0.006257
     394   -0.006257
     395   -0.007564
     396   -0.007564
     397    0.008328
     398    0.008328
     399    0.008795
     400    0.008795
     401    0.009319
     402    0.009319
     403    0.009489
     404    0.009489
     405    0.009468
     406    0.009468
     407    0.009746
     408    0.009746
     409    0.010414
     410    0.010414
     411    0.011106
     412    0.011106
     413    0.011629
     414    0.011629
     415    0.011942
     416    0.011942
     417    0.012124
     418    0.012124
     419    0.012309
     420    0.012309
     421    0.012522
     422    0.012522
     423    0.012689
     424    0.012689
     425    0.012789
     426    0.012789
     427    0.012912
     428    0.012912
     429    0.013081
     430    0.013081
     431    0.013207
     432    0.013207
     433    0.013235
     434    0.013235
     435    0.013224
     436    0.013224
     437    0.013246
     438    0.013246
     439    0.013304
     440    0.013304
     441    0.013397
     442    0.013397
     443    0.013531
     444    0.013531
     445    0.013664
     446    0.013664
     447    0.013751
     448    0.013751
     449    0.013808
     450    0.013808
     451    0.013859
     452    0.013859
     453    0.013876
     454    0.013876
     455    0.013852
     456    0.013852
     457    0.013820
     458    0.013820
     459    0.013792
     460    0.013792
     461    0.013760
     462    0.013760
     463    0.013735
     464    0.013735
     465    0.013719
     466    0.013719
     467    0.013699
     468    0.013699
     469    0.013675
     470    0.013675
     471    0.013689
     472    0.013689
     473    0.013747
     474    0.013747
     475    0.013797
     476    0.013797
     477    0.013831
     478    0.013831
     479    0.013875
     480    0.013875
     481    0.013919
     482    0.013919
     483    0.013887
     484    0.013887
     485    0.013771
     486    0.013771
     487    0.013654
     488    0.013654
     489    0.013560
     490    0.013560
     491    0.013483
     492    0.013483
     493    0.013429
     494    0.013429
     495    0.013389
     496    0.013389
     497    0.013354
     498    0.013354
     499    0.013327
     500    0.013327
     501    0.013289
     502    0.013289
     503    0.013225
     504    0.013225
     505    0.013165
     506    0.013165
     507    0.013124
     508    0.013124
     509    0.013063
     510    0.013063
     511    0.012964
     512    0.012964
     513    0.012843
     514    0.012843
     515    0.012811
     516    0.012811
     517    0.012959
     518    0.012959
     519    0.013206
     520    0.013206
     521    0.013458
     522    0.013458
     523    0.013685
     524    0.013685
     525    0.013882
     526    0.013882
     527    0.014055
     528    0.014055
     529    0.014205
     530    0.014205
     531    0.014327
     532    0.014327
     533    0.014440
     534    0.014440
     535    0.014589
     536    0.014589
     537    0.014755
     538    0.014755
     539    0.014864
     540    0.014864
     541    0.014921
     542    0.014921
     543    0.015007
     544    0.015007
     545    0.015111
     546    0.015111
     547    0.015129
     548    0.015129
     549    0.015074
     550    0.015074
     551    0.015066
     552    0.015066
     553    0.015085
     554    0.015085
     555    0.014963
     556    0.014963
     557    0.014699
     558    0.014699
     559    0.014462
     560    0.014462
     561    0.014225
     562    0.014225
     563    0.013780
     564    0.013780
     565    0.013101
     566    0.013101
     567    0.012337
     568    0.012337
     569    0.011342
     570    0.011342
     571    0.009705
     572    0.009705
     573    0.007616
     574    0.007616
     575    0.005839
     576    0.005839
     577    0.004475
     578    0.004475
     579    0.003011
     580    0.003011
     581    0.001256
     582    0.001256
     583   -0.000587
     584   -0.000587
     585   -0.002402
     586   -0.002402
     587   -0.003934
     588   -0.003934
     589   -0.005118
     590   -0.005118
     591   -0.005765
     592   -0.005765
     593   -0.005401
     594   -0.005401
     595    0.011450
     596    0.011450
     597    0.012243
     598    0.012243
     599    0.013169
     600    0.013169
     601    0.013817
     602    0.013817
     603    0.014407
     604    0.014407
     605    0.015107
     606    0.015107
     607    0.015957
     608    0.015957
     609    0.016691
     610    0.016691
     611    0.017159
     612    0.017159
     613    0.017404
     614    0.017404
     615    0.017551
     616    0.017551
     617    0.017774
     618    0.017774
     619    0.018059
     620    0.018059
     621    0.018255
     622    0.018255
     623    0.018354
     624    0.018354
     625    0.018479
     626    0.018479
     627    0.018644
     628    0.018644
     629    0.018732
     630    0.018732
     631    0.018715
     632    0.018715
     633    0.018703
     634    0.018703
     635    0.018764
     636    0.018764
     637    0.018869
     638    0.018869
     639    0.019004
     640    0.019004
     641    0.019172
     642    0.019172
     643    0.019327
     644    0.019327
     645    0.019426
     646    0.019426
     647    0.019485
     648    0.019485
     649    0.019533
     650    0.019533
     651    0.019542
     652    0.019542
     653    0.019494
     654    0.019494
     655    0.019421
     656    0.019421
     657    0.019338
     658    0.019338
     659    0.019250
     660    0.019250
     661    0.019197
     662    0.019197
     663    0.019188
     664    0.019188
     665    0.019178
     666    0.019178
     667    0.019156
     668    0.019156
     669    0.019168
     670    0.019168
     671    0.019228
     672    0.019228
     673    0.019297
     674    0.019297
     675    0.019358
     676    0.019358
     677    0.019415
     678    0.019415
     679    0.019441
     680    0.019441
     681    0.019385
     682    0.019385
     683    0.019249
     684    0.019249
     685    0.019122
     686    0.019122
     687    0.019046
     688    0.019046
     689    0.018982
     690    0.018982
     691    0.018905
     692    0.018905
     693    0.018830
     694    0.018830
     695    0.018767
     696    0.018767
     697    0.018705
     698    0.018705
     699    0.018632
     700    0.018632
     701    0.018556
     702    0.018556
     703    0.018489
     704    0.018489
     705    0.018427
     706    0.018427
     707    0.018347
     708    0.018347
     709    0.018228
     710    0.018228
     711    0.018093
     712    0.018093
     713    0.018055
     714    0.018055
     715    0.018202
     716    0.018202
     717    0.018478
     718    0.018478
     719    0.018781
     720    0.018781
     721    0.019055
     722    0.019055
     723    0.019302
     724    0.019302
     725    0.019538
     726    0.019538
     727    0.019747
     728    0.019747
     729    0.019906
     730    0.019906
     731    0.020047
     732    0.020047
     733    0.020238
     734    0.020238
     735    0.020462
     736    0.020462
     737    0.020601
     738    0.020601
     739    0.020652
     740    0.020652
     741    0.020748
     742    0.020748
     743    0.020884
     744    0.020884
     745    0.020896
     746    0.020896
     747    0.020796
     748    0.020796
     749    0.020774
     750    0.020774
     751    0.020803
     752    0.020803
     753    0.020609
     754    0.020609
     755    0.020204
     756    0.020204
     757    0.019894
     758    0.019894
     759    0.019651
     760    0.019651
     761    0.019128
     762    0.019128
     763    0.018289
     764    0.018289
     765    0.017435
     766    0.017435
     767    0.016392
     768    0.016392
     769    0.014489
     770    0.014489
     771    0.011963
     772    0.011963
     773    0.010003
     774    0.010003
     775    0.008766
     776    0.008766
     777    0.007403
     778    0.007403
     779    0.005734
     780    0.005734
     781    0.003989
     782    0.003989
     783    0.002018
     784    0.002018
     785   -0.000739
     786   -0.000739
     787   -0.003545
     788   -0.003545
     789   -0.004311
     790   -0.004311
     791   -0.003481
     792   -0.003481
     793    0.015479
     794    0.015479
     795    0.016438
     796    0.016438
     797    0.017547
     798    0.017547
     799    0.018289
     800    0.018289
     801    0.018913
     802    0.018913
     803    0.019594
     804    0.019594
     805    0.020387
     806    0.020387
     807    0.021050
     808    0.021050
     809    0.021464
     810    0.021464
     811    0.021716
     812    0.021716
     813    0.021931
     814    0.021931
     815    0.022258
     816    0.022258
     817    0.022647
     818    0.022647
     819    0.022914
     820    0.022914
     821    0.023047
     822    0.023047
     823    0.023166
     824    0.023166
     825    0.023290
     826    0.023290
     827    0.023350
     828    0.023350
     829    0.023352
     830    0.023352
     831    0.023394
     832    0.023394
     833    0.023518
     834    0.023518
     835    0.023687
     836    0.023687
     837    0.023868
     838    0.023868
     839    0.024060
     840    0.024060
     841    0.024243
     842    0.024243
     843    0.024377
     844    0.024377
     845    0.024451
     846    0.024451
     847    0.024474
     848    0.024474
     849    0.024449
     850    0.024449
     851    0.024383
     852    0.024383
     853    0.024299
     854    0.024299
     855    0.024211
     856    0.024211
     857    0.024138
     858    0.024138
     859    0.024114
     860    0.024114
     861    0.024130
     862    0.024130
     863    0.024141
     864    0.024141
     865    0.024136
     866    0.024136
     867    0.024146
     868    0.024146
     869    0.024196
     870    0.024196
     871    0.024248
     872    0.024248
     873    0.024272
     874    0.024272
     875    0.024280
     876    0.024280
     877    0.024266
     878    0.024266
     879    0.024200
     880    0.024200
     881    0.024083
     882    0.024083
     883    0.023980
     884    0.023980
     885    0.023930
     886    0.023930
     887    0.023879
     888    0.023879
     889    0.023787
     890    0.023787
     891    0.023685
     892    0.023685
     893    0.023590
     894    0.023590
     895    0.023485
     896    0.023485
     897    0.023376
     898    0.023376
     899    0.023284
     900    0.023284
     901    0.023203
     902    0.023203
     903    0.023118
     904    0.023118
     905    0.023016
     906    0.023016
     907    0.022890
     908    0.022890
     909    0.022778
     910    0.022778
     911    0.022767
     912    0.022767
     913    0.022912
     914    0.022912
     915    0.023182
     916    0.023182
     917    0.023498
     918    0.023498
     919    0.023810
     920    0.023810
     921    0.024113
     922    0.024113
     923    0.024393
     924    0.024393
     925    0.024627
     926    0.024627
     927    0.024799
     928    0.024799
     929    0.024946
     930    0.024946
     931    0.025136
     932    0.025136
     933    0.025346
     934    0.025346
     935    0.025471
     936    0.025471
     937    0.025518
     938    0.025518
     939    0.025609
     940    0.025609
     941    0.025735
     942    0.025735
     943    0.025755
     944    0.025755
     945    0.025671
     946    0.025671
     947    0.025636
     948    0.025636
     949    0.025622
     950    0.025622
     951    0.025400
     952    0.025400
     953    0.024989
     954    0.024989
     955    0.024656
     956    0.024656
     957    0.024373
     958    0.024373
     959    0.023818
     960    0.023818
     961    0.022960
     962    0.022960
     963    0.022078
     964    0.022078
     965    0.021009
     966    0.021009
     967    0.019129
     968    0.019129
     969    0.016661
     970    0.016661
     971    0.014728
     972    0.014728
     973    0.013494
     974    0.013494
     975    0.012186
     976    0.012186
     977    0.010909
     978    0.010909
     979    0.009734
     980    0.009734
     981    0.007928
     982    0.007928
     983    0.004878
     984    0.004878
     985    0.001528
     986    0.001528
     987    0.000049
     988    0.000049
     989    0.000016
     990    0.000016
     991    0.020633
     992    0.020633
     993    0.021698
     994    0.021698
     995    0.022914
     996    0.022914
     997    0.023509
     998    0.023509
     999    0.023737
    1000    0.023737
    1001    0.024086
    1002    0.024086
    1003    0.024672
    1004    0.024672
    1005    0.025208
    1006    0.025208
    1007    0.025587
    1008    0.025587
    1009    0.025893
    1010    0.025893
    1011    0.026220
    1012    0.026220
    1013    0.026643
    1014    0.026643
    1015    0.027106
    1016    0.027106
    1017    0.027438
    1018    0.027438
    1019    0.027609
    1020    0.027609
    1021    0.027715
    1022    0.027715
    1023    0.027812
    1024    0.027812
    1025    0.027908
    1026    0.027908
    1027    0.028007
    1028    0.028007
    1029    0.028137
    1030    0.028137
    1031    0.028313
    1032    0.028313
    1033    0.028511
    1034    0.028511
    1035    0.028702
    1036    0.028702
    1037    0.028896
    1038    0.028896
    1039    0.029097
    1040    0.029097
    1041    0.029266
    1042    0.029266
    1043    0.029366
    1044    0.029366
    1045    0.029390
    1046    0.029390
    1047    0.029360
    1048    0.029360
    1049    0.029313
    1050    0.029313
    1051    0.029264
    1052    0.029264
    1053    0.029228
    1054    0.029228
    1055    0.029238
    1056    0.029238
    1057    0.029289
    1058    0.029289
    1059    0.029336
    1060    0.029336
    1061    0.029348
    1062    0.029348
    1063    0.029350
    1064    0.029350
    1065    0.029365
    1066    0.029365
    1067    0.029383
    1068    0.029383
    1069    0.029370
    1070    0.029370
    1071    0.029315
    1072    0.029315
    1073    0.029251
    1074    0.029251
    1075    0.029185
    1076    0.029185
    1077    0.029109
    1078    0.029109
    1079    0.029031
    1080    0.029031
    1081    0.028967
    1082    0.028967
    1083    0.028920
    1084    0.028920
    1085    0.028858
    1086    0.028858
    1087    0.028760
    1088    0.028760
    1089    0.028646
    1090    0.028646
    1091    0.028521
    1092    0.028521
    1093    0.028376
    1094    0.028376
    1095    0.028230
    1096    0.028230
    1097    0.028111
    1098    0.028111
    1099    0.028006
    1100    0.028006
    1101    0.027895
    1102    0.027895
    1103    0.027772
    1104    0.027772
    1105    0.027648
    1106    0.027648
    1107    0.027552
    1108    0.027552
    1109    0.027541
    1110    0.027541
    1111    0.027668
    1112    0.027668
    1113    0.027926
    1114    0.027926
    1115    0.028252
    1116    0.028252
    1117    0.028606
    1118    0.028606
    1119    0.028962
    1120    0.028962
    1121    0.029274
    1122    0.029274
    1123    0.029528
    1124    0.029528
    1125    0.029724
    1126    0.029724
    1127    0.029885
    1128    0.029885
    1129    0.030064
    1130    0.030064
    1131    0.030240
    1132    0.030240
    1133    0.030354
    1134    0.030354
    1135    0.030426
    1136    0.030426
    1137    0.030525
    1138    0.030525
    1139    0.030636
    1140    0.030636
    1141    0.030692
    1142    0.030692
    1143    0.030690
    1144    0.030690
    1145    0.030674
    1146    0.030674
    1147    0.030618
    1148    0.030618
    1149    0.030426
    1150    0.030426
    1151    0.030113
    1152    0.030113
    1153    0.029804
    1154    0.029804
    1155    0.029465
    1156    0.029465
    1157    0.028897
    1158    0.028897
    1159    0.028075
    1160    0.028075
    1161    0.027152
    1162    0.027152
    1163    0.026025
    1164    0.026025
    1165    0.024338
    1166    0.024338
    1167    0.022228
    1168    0.022228
    1169    0.020338
    1170    0.020338
    1171    0.018803
    1172    0.018803
    1173    0.017240
    1174    0.017240
    1175    0.016106
    1176    0.016106
    1177    0.015225
    1178    0.015225
    1179    0.013405
    1180    0.013405
    1181    0.010791
    1182    0.010791
    1183    0.008090
    1184    0.008090
    1185    0.006060
    1186    0.006060
    1187    0.004939
    1188    0.004939
    1189    0.026801
    1190    0.026801
    1191    0.028028
    1192    0.028028
    1193    0.029478
    1194    0.029478
    1195    0.030249
    1196    0.030249
    1197    0.030583
    1198    0.030583
    1199    0.030942
    1200    0.030942
    1201    0.031441
    1202    0.031441
    1203    0.031874
    1204    0.031874
    1205    0.032190
    1206    0.032190
    1207    0.032483
    1208    0.032483
    1209    0.032806
    1210    0.032806
    1211    0.033168
    1212    0.033168
    1213    0.033538
    1214    0.033538
    1215    0.033829
    1216    0.033829
    1217    0.034005
    1218    0.034005
    1219    0.034118
    1220    0.034118
    1221    0.034231
    1222    0.034231
    1223    0.034385
    1224    0.034385
    1225    0.034566
    1226    0.034566
    1227    0.034743
    1228    0.034743
    1229    0.034917
    1230    0.034917
    1231    0.035096
    1232    0.035096
    1233    0.035267
    1234    0.035267
    1235    0.035435
    1236    0.035435
    1237    0.035605
    1238    0.035605
    1239    0.035752
    1240    0.035752
    1241    0.035855
    1242    0.035855
    1243    0.035915
    1244    0.035915
    1245    0.035946
    1246    0.035946
    1247    0.035965
    1248    0.035965
    1249    0.035980
    1250    0.035980
    1251    0.036000
    1252    0.036000
    1253    0.036053
    1254    0.036053
    1255    0.036127
    1256    0.036127
    1257    0.036174
    1258    0.036174
    1259    0.036176
    1260    0.036176
    1261    0.036169
    1262    0.036169
    1263    0.036173
    1264    0.036173
    1265    0.036157
    1266    0.036157
    1267    0.036094
    1268    0.036094
    1269    0.035997
    1270    0.035997
    1271    0.035894
    1272    0.035894
    1273    0.035795
    1274    0.035795
    1275    0.035705
    1276    0.035705
    1277    0.035636
    1278    0.035636
    1279    0.035574
    1280    0.035574
    1281    0.035500
    1282    0.035500
    1283    0.035409
    1284    0.035409
    1285    0.035305
    1286    0.035305
    1287    0.035185
    1288    0.035185
    1289    0.035040
    1290    0.035040
    1291    0.034868
    1292    0.034868
    1293    0.034693
    1294    0.034693
    1295    0.034549
    1296    0.034549
    1297    0.034428
    1298    0.034428
    1299    0.034302
    1300    0.034302
    1301    0.034168
    1302    0.034168
    1303    0.034043
    1304    0.034043
    1305    0.033934
    1306    0.033934
    1307    0.033876
    1308    0.033876
    1309    0.033958
    1310    0.033958
    1311    0.034229
    1312    0.034229
    1313    0.034616
    1314    0.034616
    1315    0.035016
    1316    0.035016
    1317    0.035386
    1318    0.035386
    1319    0.035741
    1320    0.035741
    1321    0.036080
    1322    0.036080
    1323    0.036355
    1324    0.036355
    1325    0.036562
    1326    0.036562
    1327    0.036770
    1328    0.036770
    1329    0.036985
    1330    0.036985
    1331    0.037150
    1332    0.037150
    1333    0.037280
    1334    0.037280
    1335    0.037431
    1336    0.037431
    1337    0.037591
    1338    0.037591
    1339    0.037702
    1340    0.037702
    1341    0.037754
    1342    0.037754
    1343    0.037771
    1344    0.037771
    1345    0.037732
    1346    0.037732
    1347    0.037568
    1348    0.037568
    1349    0.037302
    1350    0.037302
    1351    0.037030
    1352    0.037030
    1353    0.036699
    1354    0.036699
    1355    0.036108
    1356    0.036108
    1357    0.035243
    1358    0.035243
    1359    0.034256
    1360    0.034256
    1361    0.033121
    1362    0.033121
    1363    0.031653
    1364    0.031653
    1365    0.029875
    1366    0.029875
    1367    0.028031
    1368    0.028031
    1369    0.026295
    1370    0.026295
    1371    0.024478
    1372    0.024478
    1373    0.022769
    1374    0.022769
    1375    0.021147
    1376    0.021147
    1377    0.018872
    1378    0.018872
    1379    0.016333
    1380    0.016333
    1381    0.013785
    1382    0.013785
    1383    0.011134
    1384    0.011134
    1385    0.009184
    1386    0.009184
    1387    0.034261
    1388    0.034261
    1389    0.035541
    1390    0.035541
    1391    0.037106
    1392    0.037106
    1393    0.038189
    1394    0.038189
    1395    0.039008
    1396    0.039008
    1397    0.039664
    1398    0.039664
    1399    0.040202
    1400    0.040202
    1401    0.040600
    1402    0.040600
    1403    0.040884
    1404    0.040884
    1405    0.041162
    1406    0.041162
    1407    0.041454
    1408    0.041454
    1409    0.041705
    1410    0.041705
    1411    0.041921
    1412    0.041921
    1413    0.042136
    1414    0.042136
    1415    0.042337
    1416    0.042337
    1417    0.042503
    1418    0.042503
    1419    0.042656
    1420    0.042656
    1421    0.042844
    1422    0.042844
    1423    0.043055
    1424    0.043055
    1425    0.043236
    1426    0.043236
    1427    0.043380
    1428    0.043380
    1429    0.043527
    1430    0.043527
    1431    0.043681
    1432    0.043681
    1433    0.043821
    1434    0.043821
    1435    0.043940
    1436    0.043940
    1437    0.044032
    1438    0.044032
    1439    0.044106
    1440    0.044106
    1441    0.044184
    1442    0.044184
    1443    0.044274
    1444    0.044274
    1445    0.044355
    1446    0.044355
    1447    0.044409
    1448    0.044409
    1449    0.044440
    1450    0.044440
    1451    0.044461
    1452    0.044461
    1453    0.044471
    1454    0.044471
    1455    0.044462
    1456    0.044462
    1457    0.044441
    1458    0.044441
    1459    0.044425
    1460    0.044425
    1461    0.044416
    1462    0.044416
    1463    0.044390
    1464    0.044390
    1465    0.044326
    1466    0.044326
    1467    0.044233
    1468    0.044233
    1469    0.044133
    1470    0.044133
    1471    0.044031
    1472    0.044031
    1473    0.043929
    1474    0.043929
    1475    0.043838
    1476    0.043838
    1477    0.043748
    1478    0.043748
    1479    0.043644
    1480    0.043644
    1481    0.043537
    1482    0.043537
    1483    0.043433
    1484    0.043433
    1485    0.043313
    1486    0.043313
    1487    0.043162
    1488    0.043162
    1489    0.042987
    1490    0.042987
    1491    0.042808
    1492    0.042808
    1493    0.042663
    1494    0.042663
    1495    0.042550
    1496    0.042550
    1497    0.042433
    1498    0.042433
    1499    0.042302
    1500    0.042302
    1501    0.042173
    1502    0.042173
    1503    0.042053
    1504    0.042053
    1505    0.041971
    1506    0.041971
    1507    0.042044
    1508    0.042044
    1509    0.042374
    1510    0.042374
    1511    0.042871
    1512    0.042871
    1513    0.043333
    1514    0.043333
    1515    0.043717
    1516    0.043717
    1517    0.044155
    1518    0.044155
    1519    0.044653
    1520    0.044653
    1521    0.045065
    1522    0.045065
    1523    0.045357
    1524    0.045357
    1525    0.045649
    1526    0.045649
    1527    0.045980
    1528    0.045980
    1529    0.046272
    1530    0.046272
    1531    0.046516
    1532    0.046516
    1533    0.046781
    1534    0.046781
    1535    0.047054
    1536    0.047054
    1537    0.047240
    1538    0.047240
    1539    0.047318
    1540    0.047318
    1541    0.047368
    1542    0.047368
    1543    0.047377
    1544    0.047377
    1545    0.047223
    1546    0.047223
    1547    0.046939
    1548    0.046939
    1549    0.046680
    1550    0.046680
    1551    0.046383
    1552    0.046383
    1553    0.045768
    1554    0.045768
    1555    0.044818
    1556    0.044818
    1557    0.043777
    1558    0.043777
    1559    0.042680
    1560    0.042680
    1561    0.041362
    1562    0.041362
    1563    0.039759
    1564    0.039759
    1565    0.037937
    1566    0.037937
    1567    0.036175
    1568    0.036175
    1569    0.034212
    1570    0.034212
    1571    0.031559
    1572    0.031559
    1573    0.028669
    1574    0.028669
    1575    0.025750
    1576    0.025750
    1577    0.022727
    1578    0.022727
    1579    0.019420
    1580    0.019420
    1581    0.015811
    1582    0.015811
    1583    0.013072
    1584    0.013072
    1585    0.043379
    1586    0.043379
    1587    0.044420
    1588    0.044420
    1589    0.045678
    1590    0.045678
    1591    0.046560
    1592    0.046560
    1593    0.047269
    1594    0.047269
    1595    0.047878
    1596    0.047878
    1597    0.048428
    1598    0.048428
    1599    0.048929
    1600    0.048929
    1601    0.049387
    1602    0.049387
    1603    0.049828
    1604    0.049828
    1605    0.050238
    1606    0.050238
    1607    0.050565
    1608    0.050565
    1609    0.050823
    1610    0.050823
    1611    0.051087
    1612    0.051087
    1613    0.051377
    1614    0.051377
    1615    0.051651
    1616    0.051651
    1617    0.051898
    1618    0.051898
    1619    0.052138
    1620    0.052138
    1621    0.052376
    1622    0.052376
    1623    0.052586
    1624    0.052586
    1625    0.052756
    1626    0.052756
    1627    0.052914
    1628    0.052914
    1629    0.053064
    1630    0.053064
    1631    0.053184
    1632    0.053184
    1633    0.053269
    1634    0.053269
    1635    0.053328
    1636    0.053328
    1637    0.053371
    1638    0.053371
    1639    0.053411
    1640    0.053411
    1641    0.053462
    1642    0.053462
    1643    0.053507
    1644    0.053507
    1645    0.053517
    1646    0.053517
    1647    0.053491
    1648    0.053491
    1649    0.053432
    1650    0.053432
    1651    0.053346
    1652    0.053346
    1653    0.053256
    1654    0.053256
    1655    0.053189
    1656    0.053189
    1657    0.053152
    1658    0.053152
    1659    0.053136
    1660    0.053136
    1661    0.053118
    1662    0.053118
    1663    0.053069
    1664    0.053069
    1665    0.052995
    1666    0.052995
    1667    0.052916
    1668    0.052916
    1669    0.052827
    1670    0.052827
    1671    0.052726
    1672    0.052726
    1673    0.052627
    1674    0.052627
    1675    0.052529
    1676    0.052529
    1677    0.052425
    1678    0.052425
    1679    0.052326
    1680    0.052326
    1681    0.052234
    1682    0.052234
    1683    0.052126
    1684    0.052126
    1685    0.052000
    1686    0.052000
    1687    0.051865
    1688    0.051865
    1689    0.051733
    1690    0.051733
    1691    0.051622
    1692    0.051622
    1693    0.051527
    1694    0.051527
    1695    0.051409
    1696    0.051409
    1697    0.051263
    1698    0.051263
    1699    0.051123
    1700    0.051123
    1701    0.051012
    1702    0.051012
    1703    0.050957
    1704    0.050957
    1705    0.051072
    1706    0.051072
    1707    0.051467
    1708    0.051467
    1709    0.052054
    1710    0.052054
    1711    0.052603
    1712    0.052603
    1713    0.053074
    1714    0.053074
    1715    0.053638
    1716    0.053638
    1717    0.054302
    1718    0.054302
    1719    0.054897
    1720    0.054897
    1721    0.055378
    1722    0.055378
    1723    0.055849
    1724    0.055849
    1725    0.056351
    1726    0.056351
    1727    0.056834
    1728    0.056834
    1729    0.057281
    1730    0.057281
    1731    0.057726
    1732    0.057726
    1733    0.058149
    1734    0.058149
    1735    0.058458
    1736    0.058458
    1737    0.058643
    1738    0.058643
    1739    0.058788
    1740    0.058788
    1741    0.058885
    1742    0.058885
    1743    0.058812
    1744    0.058812
    1745    0.058581
    1746    0.058581
    1747    0.058339
    1748    0.058339
    1749    0.058040
    1750    0.058040
    1751    0.057435
    1752    0.057435
    1753    0.056502
    1754    0.056502
    1755    0.055466
    1756    0.055466
    1757    0.054351
    1758    0.054351
    1759    0.052970
    1760    0.052970
    1761    0.051247
    1762    0.051247
    1763    0.049249
    1764    0.049249
    1765    0.047212
    1766    0.047212
    1767    0.044821
    1768    0.044821
    1769    0.041400
    1770    0.041400
    1771    0.037493
    1772    0.037493
    1773    0.033672
    1774    0.033672
    1775    0.029665
    1776    0.029665
    1777    0.025152
    1778    0.025152
    1779    0.020339
    1780    0.020339
    1781    0.016659
    1782    0.016659
    1783    0.053741
    1784    0.053741
    1785    0.054388
    1786    0.054388
    1787    0.055126
    1788    0.055126
    1789    0.055479
    1790    0.055479
    1791    0.055627
    1792    0.055627
    1793    0.055941
    1794    0.055941
    1795    0.056522
    1796    0.056522
    1797    0.057250
    1798    0.057250
    1799    0.058017
    1800    0.058017
    1801    0.058721
    1802    0.058721
    1803    0.059334
    1804    0.059334
    1805    0.059864
    1806    0.059864
    1807    0.060317
    1808    0.060317
    1809    0.060732
    1810    0.060732
    1811    0.061140
    1812    0.061140
    1813    0.061547
    1814    0.061547
    1815    0.061934
    1816    0.061934
    1817    0.062273
    1818    0.062273
    1819    0.062568
    1820    0.062568
    1821    0.062843
    1822    0.062843
    1823    0.063092
    1824    0.063092
    1825    0.063300
    1826    0.063300
    1827    0.063459
    1828    0.063459
    1829    0.063562
    1830    0.063562
    1831    0.063619
    1832    0.063619
    1833    0.063656
    1834    0.063656
    1835    0.063670
    1836    0.063670
    1837    0.063646
    1838    0.063646
    1839    0.063595
    1840    0.063595
    1841    0.063539
    1842    0.063539
    1843    0.063470
    1844    0.063470
    1845    0.063369
    1846    0.063369
    1847    0.063232
    1848    0.063232
    1849    0.063081
    1850    0.063081
    1851    0.062945
    1852    0.062945
    1853    0.062840
    1854    0.062840
    1855    0.062767
    1856    0.062767
    1857    0.062716
    1858    0.062716
    1859    0.062671
    1860    0.062671
    1861    0.062615
    1862    0.062615
    1863    0.062551
    1864    0.062551
    1865    0.062479
    1866    0.062479
    1867    0.062396
    1868    0.062396
    1869    0.062308
    1870    0.062308
    1871    0.062223
    1872    0.062223
    1873    0.062136
    1874    0.062136
    1875    0.062038
    1876    0.062038
    1877    0.061939
    1878    0.061939
    1879    0.061843
    1880    0.061843
    1881    0.061737
    1882    0.061737
    1883    0.061630
    1884    0.061630
    1885    0.061539
    1886    0.061539
    1887    0.061463
    1888    0.061463
    1889    0.061383
    1890    0.061383
    1891    0.061276
    1892    0.061276
    1893    0.061110
    1894    0.061110
    1895    0.060895
    1896    0.060895
    1897    0.060701
    1898    0.060701
    1899    0.060563
    1900    0.060563
    1901    0.060504
    1902    0.060504
    1903    0.060620
    1904    0.060620
    1905    0.061008
    1906    0.061008
    1907    0.061602
    1908    0.061602
    1909    0.062217
    1910    0.062217
    1911    0.062816
    1912    0.062816
    1913    0.063512
    1914    0.063512
    1915    0.064308
    1916    0.064308
    1917    0.065101
    1918    0.065101
    1919    0.065852
    1920    0.065852
    1921    0.066583
    1922    0.066583
    1923    0.067305
    1924    0.067305
    1925    0.068008
    1926    0.068008
    1927    0.068685
    1928    0.068685
    1929    0.069335
    1930    0.069335
    1931    0.069927
    1932    0.069927
    1933    0.070414
    1934    0.070414
    1935    0.070805
    1936    0.070805
    1937    0.071138
    1938    0.071138
    1939    0.071404
    1940    0.071404
    1941    0.071527
    1942    0.071527
    1943    0.071491
    1944    0.071491
    1945    0.071365
    1946    0.071365
    1947    0.071115
    1948    0.071115
    1949    0.070595
    1950    0.070595
    1951    0.069796
    1952    0.069796
    1953    0.068836
    1954    0.068836
    1955    0.067669
    1956    0.067669
    1957    0.066088
    1958    0.066088
    1959    0.064058
    1960    0.064058
    1961    0.061692
    1962    0.061692
    1963    0.059038
    1964    0.059038
    1965    0.055877
    1966    0.055877
    1967    0.051835
    1968    0.051835
    1969    0.047063
    1970    0.047063
    1971    0.041898
    1972    0.041898
    1973    0.036333
    1974    0.036333
    1975    0.030273
    1976    0.030273
    1977    0.024120
    1978    0.024120
    1979    0.019464
    1980    0.019464
    1981    0.064441
    1982    0.064441
    1983    0.064877
    1984    0.064877
    1985    0.065390
    1986    0.065390
    1987    0.065641
    1988    0.065641
    1989    0.065762
    1990    0.065762
    1991    0.066159
    1992    0.066159
    1993    0.066905
    1994    0.066905
    1995    0.067770
    1996    0.067770
    1997    0.068600
    1998    0.068600
    1999    0.069358
    2000    0.069358
    2001    0.070063
    2002    0.070063
    2003    0.070721
    2004    0.070721
    2005    0.071317
    2006    0.071317
    2007    0.071854
    2008    0.071854
    2009    0.072356
    2010    0.072356
    2011    0.072848
    2012    0.072848
    2013    0.073318
    2014    0.073318
    2015    0.073734
    2016    0.073734
    2017    0.074095
    2018    0.074095
    2019    0.074420
    2020    0.074420
    2021    0.074706
    2022    0.074706
    2023    0.074934
    2024    0.074934
    2025    0.075096
    2026    0.075096
    2027    0.075196
    2028    0.075196
    2029    0.075246
    2030    0.075246
    2031    0.075271
    2032    0.075271
    2033    0.075269
    2034    0.075269
    2035    0.075225
    2036    0.075225
    2037    0.075149
    2038    0.075149
    2039    0.075067
    2040    0.075067
    2041    0.074982
    2042    0.074982
    2043    0.074879
    2044    0.074879
    2045    0.074748
    2046    0.074748
    2047    0.074605
    2048    0.074605
    2049    0.074467
    2050    0.074467
    2051    0.074342
    2052    0.074342
    2053    0.074225
    2054    0.074225
    2055    0.074108
    2056    0.074108
    2057    0.073993
    2058    0.073993
    2059    0.073887
    2060    0.073887
    2061    0.073786
    2062    0.073786
    2063    0.073673
    2064    0.073673
    2065    0.073559
    2066    0.073559
    2067    0.073462
    2068    0.073462
    2069    0.073374
    2070    0.073374
    2071    0.073275
    2072    0.073275
    2073    0.073152
    2074    0.073152
    2075    0.072999
    2076    0.072999
    2077    0.072821
    2078    0.072821
    2079    0.072645
    2080    0.072645
    2081    0.072489
    2082    0.072489
    2083    0.072360
    2084    0.072360
    2085    0.072242
    2086    0.072242
    2087    0.072104
    2088    0.072104
    2089    0.071929
    2090    0.071929
    2091    0.071704
    2092    0.071704
    2093    0.071443
    2094    0.071443
    2095    0.071201
    2096    0.071201
    2097    0.071027
    2098    0.071027
    2099    0.070974
    2100    0.070974
    2101    0.071121
    2102    0.071121
    2103    0.071522
    2104    0.071522
    2105    0.072125
    2106    0.072125
    2107    0.072821
    2108    0.072821
    2109    0.073576
    2110    0.073576
    2111    0.074424
    2112    0.074424
    2113    0.075349
    2114    0.075349
    2115    0.076303
    2116    0.076303
    2117    0.077276
    2118    0.077276
    2119    0.078266
    2120    0.078266
    2121    0.079245
    2122    0.079245
    2123    0.080179
    2124    0.080179
    2125    0.081065
    2126    0.081065
    2127    0.081920
    2128    0.081920
    2129    0.082714
    2130    0.082714
    2131    0.083413
    2132    0.083413
    2133    0.084032
    2134    0.084032
    2135    0.084595
    2136    0.084595
    2137    0.085093
    2138    0.085093
    2139    0.085474
    2140    0.085474
    2141    0.085702
    2142    0.085702
    2143    0.085787
    2144    0.085787
    2145    0.085689
    2146    0.085689
    2147    0.085320
    2148    0.085320
    2149    0.084676
    2150    0.084676
    2151    0.083809
    2152    0.083809
    2153    0.082651
    2154    0.082651
    2155    0.081033
    2156    0.081033
    2157    0.078884
    2158    0.078884
    2159    0.076179
    2160    0.076179
    2161    0.072793
    2162    0.072793
    2163    0.068785
    2164    0.068785
    2165    0.064089
    2166    0.064089
    2167    0.058314
    2168    0.058314
    2169    0.051469
    2170    0.051469
    2171    0.043807
    2172    0.043807
    2173    0.035623
    2174    0.035623
    2175    0.027706
    2176    0.027706
    2177    0.021861
    2178    0.021861
    2179    0.075419
    2180    0.075419
    2181    0.075971
    2182    0.075971
    2183    0.076702
    2184    0.076702
    2185    0.077430
    2186    0.077430
    2187    0.078228
    2188    0.078228
    2189    0.079203
    2190    0.079203
    2191    0.080305
    2192    0.080305
    2193    0.081255
    2194    0.081255
    2195    0.081964
    2196    0.081964
    2197    0.082639
    2198    0.082639
    2199    0.083371
    2200    0.083371
    2201    0.084094
    2202    0.084094
    2203    0.084766
    2204    0.084766
    2205    0.085387
    2206    0.085387
    2207    0.085966
    2208    0.085966
    2209    0.086499
    2210    0.086499
    2211    0.086980
    2212    0.086980
    2213    0.087416
    2214    0.087416
    2215    0.087810
    2216    0.087810
    2217    0.088149
    2218    0.088149
    2219    0.088428
    2220    0.088428
    2221    0.088654
    2222    0.088654
    2223    0.088829
    2224    0.088829
    2225    0.088949
    2226    0.088949
    2227    0.089020
    2228    0.089020
    2229    0.089058
    2230    0.089058
    2231    0.089070
    2232    0.089070
    2233    0.089067
    2234    0.089067
    2235    0.089051
    2236    0.089051
    2237    0.089017
    2238    0.089017
    2239    0.088972
    2240    0.088972
    2241    0.088928
    2242    0.088928
    2243    0.088873
    2244    0.088873
    2245    0.088778
    2246    0.088778
    2247    0.088642
    2248    0.088642
    2249    0.088482
    2250    0.088482
    2251    0.088308
    2252    0.088308
    2253    0.088118
    2254    0.088118
    2255    0.087923
    2256    0.087923
    2257    0.087735
    2258    0.087735
    2259    0.087542
    2260    0.087542
    2261    0.087338
    2262    0.087338
    2263    0.087144
    2264    0.087144
    2265    0.086985
    2266    0.086985
    2267    0.086848
    2268    0.086848
    2269    0.086694
    2270    0.086694
    2271    0.086506
    2272    0.086506
    2273    0.086252
    2274    0.086252
    2275    0.085937
    2276    0.085937
    2277    0.085629
    2278    0.085629
    2279    0.085356
    2280    0.085356
    2281    0.085105
    2282    0.085105
    2283    0.084847
    2284    0.084847
    2285    0.084565
    2286    0.084565
    2287    0.084276
    2288    0.084276
    2289    0.084014
    2290    0.084014
    2291    0.083795
    2292    0.083795
    2293    0.083617
    2294    0.083617
    2295    0.083538
    2296    0.083538
    2297    0.083678
    2298    0.083678
    2299    0.084087
    2300    0.084087
    2301    0.084718
    2302    0.084718
    2303    0.085529
    2304    0.085529
    2305    0.086494
    2306    0.086494
    2307    0.087577
    2308    0.087577
    2309    0.088727
    2310    0.088727
    2311    0.089910
    2312    0.089910
    2313    0.091095
    2314    0.091095
    2315    0.092310
    2316    0.092310
    2317    0.093616
    2318    0.093616
    2319    0.094970
    2320    0.094970
    2321    0.096253
    2322    0.096253
    2323    0.097432
    2324    0.097432
    2325    0.098570
    2326    0.098570
    2327    0.099673
    2328    0.099673
    2329    0.100676
    2330    0.100676
    2331    0.101579
    2332    0.101579
    2333    0.102434
    2334    0.102434
    2335    0.103240
    2336    0.103240
    2337    0.103946
    2338    0.103946
    2339    0.104499
    2340    0.104499
    2341    0.104866
    2342    0.104866
    2343    0.105008
    2344    0.105008
    2345    0.104873
    2346    0.104873
    2347    0.104438
    2348    0.104438
    2349    0.103709
    2350    0.103709
    2351    0.102652
    2352    0.102652
    2353    0.101199
    2354    0.101199
    2355    0.099169
    2356    0.099169
    2357    0.096256
    2358    0.096256
    2359    0.092134
    2360    0.092134
    2361    0.087052
    2362    0.087052
    2363    0.081336
    2364    0.081336
    2365    0.074400
    2366    0.074400
    2367    0.065689
    2368    0.065689
    2369    0.055278
    2370    0.055278
    2371    0.043901
    2372    0.043901
    2373    0.033015
    2374    0.033015
    2375    0.025060
    2376    0.025060
    2377    0.089415
    2378    0.089415
    2379    0.090579
    2380    0.090579
    2381    0.092185
    2382    0.092185
    2383    0.093958
    2384    0.093958
    2385    0.095869
    2386    0.095869
    2387    0.097756
    2388    0.097756
    2389    0.099516
    2390    0.099516
    2391    0.100909
    2392    0.100909
    2393    0.101917
    2394    0.101917
    2395    0.102851
    2396    0.102851
    2397    0.103818
    2398    0.103818
    2399    0.104736
    2400    0.104736
    2401    0.105576
    2402    0.105576
    2403    0.106351
    2404    0.106351
    2405    0.107063
    2406    0.107063
    2407    0.107690
    2408    0.107690
    2409    0.108228
    2410    0.108228
    2411    0.108704
    2412    0.108704
    2413    0.109128
    2414    0.109128
    2415    0.109487
    2416    0.109487
    2417    0.109778
    2418    0.109778
    2419    0.110031
    2420    0.110031
    2421    0.110249
    2422    0.110249
    2423    0.110405
    2424    0.110405
    2425    0.110499
    2426    0.110499
    2427    0.110543
    2428    0.110543
    2429    0.110552
    2430    0.110552
    2431    0.110559
    2432    0.110559
    2433    0.110566
    2434    0.110566
    2435    0.110549
    2436    0.110549
    2437    0.110516
    2438    0.110516
    2439    0.110490
    2440    0.110490
    2441    0.110448
    2442    0.110448
    2443    0.110348
    2444    0.110348
    2445    0.110176
    2446    0.110176
    2447    0.109950
    2448    0.109950
    2449    0.109689
    2450    0.109689
    2451    0.109408
    2452    0.109408
    2453    0.109125
    2454    0.109125
    2455    0.108847
    2456    0.108847
    2457    0.108555
    2458    0.108555
    2459    0.108246
    2460    0.108246
    2461    0.107943
    2462    0.107943
    2463    0.107673
    2464    0.107673
    2465    0.107426
    2466    0.107426
    2467    0.107170
    2468    0.107170
    2469    0.106889
    2470    0.106889
    2471    0.106547
    2472    0.106547
    2473    0.106144
    2474    0.106144
    2475    0.105736
    2476    0.105736
    2477    0.105346
    2478    0.105346
    2479    0.104963
    2480    0.104963
    2481    0.104570
    2482    0.104570
    2483    0.104157
    2484    0.104157
    2485    0.103753
    2486    0.103753
    2487    0.103424
    2488    0.103424
    2489    0.103207
    2490    0.103207
    2491    0.103092
    2492    0.103092
    2493    0.103150
    2494    0.103150
    2495    0.103536
    2496    0.103536
    2497    0.104288
    2498    0.104288
    2499    0.105304
    2500    0.105304
    2501    0.106524
    2502    0.106524
    2503    0.107963
    2504    0.107963
    2505    0.109563
    2506    0.109563
    2507    0.111214
    2508    0.111214
    2509    0.112868
    2510    0.112868
    2511    0.114497
    2512    0.114497
    2513    0.116142
    2514    0.116142
    2515    0.117911
    2516    0.117911
    2517    0.119772
    2518    0.119772
    2519    0.121543
    2520    0.121543
    2521    0.123167
    2522    0.123167
    2523    0.124742
    2524    0.124742
    2525    0.126303
    2526    0.126303
    2527    0.127784
    2528    0.127784
    2529    0.129160
    2530    0.129160
    2531    0.130466
    2532    0.130466
    2533    0.131699
    2534    0.131699
    2535    0.132829
    2536    0.132829
    2537    0.133797
    2538    0.133797
    2539    0.134543
    2540    0.134543
    2541    0.135042
    2542    0.135042
    2543    0.135279
    2544    0.135279
    2545    0.135203
    2546    0.135203
    2547    0.134733
    2548    0.134733
    2549    0.133851
    2550    0.133851
    2551    0.132538
    2552    0.132538
    2553    0.130551
    2554    0.130551
    2555    0.127448
    2556    0.127448
    2557    0.122741
    2558    0.122741
    2559    0.116439
    2560    0.116439
    2561    0.109057
    2562    0.109057
    2563    0.100435
    2564    0.100435
    2565    0.089443
    2566    0.089443
    2567    0.075277
    2568    0.075277
    2569    0.058936
    2570    0.058936
    2571    0.042873
    2572    0.042873
    2573    0.030923
    2574    0.030923
    2575    0.119490
    2576    0.119490
    2577    0.122393
    2578    0.122393
    2579    0.126504
    2580    0.126504
    2581    0.130582
    2582    0.130582
    2583    0.134328
    2584    0.134328
    2585    0.137589
    2586    0.137589
    2587    0.140447
    2588    0.140447
    2589    0.142842
    2590    0.142842
    2591    0.144807
    2592    0.144807
    2593    0.146538
    2594    0.146538
    2595    0.148130
    2596    0.148130
    2597    0.149556
    2598    0.149556
    2599    0.150810
    2600    0.150810
    2601    0.151921
    2602    0.151921
    2603    0.152902
    2604    0.152902
    2605    0.153746
    2606    0.153746
    2607    0.154463
    2608    0.154463
    2609    0.155074
    2610    0.155074
    2611    0.155596
    2612    0.155596
    2613    0.156025
    2614    0.156025
    2615    0.156365
    2616    0.156365
    2617    0.156647
    2618    0.156647
    2619    0.156885
    2620    0.156885
    2621    0.157066
    2622    0.157066
    2623    0.157172
    2624    0.157172
    2625    0.157191
    2626    0.157191
    2627    0.157148
    2628    0.157148
    2629    0.157090
    2630    0.157090
    2631    0.157027
    2632    0.157027
    2633    0.156946
    2634    0.156946
    2635    0.156853
    2636    0.156853
    2637    0.156751
    2638    0.156751
    2639    0.156614
    2640    0.156614
    2641    0.156417
    2642    0.156417
    2643    0.156156
    2644    0.156156
    2645    0.155833
    2646    0.155833
    2647    0.155450
    2648    0.155450
    2649    0.155037
    2650    0.155037
    2651    0.154629
    2652    0.154629
    2653    0.154236
    2654    0.154236
    2655    0.153839
    2656    0.153839
    2657    0.153420
    2658    0.153420
    2659    0.152989
    2660    0.152989
    2661    0.152566
    2662    0.152566
    2663    0.152157
    2664    0.152157
    2665    0.151758
    2666    0.151758
    2667    0.151357
    2668    0.151357
    2669    0.150930
    2670    0.150930
    2671    0.150476
    2672    0.150476
    2673    0.150014
    2674    0.150014
    2675    0.149543
    2676    0.149543
    2677    0.149053
    2678    0.149053
    2679    0.148555
    2680    0.148555
    2681    0.148041
    2682    0.148041
    2683    0.147524
    2684    0.147524
    2685    0.147057
    2686    0.147057
    2687    0.146694
    2688    0.146694
    2689    0.146468
    2690    0.146468
    2691    0.146473
    2692    0.146473
    2693    0.146857
    2694    0.146857
    2695    0.147757
    2696    0.147757
    2697    0.149151
    2698    0.149151
    2699    0.150884
    2700    0.150884
    2701    0.152868
    2702    0.152868
    2703    0.155017
    2704    0.155017
    2705    0.157216
    2706    0.157216
    2707    0.159419
    2708    0.159419
    2709    0.161642
    2710    0.161642
    2711    0.163905
    2712    0.163905
    2713    0.166219
    2714    0.166219
    2715    0.168564
    2716    0.168564
    2717    0.170846
    2718    0.170846
    2719    0.173045
    2720    0.173045
    2721    0.175220
    2722    0.175220
    2723    0.177388
    2724    0.177388
    2725    0.179519
    2726    0.179519
    2727    0.181569
    2728    0.181569
    2729    0.183498
    2730    0.183498
    2731    0.185278
    2732    0.185278
    2733    0.186888
    2734    0.186888
    2735    0.188291
    2736    0.188291
    2737    0.189470
    2738    0.189470
    2739    0.190411
    2740    0.190411
    2741    0.191076
    2742    0.191076
    2743    0.191381
    2744    0.191381
    2745    0.191208
    2746    0.191208
    2747    0.190501
    2748    0.190501
    2749    0.189196
    2750    0.189196
    2751    0.187049
    2752    0.187049
    2753    0.183670
    2754    0.183670
    2755    0.178610
    2756    0.178610
    2757    0.171600
    2758    0.171600
    2759    0.162412
    2760    0.162412
    2761    0.150822
    2762    0.150822
    2763    0.136080
    2764    0.136080
    2765    0.116713
    2766    0.116713
    2767    0.093183
    2768    0.093183
    2769    0.068769
    2770    0.068769
    2771    0.049824
    2772    0.049824
    2773    0.204536
    2774    0.204536
    2775    0.210447
    2776    0.210447
    2777    0.218746
    2778    0.218746
    2779    0.226359
    2780    0.226359
    2781    0.232739
    2782    0.232739
    2783    0.237923
    2784    0.237923
    2785    0.242307
    2786    0.242307
    2787    0.246151
    2788    0.246151
    2789    0.249549
    2790    0.249549
    2791    0.252532
    2792    0.252532
    2793    0.255162
    2794    0.255162
    2795    0.257453
    2796    0.257453
    2797    0.259411
    2798    0.259411
    2799    0.261093
    2800    0.261093
    2801    0.262534
    2802    0.262534
    2803    0.263758
    2804    0.263758
    2805    0.264787
    2806    0.264787
    2807    0.265633
    2808    0.265633
    2809    0.266321
    2810    0.266321
    2811    0.266870
    2812    0.266870
    2813    0.267292
    2814    0.267292
    2815    0.267600
    2816    0.267600
    2817    0.267824
    2818    0.267824
    2819    0.267987
    2820    0.267987
    2821    0.268064
    2822    0.268064
    2823    0.268029
    2824    0.268029
    2825    0.267913
    2826    0.267913
    2827    0.267756
    2828    0.267756
    2829    0.267566
    2830    0.267566
    2831    0.267343
    2832    0.267343
    2833    0.267106
    2834    0.267106
    2835    0.266854
    2836    0.266854
    2837    0.266562
    2838    0.266562
    2839    0.266213
    2840    0.266213
    2841    0.265815
    2842    0.265815
    2843    0.265361
    2844    0.265361
    2845    0.264835
    2846    0.264835
    2847    0.264258
    2848    0.264258
    2849    0.263667
    2850    0.263667
    2851    0.263083
    2852    0.263083
    2853    0.262509
    2854    0.262509
    2855    0.261921
    2856    0.261921
    2857    0.261317
    2858    0.261317
    2859    0.260710
    2860    0.260710
    2861    0.260111
    2862    0.260111
    2863    0.259521
    2864    0.259521
    2865    0.258934
    2866    0.258934
    2867    0.258343
    2868    0.258343
    2869    0.257757
    2870    0.257757
    2871    0.257186
    2872    0.257186
    2873    0.256609
    2874    0.256609
    2875    0.255995
    2876    0.255995
    2877    0.255355
    2878    0.255355
    2879    0.254691
    2880    0.254691
    2881    0.254006
    2882    0.254006
    2883    0.253348
    2884    0.253348
    2885    0.252769
    2886    0.252769
    2887    0.252308
    2888    0.252308
    2889    0.252096
    2890    0.252096
    2891    0.252373
    2892    0.252373
    2893    0.253441
    2894    0.253441
    2895    0.255362
    2896    0.255362
    2897    0.257804
    2898    0.257804
    2899    0.260494
    2900    0.260494
    2901    0.263324
    2902    0.263324
    2903    0.266196
    2904    0.266196
    2905    0.269093
    2906    0.269093
    2907    0.272101
    2908    0.272101
    2909    0.275205
    2910    0.275205
    2911    0.278268
    2912    0.278268
    2913    0.281268
    2914    0.281268
    2915    0.284272
    2916    0.284272
    2917    0.287309
    2918    0.287309
    2919    0.290348
    2920    0.290348
    2921    0.293364
    2922    0.293364
    2923    0.296341
    2924    0.296341
    2925    0.299233
    2926    0.299233
    2927    0.301973
    2928    0.301973
    2929    0.304510
    2930    0.304510
    2931    0.306786
    2932    0.306786
    2933    0.308791
    2934    0.308791
    2935    0.310564
    2936    0.310564
    2937    0.312079
    2938    0.312079
    2939    0.313242
    2940    0.313242
    2941    0.313949
    2942    0.313949
    2943    0.314095
    2944    0.314095
    2945    0.313578
    2946    0.313578
    2947    0.312267
    2948    0.312267
    2949    0.309921
    2950    0.309921
    2951    0.306194
    2952    0.306194
    2953    0.300705
    2954    0.300705
    2955    0.293113
    2956    0.293113
    2957    0.282161
    2958    0.282161
    2959    0.266599
    2960    0.266599
    2961    0.246237
    2962    0.246237
    2963    0.219794
    2964    0.219794
    2965    0.186421
    2966    0.186421
    2967    0.149088
    2968    0.149088
    2969    0.118354
    2970    0.118354
    2971    0.422043
    2972    0.422043
    2973    0.432259
    2974    0.432259
    2975    0.446173
    2976    0.446173
    2977    0.458217
    2978    0.458217
    2979    0.467981
    2980    0.467981
    2981    0.475805
    2982    0.475805
    2983    0.482290
    2984    0.482290
    2985    0.488101
    2986    0.488101
    2987    0.493453
    2988    0.493453
    2989    0.498186
    2990    0.498186
    2991    0.502290
    2992    0.502290
    2993    0.505811
    2994    0.505811
    2995    0.508801
    2996    0.508801
    2997    0.511336
    2998    0.511336
    2999    0.513474
    3000    0.513474
    3001    0.515267
    3002    0.515267
    3003    0.516752
    3004    0.516752
    3005    0.517941
    3006    0.517941
    3007    0.518862
    3008    0.518862
    3009    0.519578
    3010    0.519578
    3011    0.520124
    3012    0.520124
    3013    0.520489
    3014    0.520489
    3015    0.520701
    3016    0.520701
    3017    0.520799
    3018    0.520799
    3019    0.520784
    3020    0.520784
    3021    0.520661
    3022    0.520661
    3023    0.520453
    3024    0.520453
    3025    0.520164
    3026    0.520164
    3027    0.519785
    3028    0.519785
    3029    0.519339
    3030    0.519339
    3031    0.518864
    3032    0.518864
    3033    0.518375
    3034    0.518375
    3035    0.517854
    3036    0.517854
    3037    0.517286
    3038    0.517286
    3039    0.516682
    3040    0.516682
    3041    0.516035
    3042    0.516035
    3043    0.515321
    3044    0.515321
    3045    0.514538
    3046    0.514538
    3047    0.513698
    3048    0.513698
    3049    0.512824
    3050    0.512824
    3051    0.511948
    3052    0.511948
    3053    0.511077
    3054    0.511077
    3055    0.510209
    3056    0.510209
    3057    0.509348
    3058    0.509348
    3059    0.508486
    3060    0.508486
    3061    0.507607
    3062    0.507607
    3063    0.506712
    3064    0.506712
    3065    0.505832
    3066    0.505832
    3067    0.504985
    3068    0.504985
    3069    0.504168
    3070    0.504168
    3071    0.503357
    3072    0.503357
    3073    0.502516
    3074    0.502516
    3075    0.501637
    3076    0.501637
    3077    0.500717
    3078    0.500717
    3079    0.499771
    3080    0.499771
    3081    0.498872
    3082    0.498872
    3083    0.498052
    3084    0.498052
    3085    0.497303
    3086    0.497303
    3087    0.496820
    3088    0.496820
    3089    0.497080
    3090    0.497080
    3091    0.498592
    3092    0.498592
    3093    0.501369
    3094    0.501369
    3095    0.504874
    3096    0.504874
    3097    0.508697
    3098    0.508697
    3099    0.512696
    3100    0.512696
    3101    0.516765
    3102    0.516765
    3103    0.520898
    3104    0.520898
    3105    0.525167
    3106    0.525167
    3107    0.529539
    3108    0.529539
    3109    0.533878
    3110    0.533878
    3111    0.538151
    3112    0.538151
    3113    0.542462
    3114    0.542462
    3115    0.546845
    3116    0.546845
    3117    0.551225
    3118    0.551225
    3119    0.555549
    3120    0.555549
    3121    0.559766
    3122    0.559766
    3123    0.563844
    3124    0.563844
    3125    0.567790
    3126    0.567790
    3127    0.571546
    3128    0.571546
    3129    0.574993
    3130    0.574993
    3131    0.578123
    3132    0.578123
    3133    0.580964
    3134    0.580964
    3135    0.583447
    3136    0.583447
    3137    0.585449
    3138    0.585449
    3139    0.586862
    3140    0.586862
    3141    0.587579
    3142    0.587579
    3143    0.587437
    3144    0.587437
    3145    0.586215
    3146    0.586215
    3147    0.583665
    3148    0.583665
    3149    0.579463
    3150    0.579463
    3151    0.573100
    3152    0.573100
    3153    0.563913
    3154    0.563913
    3155    0.550279
    3156    0.550279
    3157    0.530243
    3158    0.530243
    3159    0.502745
    3160    0.502745
    3161    0.466235
    3162    0.466235
    3163    0.418441
    3164    0.418441
    3165    0.360817
    3166    0.360817
    3167    0.310604
    3168    0.310604
    3169    0.899551
    3170    0.899551
    3171    0.916754
    3172    0.916754
    3173    0.939638
    3174    0.939638
    3175    0.958717
    3176    0.958717
    3177    0.974092
    3178    0.974092
    3179    0.986462
    3180    0.986462
    3181    0.996529
    3182    0.996529
    3183    1.005523
    3184    1.005523
    3185    1.013867
    3186    1.013867
    3187    1.021188
    3188    1.021188
    3189    1.027401
    3190    1.027401
    3191    1.032718
    3192    1.032718
    3193    1.037288
    3194    1.037288
    3195    1.041144
    3196    1.041144
    3197    1.044343
    3198    1.044343
    3199    1.046993
    3200    1.046993
    3201    1.049170
    3202    1.049170
    3203    1.050891
    3204    1.050891
    3205    1.052188
    3206    1.052188
    3207    1.053166
    3208    1.053166
    3209    1.053893
    3210    1.053893
    3211    1.054351
    3212    1.054351
    3213    1.054559
    3214    1.054559
    3215    1.054556
    3216    1.054556
    3217    1.054395
    3218    1.054395
    3219    1.054136
    3220    1.054136
    3221    1.053773
    3222    1.053773
    3223    1.053255
    3224    1.053255
    3225    1.052575
    3226    1.052575
    3227    1.051790
    3228    1.051790
    3229    1.050940
    3230    1.050940
    3231    1.050034
    3232    1.050034
    3233    1.049085
    3234    1.049085
    3235    1.048131
    3236    1.048131
    3237    1.047178
    3238    1.047178
    3239    1.046184
    3240    1.046184
    3241    1.045122
    3242    1.045122
    3243    1.043994
    3244    1.043994
    3245    1.042787
    3246    1.042787
    3247    1.041488
    3248    1.041488
    3249    1.040141
    3250    1.040141
    3251    1.038809
    3252    1.038809
    3253    1.037499
    3254    1.037499
    3255    1.036163
    3256    1.036163
    3257    1.034783
    3258    1.034783
    3259    1.033390
    3260    1.033390
    3261    1.032016
    3262    1.032016
    3263    1.030693
    3264    1.030693
    3265    1.029424
    3266    1.029424
    3267    1.028181
    3268    1.028181
    3269    1.026939
    3270    1.026939
    3271    1.025669
    3272    1.025669
    3273    1.024356
    3274    1.024356
    3275    1.023021
    3276    1.023021
    3277    1.021687
    3278    1.021687
    3279    1.020396
    3280    1.020396
    3281    1.019164
    3282    1.019164
    3283    1.018031
    3284    1.018031
    3285    1.017245
    3286    1.017245
    3287    1.017503
    3288    1.017503
    3289    1.019634
    3290    1.019634
    3291    1.023680
    3292    1.023680
    3293    1.028904
    3294    1.028904
    3295    1.034677
    3296    1.034677
    3297    1.040730
    3298    1.040730
    3299    1.046936
    3300    1.046936
    3301    1.053262
    3302    1.053262
    3303    1.059685
    3304    1.059685
    3305    1.066177
    3306    1.066177
    3307    1.072711
    3308    1.072711
    3309    1.079250
    3310    1.079250
    3311    1.085795
    3312    1.085795
    3313    1.092373
    3314    1.092373
    3315    1.098987
    3316    1.098987
    3317    1.105546
    3318    1.105546
    3319    1.111871
    3320    1.111871
    3321    1.117955
    3322    1.117955
    3323    1.123967
    3324    1.123967
    3325    1.129845
    3326    1.129845
    3327    1.135340
    3328    1.135340
    3329    1.140411
    3330    1.140411
    3331    1.145128
    3332    1.145128
    3333    1.149359
    3334    1.149359
    3335    1.152821
    3336    1.152821
    3337    1.155409
    3338    1.155409
    3339    1.157156
    3340    1.157156
    3341    1.157778
    3342    1.157778
    3343    1.156700
    3344    1.156700
    3345    1.153656
    3346    1.153656
    3347    1.148576
    3348    1.148576
    3349    1.140647
    3350    1.140647
    3351    1.128267
    3352    1.128267
    3353    1.109531
    3354    1.109531
    3355    1.082369
    3356    1.082369
    3357    1.043981
    3358    1.043981
    3359    0.990962
    3360    0.990962
    3361    0.919086
    3362    0.919086
    3363    0.828421
    3364    0.828421
    3365    0.746518
    3366    0.746518
    3367    1.857350
    3368    1.857350
    3369    1.886743
    3370    1.886743
    3371    1.925287
    3372    1.925287
    3373    1.957142
    3374    1.957142
    3375    1.983124
    3376    1.983124
    3377    2.003935
    3378    2.003935
    3379    2.020574
    3380    2.020574
    3381    2.035369
    3382    2.035369
    3383    2.049044
    3384    2.049044
    3385    2.060795
    3386    2.060795
    3387    2.070497
    3388    2.070497
    3389    2.078853
    3390    2.078853
    3391    2.086183
    3392    2.086183
    3393    2.092342
    3394    2.092342
    3395    2.097361
    3396    2.097361
    3397    2.101497
    3398    2.101497
    3399    2.104896
    3400    2.104896
    3401    2.107564
    3402    2.107564
    3403    2.109546
    3404    2.109546
    3405    2.110994
    3406    2.110994
    3407    2.112025
    3408    2.112025
    3409    2.112655
    3410    2.112655
    3411    2.112881
    3412    2.112881
    3413    2.112743
    3414    2.112743
    3415    2.112357
    3416    2.112357
    3417    2.111855
    3418    2.111855
    3419    2.111199
    3420    2.111199
    3421    2.110258
    3422    2.110258
    3423    2.109043
    3424    2.109043
    3425    2.107685
    3426    2.107685
    3427    2.106207
    3428    2.106207
    3429    2.104542
    3430    2.104542
    3431    2.102772
    3432    2.102772
    3433    2.101087
    3434    2.101087
    3435    2.099505
    3436    2.099505
    3437    2.097864
    3438    2.097864
    3439    2.096115
    3440    2.096115
    3441    2.094334
    3442    2.094334
    3443    2.092496
    3444    2.092496
    3445    2.090478
    3446    2.090478
    3447    2.088314
    3448    2.088314
    3449    2.086167
    3450    2.086167
    3451    2.084039
    3452    2.084039
    3453    2.081766
    3454    2.081766
    3455    2.079351
    3456    2.079351
    3457    2.077004
    3458    2.077004
    3459    2.074821
    3460    2.074821
    3461    2.072754
    3462    2.072754
    3463    2.070748
    3464    2.070748
    3465    2.068766
    3466    2.068766
    3467    2.066763
    3468    2.066763
    3469    2.064665
    3470    2.064665
    3471    2.062487
    3472    2.062487
    3473    2.060372
    3474    2.060372
    3475    2.058350
    3476    2.058350
    3477    2.056290
    3478    2.056290
    3479    2.054228
    3480    2.054228
    3481    2.052505
    3482    2.052505
    3483    2.051476
    3484    2.051476
    3485    2.051923
    3486    2.051923
    3487    2.055138
    3488    2.055138
    3489    2.061485
    3490    2.061485
    3491    2.069966
    3492    2.069966
    3493    2.079380
    3494    2.079380
    3495    2.089162
    3496    2.089162
    3497    2.099236
    3498    2.099236
    3499    2.109545
    3500    2.109545
    3501    2.119928
    3502    2.119928
    3503    2.130351
    3504    2.130351
    3505    2.140924
    3506    2.140924
    3507    2.151597
    3508    2.151597
    3509    2.162176
    3510    2.162176
    3511    2.172701
    3512    2.172701
    3513    2.183408
    3514    2.183408
    3515    2.194144
    3516    2.194144
    3517    2.204402
    3518    2.204402
    3519    2.214196
    3520    2.214196
    3521    2.224030
    3522    2.224030
    3523    2.233830
    3524    2.233830
    3525    2.242973
    3526    2.242973
    3527    2.251367
    3528    2.251367
    3529    2.259382
    3530    2.259382
    3531    2.266800
    3532    2.266800
    3533    2.272815
    3534    2.272815
    3535    2.277324
    3536    2.277324
    3537    2.280856
    3538    2.280856
    3539    2.282900
    3540    2.282900
    3541    2.281932
    3542    2.281932
    3543    2.277642
    3544    2.277642
    3545    2.270737
    3546    2.270737
    3547    2.259917
    3548    2.259917
    3549    2.241639
    3550    2.241639
    3551    2.213009
    3552    2.213009
    3553    2.171696
    3554    2.171696
    3555    2.112900
    3556    2.112900
    3557    2.029270
    3558    2.029270
    3559    1.913098
    3560    1.913098
    3561    1.764664
    3562    1.764664
    3563    1.628419
    3564    1.628419
    3565    3.702868
    3566    3.702868
    3567    3.756134
    3568    3.756134
    3569    3.825354
    3570    3.825354
    3571    3.881298
    3572    3.881298
    3573    3.926879
    3574    3.926879
    3575    3.962933
    3576    3.962933
    3577    3.991515
    3578    3.991515
    3579    4.017263
    3580    4.017263
    3581    4.041341
    3582    4.041341
    3583    4.061624
    3584    4.061624
    3585    4.077883
    3586    4.077883
    3587    4.092037
    3588    4.092037
    3589    4.104750
    3590    4.104750
    3591    4.115353
    3592    4.115353
    3593    4.123795
    3594    4.123795
    3595    4.130752
    3596    4.130752
    3597    4.136511
    3598    4.136511
    3599    4.141003
    3600    4.141003
    3601    4.144310
    3602    4.144310
    3603    4.146675
    3604    4.146675
    3605    4.148307
    3606    4.148307
    3607    4.149310
    3608    4.149310
    3609    4.149641
    3610    4.149641
    3611    4.149290
    3612    4.149290
    3613    4.148480
    3614    4.148480
    3615    4.147517
    3616    4.147517
    3617    4.146330
    3618    4.146330
    3619    4.144579
    3620    4.144579
    3621    4.142302
    3622    4.142302
    3623    4.139875
    3624    4.139875
    3625    4.137277
    3626    4.137277
    3627    4.134189
    3628    4.134189
    3629    4.130821
    3630    4.130821
    3631    4.127748
    3632    4.127748
    3633    4.125004
    3634    4.125004
    3635    4.122150
    3636    4.122150
    3637    4.119074
    3638    4.119074
    3639    4.116042
    3640    4.116042
    3641    4.113008
    3642    4.113008
    3643    4.109609
    3644    4.109609
    3645    4.105857
    3646    4.105857
    3647    4.102129
    3648    4.102129
    3649    4.098436
    3650    4.098436
    3651    4.094366
    3652    4.094366
    3653    4.089949
    3654    4.089949
    3655    4.085775
    3656    4.085775
    3657    4.082073
    3658    4.082073
    3659    4.078600
    3660    4.078600
    3661    4.075187
    3662    4.075187
    3663    4.071807
    3664    4.071807
    3665    4.068365
    3666    4.068365
    3667    4.064605
    3668    4.064605
    3669    4.060604
    3670    4.060604
    3671    4.056885
    3672    4.056885
    3673    4.053487
    3674    4.053487
    3675    4.049874
    3676    4.049874
    3677    4.046124
    3678    4.046124
    3679    4.043202
    3680    4.043202
    3681    4.041768
    3682    4.041768
    3683    4.042862
    3684    4.042862
    3685    4.048564
    3686    4.048564
    3687    4.059722
    3688    4.059722
    3689    4.074787
    3690    4.074787
    3691    4.091345
    3692    4.091345
    3693    4.108249
    3694    4.108249
    3695    4.125707
    3696    4.125707
    3697    4.143711
    3698    4.143711
    3699    4.161752
    3700    4.161752
    3701    4.179764
    3702    4.179764
    3703    4.198150
    3704    4.198150
    3705    4.216825
    3706    4.216825
    3707    4.235182
    3708    4.235182
    3709    4.253311
    3710    4.253311
    3711    4.271967
    3712    4.271967
    3713    4.290861
    3714    4.290861
    3715    4.308714
    3716    4.308714
    3717    4.325572
    3718    4.325572
    3719    4.342766
    3720    4.342766
    3721    4.360167
    3722    4.360167
    3723    4.376138
    3724    4.376138
    3725    4.390523
    3726    4.390523
    3727    4.404637
    3728    4.404637
    3729    4.418120
    3730    4.418120
    3731    4.428871
    3732    4.428871
    3733    4.436752
    3734    4.436752
    3735    4.443560
    3736    4.443560
    3737    4.448351
    3738    4.448351
    3739    4.447366
    3740    4.447366
    3741    4.440218
    3742    4.440218
    3743    4.429613
    3744    4.429613
    3745    4.413391
    3746    4.413391
    3747    4.383854
    3748    4.383854
    3749    4.336041
    3750    4.336041
    3751    4.267276
    3752    4.267276
    3753    4.169493
    3754    4.169493
    3755    4.027591
    3756    4.027591
    3757    3.825799
    3758    3.825799
    3759    3.562962
    3760    3.562962
    3761    3.317582
    3762    3.317582
    3763    6.520945
    3764    6.520945
    3765    6.614207
    3766    6.614207
    3767    6.734981
    3768    6.734981
    3769    6.828486
    3770    6.828486
    3771    6.903614
    3772    6.903614
    3773    6.962329
    3774    6.962329
    3775    7.008698
    3776    7.008698
    3777    7.051302
    3778    7.051302
    3779    7.091929
    3780    7.091929
    3781    7.125673
    3782    7.125673
    3783    7.152043
    3784    7.152043
    3785    7.175265
    3786    7.175265
    3787    7.196562
    3788    7.196562
    3789    7.214185
    3790    7.214185
    3791    7.227910
    3792    7.227910
    3793    7.239240
    3794    7.239240
    3795    7.248710
    3796    7.248710
    3797    7.256058
    3798    7.256058
    3799    7.261433
    3800    7.261433
    3801    7.265251
    3802    7.265251
    3803    7.267853
    3804    7.267853
    3805    7.269476
    3806    7.269476
    3807    7.270005
    3808    7.270005
    3809    7.269325
    3810    7.269325
    3811    7.267824
    3812    7.267824
    3813    7.266169
    3814    7.266169
    3815    7.264229
    3816    7.264229
    3817    7.261214
    3818    7.261214
    3819    7.257220
    3820    7.257220
    3821    7.253135
    3822    7.253135
    3823    7.248863
    3824    7.248863
    3825    7.243565
    3826    7.243565
    3827    7.237664
    3828    7.237664
    3829    7.232447
    3830    7.232447
    3831    7.227967
    3832    7.227967
    3833    7.223254
    3834    7.223254
    3835    7.218091
    3836    7.218091
    3837    7.213110
    3838    7.213110
    3839    7.208239
    3840    7.208239
    3841    7.202667
    3842    7.202667
    3843    7.196373
    3844    7.196373
    3845    7.190151
    3846    7.190151
    3847    7.184060
    3848    7.184060
    3849    7.177217
    3850    7.177217
    3851    7.169645
    3852    7.169645
    3853    7.162608
    3854    7.162608
    3855    7.156558
    3856    7.156558
    3857    7.150896
    3858    7.150896
    3859    7.145276
    3860    7.145276
    3861    7.139725
    3862    7.139725
    3863    7.134073
    3864    7.134073
    3865    7.127667
    3866    7.127667
    3867    7.120676
    3868    7.120676
    3869    7.114374
    3870    7.114374
    3871    7.108821
    3872    7.108821
    3873    7.102730
    3874    7.102730
    3875    7.096205
    3876    7.096205
    3877    7.091145
    3878    7.091145
    3879    7.088677
    3880    7.088677
    3881    7.090624
    3882    7.090624
    3883    7.100513
    3884    7.100513
    3885    7.119606
    3886    7.119606
    3887    7.145287
    3888    7.145287
    3889    7.173163
    3890    7.173163
    3891    7.201159
    3892    7.201159
    3893    7.230144
    3894    7.230144
    3895    7.260259
    3896    7.260259
    3897    7.290294
    3898    7.290294
    3899    7.320119
    3900    7.320119
    3901    7.350734
    3902    7.350734
    3903    7.381995
    3904    7.381995
    3905    7.412524
    3906    7.412524
    3907    7.442514
    3908    7.442514
    3909    7.473679
    3910    7.473679
    3911    7.505504
    3912    7.505504
    3913    7.535233
    3914    7.535233
    3915    7.562970
    3916    7.562970
    3917    7.591688
    3918    7.591688
    3919    7.621154
    3920    7.621154
    3921    7.647719
    3922    7.647719
    3923    7.671148
    3924    7.671148
    3925    7.694693
    3926    7.694693
    3927    7.717794
    3928    7.717794
    3929    7.735871
    3930    7.735871
    3931    7.748713
    3932    7.748713
    3933    7.760629
    3934    7.760629
    3935    7.770016
    3936    7.770016
    3937    7.768896
    3938    7.768896
    3939    7.756807
    3940    7.756807
    3941    7.740515
    3942    7.740515
    3943    7.716574
    3944    7.716574
    3945    7.669891
    3946    7.669891
    3947    7.592307
    3948    7.592307
    3949    7.481502
    3950    7.481502
    3951    7.324604
    3952    7.324604
    3953    7.094324
    3954    7.094324
    3955    6.758648
    3956    6.758648
    3957    6.305598
    3958    6.305598
    3959    5.872881
    3960    5.872881
