       1   -0.019369
       2   -0.019369
       3   -0.018827
       4   -0.018827
       5   -0.018027
       6   -0.018027
       7   -0.017038
       8   -0.017038
       9   -0.015882
      10   -0.015882
      11   -0.015158
      12   -0.015158
      13   -0.014994
      14   -0.014994
      15   -0.015080
      16   -0.015080
      17   -0.015220
      18   -0.015220
      19   -0.015244
      20   -0.015244
      21   -0.015143
      22   -0.015143
      23   -0.015000
      24   -0.015000
      25   -0.014856
      26   -0.014856
      27   -0.014743
      28   -0.014743
      29   -0.014682
      30   -0.014682
      31   -0.014651
      32   -0.014651
      33   -0.014615
      34   -0.014615
      35   -0.014580
      36   -0.014580
      37   -0.014565
      38   -0.014565
      39   -0.014571
      40   -0.014571
      41   -0.014577
      42   -0.014577
      43   -0.014585
      44   -0.014585
      45   -0.014588
      46   -0.014588
      47   -0.014562
      48   -0.014562
      49   -0.014507
      50   -0.014507
      51   -0.014456
      52   -0.014456
      53   -0.014423
      54   -0.014423
      55   -0.014402
      56   -0.014402
      57   -0.014377
      58   -0.014377
      59   -0.014344
      60   -0.014344
      61   -0.014311
      62   -0.014311
      63   -0.014281
      64   -0.014281
      65   -0.014254
      66   -0.014254
      67   -0.014231
      68   -0.014231
      69   -0.014205
      70   -0.014205
      71   -0.014167
      72   -0.014167
      73   -0.014120
      74   -0.014120
      75   -0.014069
      76   -0.014069
      77   -0.014007
      78   -0.014007
      79   -0.013941
      80   -0.013941
      81   -0.013870
      82   -0.013870
      83   -0.013791
      84   -0.013791
      85   -0.013707
      86   -0.013707
      87   -0.013628
      88   -0.013628
      89   -0.013569
      90   -0.013569
      91   -0.013514
      92   -0.013514
      93   -0.013449
      94   -0.013449
      95   -0.013377
      96   -0.013377
      97   -0.013285
      98   -0.013285
      99   -0.013160
     100   -0.013160
     101   -0.013017
     102   -0.013017
     103   -0.012877
     104   -0.012877
     105   -0.012758
     106   -0.012758
     107   -0.012651
     108   -0.012651
     109   -0.012507
     110   -0.012507
     111   -0.012296
     112   -0.012296
     113   -0.012045
     114   -0.012045
     115   -0.011805
     116   -0.011805
     117   -0.011584
     118   -0.011584
     119   -0.011469
     120   -0.011469
     121   -0.011539
     122   -0.011539
     123   -0.011694
     124   -0.011694
     125   -0.011851
     126   -0.011851
     127   -0.011971
     128   -0.011971
     129   -0.012042
     130   -0.012042
     131   -0.012083
     132   -0.012083
     133   -0.012085
     134   -0.012085
     135   -0.012068
     136   -0.012068
     137   -0.012054
     138   -0.012054
     139   -0.012026
     140   -0.012026
     141   -0.011974
     142   -0.011974
     143   -0.011907
     144   -0.011907
     145   -0.011820
     146   -0.011820
     147   -0.011732
     148   -0.011732
     149   -0.011633
     150   -0.011633
     151   -0.011471
     152   -0.011471
     153   -0.011279
     154   -0.011279
     155   -0.011132
     156   -0.011132
     157   -0.011004
     158   -0.011004
     159   -0.010858
     160   -0.010858
     161   -0.010702
     162   -0.010702
     163   -0.010521
     164   -0.010521
     165   -0.010262
     166   -0.010262
     167   -0.009905
     168   -0.009905
     169   -0.009485
     170   -0.009485
     171   -0.008998
     172   -0.008998
     173   -0.008358
     174   -0.008358
     175   -0.007522
     176   -0.007522
     177   -0.006584
     178   -0.006584
     179   -0.005661
     180   -0.005661
     181   -0.004746
     182   -0.004746
     183   -0.003785
     184   -0.003785
     185   -0.002700
     186   -0.002700
     187   -0.001463
     188   -0.001463
     189   -0.000085
     190   -0.000085
     191    0.001109
     192    0.001109
     193    0.002579
     194    0.002579
     195    0.005578
     196    0.005578
     197    0.008700
     198    0.008700
     199   -0.055053
     200   -0.055053
     201   -0.053713
     202   -0.053713
     203   -0.051794
     204   -0.051794
     205   -0.049453
     206   -0.049453
     207   -0.046728
     208   -0.046728
     209   -0.045044
     210   -0.045044
     211   -0.044669
     212   -0.044669
     213   -0.044826
     214   -0.044826
     215   -0.045054
     216   -0.045054
     217   -0.044980
     218   -0.044980
     219   -0.044610
     220   -0.044610
     221   -0.044154
     222   -0.044154
     223   -0.043714
     224   -0.043714
     225   -0.043386
     226   -0.043386
     227   -0.043212
     228   -0.043212
     229   -0.043123
     230   -0.043123
     231   -0.043025
     232   -0.043025
     233   -0.042930
     234   -0.042930
     235   -0.042891
     236   -0.042891
     237   -0.042901
     238   -0.042901
     239   -0.042913
     240   -0.042913
     241   -0.042922
     242   -0.042922
     243   -0.042918
     244   -0.042918
     245   -0.042845
     246   -0.042845
     247   -0.042706
     248   -0.042706
     249   -0.042572
     250   -0.042572
     251   -0.042482
     252   -0.042482
     253   -0.042416
     254   -0.042416
     255   -0.042340
     256   -0.042340
     257   -0.042246
     258   -0.042246
     259   -0.042157
     260   -0.042157
     261   -0.042077
     262   -0.042077
     263   -0.041999
     264   -0.041999
     265   -0.041926
     266   -0.041926
     267   -0.041847
     268   -0.041847
     269   -0.041740
     270   -0.041740
     271   -0.041613
     272   -0.041613
     273   -0.041472
     274   -0.041472
     275   -0.041302
     276   -0.041302
     277   -0.041109
     278   -0.041109
     279   -0.040890
     280   -0.040890
     281   -0.040658
     282   -0.040658
     283   -0.040426
     284   -0.040426
     285   -0.040208
     286   -0.040208
     287   -0.040027
     288   -0.040027
     289   -0.039861
     290   -0.039861
     291   -0.039679
     292   -0.039679
     293   -0.039459
     294   -0.039459
     295   -0.039173
     296   -0.039173
     297   -0.038820
     298   -0.038820
     299   -0.038454
     300   -0.038454
     301   -0.038104
     302   -0.038104
     303   -0.037780
     304   -0.037780
     305   -0.037455
     306   -0.037455
     307   -0.037040
     308   -0.037040
     309   -0.036482
     310   -0.036482
     311   -0.035846
     312   -0.035846
     313   -0.035218
     314   -0.035218
     315   -0.034588
     316   -0.034588
     317   -0.034213
     318   -0.034213
     319   -0.034355
     320   -0.034355
     321   -0.034780
     322   -0.034780
     323   -0.035222
     324   -0.035222
     325   -0.035545
     326   -0.035545
     327   -0.035736
     328   -0.035736
     329   -0.035859
     330   -0.035859
     331   -0.035929
     332   -0.035929
     333   -0.035931
     334   -0.035931
     335   -0.035868
     336   -0.035868
     337   -0.035796
     338   -0.035796
     339   -0.035714
     340   -0.035714
     341   -0.035536
     342   -0.035536
     343   -0.035250
     344   -0.035250
     345   -0.034991
     346   -0.034991
     347   -0.034735
     348   -0.034735
     349   -0.034279
     350   -0.034279
     351   -0.033707
     352   -0.033707
     353   -0.033292
     354   -0.033292
     355   -0.032973
     356   -0.032973
     357   -0.032540
     358   -0.032540
     359   -0.031999
     360   -0.031999
     361   -0.031434
     362   -0.031434
     363   -0.030750
     364   -0.030750
     365   -0.029788
     366   -0.029788
     367   -0.028585
     368   -0.028585
     369   -0.027226
     370   -0.027226
     371   -0.025522
     372   -0.025522
     373   -0.023229
     374   -0.023229
     375   -0.020573
     376   -0.020573
     377   -0.018033
     378   -0.018033
     379   -0.015637
     380   -0.015637
     381   -0.013152
     382   -0.013152
     383   -0.010355
     384   -0.010355
     385   -0.007227
     386   -0.007227
     387   -0.003785
     388   -0.003785
     389   -0.000667
     390   -0.000667
     391    0.002839
     392    0.002839
     393    0.008676
     394    0.008676
     395    0.014115
     396    0.014115
     397   -0.085583
     398   -0.085583
     399   -0.083842
     400   -0.083842
     401   -0.081533
     402   -0.081533
     403   -0.079217
     404   -0.079217
     405   -0.076821
     406   -0.076821
     407   -0.075403
     408   -0.075403
     409   -0.075097
     410   -0.075097
     411   -0.075058
     412   -0.075058
     413   -0.074854
     414   -0.074854
     415   -0.074308
     416   -0.074308
     417   -0.073507
     418   -0.073507
     419   -0.072660
     420   -0.072660
     421   -0.071893
     422   -0.071893
     423   -0.071365
     424   -0.071365
     425   -0.071115
     426   -0.071115
     427   -0.070980
     428   -0.070980
     429   -0.070837
     430   -0.070837
     431   -0.070712
     432   -0.070712
     433   -0.070664
     434   -0.070664
     435   -0.070663
     436   -0.070663
     437   -0.070652
     438   -0.070652
     439   -0.070629
     440   -0.070629
     441   -0.070588
     442   -0.070588
     443   -0.070472
     444   -0.070472
     445   -0.070290
     446   -0.070290
     447   -0.070122
     448   -0.070122
     449   -0.070000
     450   -0.070000
     451   -0.069887
     452   -0.069887
     453   -0.069750
     454   -0.069750
     455   -0.069603
     456   -0.069603
     457   -0.069476
     458   -0.069476
     459   -0.069355
     460   -0.069355
     461   -0.069221
     462   -0.069221
     463   -0.069093
     464   -0.069093
     465   -0.068964
     466   -0.068964
     467   -0.068798
     468   -0.068798
     469   -0.068596
     470   -0.068596
     471   -0.068380
     472   -0.068380
     473   -0.068139
     474   -0.068139
     475   -0.067816
     476   -0.067816
     477   -0.067414
     478   -0.067414
     479   -0.067042
     480   -0.067042
     481   -0.066722
     482   -0.066722
     483   -0.066386
     484   -0.066386
     485   -0.066043
     486   -0.066043
     487   -0.065750
     488   -0.065750
     489   -0.065471
     490   -0.065471
     491   -0.065097
     492   -0.065097
     493   -0.064597
     494   -0.064597
     495   -0.064075
     496   -0.064075
     497   -0.063609
     498   -0.063609
     499   -0.063140
     500   -0.063140
     501   -0.062619
     502   -0.062619
     503   -0.062077
     504   -0.062077
     505   -0.061475
     506   -0.061475
     507   -0.060730
     508   -0.060730
     509   -0.059891
     510   -0.059891
     511   -0.059032
     512   -0.059032
     513   -0.058117
     514   -0.058117
     515   -0.057443
     516   -0.057443
     517   -0.057437
     518   -0.057437
     519   -0.057992
     520   -0.057992
     521   -0.058666
     522   -0.058666
     523   -0.059099
     524   -0.059099
     525   -0.059292
     526   -0.059292
     527   -0.059509
     528   -0.059509
     529   -0.059791
     530   -0.059791
     531   -0.059855
     532   -0.059855
     533   -0.059660
     534   -0.059660
     535   -0.059574
     536   -0.059574
     537   -0.059623
     538   -0.059623
     539   -0.059369
     540   -0.059369
     541   -0.058791
     542   -0.058791
     543   -0.058376
     544   -0.058376
     545   -0.058096
     546   -0.058096
     547   -0.057395
     548   -0.057395
     549   -0.056374
     550   -0.056374
     551   -0.055718
     552   -0.055718
     553   -0.055360
     554   -0.055360
     555   -0.054609
     556   -0.054609
     557   -0.053442
     558   -0.053442
     559   -0.052429
     560   -0.052429
     561   -0.051540
     562   -0.051540
     563   -0.050153
     564   -0.050153
     565   -0.048204
     566   -0.048204
     567   -0.046199
     568   -0.046199
     569   -0.043929
     570   -0.043929
     571   -0.040581
     572   -0.040581
     573   -0.036448
     574   -0.036448
     575   -0.032778
     576   -0.032778
     577   -0.029736
     578   -0.029736
     579   -0.026596
     580   -0.026596
     581   -0.023024
     582   -0.023024
     583   -0.019106
     584   -0.019106
     585   -0.014720
     586   -0.014720
     587   -0.009745
     588   -0.009745
     589   -0.004297
     590   -0.004297
     591    0.001023
     592    0.001023
     593    0.004508
     594    0.004508
     595   -0.113673
     596   -0.113673
     597   -0.111598
     598   -0.111598
     599   -0.109023
     600   -0.109023
     601   -0.107251
     602   -0.107251
     603   -0.106035
     604   -0.106035
     605   -0.105361
     606   -0.105361
     607   -0.105115
     608   -0.105115
     609   -0.104670
     610   -0.104670
     611   -0.103764
     612   -0.103764
     613   -0.102620
     614   -0.102620
     615   -0.101424
     616   -0.101424
     617   -0.100306
     618   -0.100306
     619   -0.099361
     620   -0.099361
     621   -0.098758
     622   -0.098758
     623   -0.098500
     624   -0.098500
     625   -0.098359
     626   -0.098359
     627   -0.098203
     628   -0.098203
     629   -0.098075
     630   -0.098075
     631   -0.098029
     632   -0.098029
     633   -0.098009
     634   -0.098009
     635   -0.097940
     636   -0.097940
     637   -0.097838
     638   -0.097838
     639   -0.097730
     640   -0.097730
     641   -0.097578
     642   -0.097578
     643   -0.097375
     644   -0.097375
     645   -0.097188
     646   -0.097188
     647   -0.097050
     648   -0.097050
     649   -0.096900
     650   -0.096900
     651   -0.096694
     652   -0.096694
     653   -0.096482
     654   -0.096482
     655   -0.096318
     656   -0.096318
     657   -0.096159
     658   -0.096159
     659   -0.095963
     660   -0.095963
     661   -0.095763
     662   -0.095763
     663   -0.095582
     664   -0.095582
     665   -0.095358
     666   -0.095358
     667   -0.095068
     668   -0.095068
     669   -0.094777
     670   -0.094777
     671   -0.094482
     672   -0.094482
     673   -0.094044
     674   -0.094044
     675   -0.093471
     676   -0.093471
     677   -0.092982
     678   -0.092982
     679   -0.092620
     680   -0.092620
     681   -0.092185
     682   -0.092185
     683   -0.091654
     684   -0.091654
     685   -0.091197
     686   -0.091197
     687   -0.090807
     688   -0.090807
     689   -0.090290
     690   -0.090290
     691   -0.089623
     692   -0.089623
     693   -0.089003
     694   -0.089003
     695   -0.088495
     696   -0.088495
     697   -0.087908
     698   -0.087908
     699   -0.087172
     700   -0.087172
     701   -0.086454
     702   -0.086454
     703   -0.085765
     704   -0.085765
     705   -0.084917
     706   -0.084917
     707   -0.083915
     708   -0.083915
     709   -0.082890
     710   -0.082890
     711   -0.081862
     712   -0.081862
     713   -0.080981
     714   -0.080981
     715   -0.080700
     716   -0.080700
     717   -0.081213
     718   -0.081213
     719   -0.082031
     720   -0.082031
     721   -0.082511
     722   -0.082511
     723   -0.082654
     724   -0.082654
     725   -0.082979
     726   -0.082979
     727   -0.083484
     728   -0.083484
     729   -0.083558
     730   -0.083558
     731   -0.083205
     732   -0.083205
     733   -0.083136
     734   -0.083136
     735   -0.083339
     736   -0.083339
     737   -0.083008
     738   -0.083008
     739   -0.082144
     740   -0.082144
     741   -0.081606
     742   -0.081606
     743   -0.081358
     744   -0.081358
     745   -0.080465
     746   -0.080465
     747   -0.079017
     748   -0.079017
     749   -0.078109
     750   -0.078109
     751   -0.077701
     752   -0.077701
     753   -0.076604
     754   -0.076604
     755   -0.074771
     756   -0.074771
     757   -0.073324
     758   -0.073324
     759   -0.072309
     760   -0.072309
     761   -0.070588
     762   -0.070588
     763   -0.068010
     764   -0.068010
     765   -0.065585
     766   -0.065585
     767   -0.063078
     768   -0.063078
     769   -0.059048
     770   -0.059048
     771   -0.053857
     772   -0.053857
     773   -0.049564
     774   -0.049564
     775   -0.046475
     776   -0.046475
     777   -0.043284
     778   -0.043284
     779   -0.039668
     780   -0.039668
     781   -0.035788
     782   -0.035788
     783   -0.031114
     784   -0.031114
     785   -0.024236
     786   -0.024236
     787   -0.016162
     788   -0.016162
     789   -0.010594
     790   -0.010594
     791   -0.007954
     792   -0.007954
     793   -0.142260
     794   -0.142260
     795   -0.139850
     796   -0.139850
     797   -0.136731
     798   -0.136731
     799   -0.134483
     800   -0.134483
     801   -0.132893
     802   -0.132893
     803   -0.131806
     804   -0.131806
     805   -0.131102
     806   -0.131102
     807   -0.130226
     808   -0.130226
     809   -0.128980
     810   -0.128980
     811   -0.127680
     812   -0.127680
     813   -0.126536
     814   -0.126536
     815   -0.125658
     816   -0.125658
     817   -0.125058
     818   -0.125058
     819   -0.124700
     820   -0.124700
     821   -0.124522
     822   -0.124522
     823   -0.124403
     824   -0.124403
     825   -0.124273
     826   -0.124273
     827   -0.124160
     828   -0.124160
     829   -0.124092
     830   -0.124092
     831   -0.124017
     832   -0.124017
     833   -0.123876
     834   -0.123876
     835   -0.123686
     836   -0.123686
     837   -0.123503
     838   -0.123503
     839   -0.123309
     840   -0.123309
     841   -0.123080
     842   -0.123080
     843   -0.122864
     844   -0.122864
     845   -0.122686
     846   -0.122686
     847   -0.122485
     848   -0.122485
     849   -0.122219
     850   -0.122219
     851   -0.121948
     852   -0.121948
     853   -0.121729
     854   -0.121729
     855   -0.121509
     856   -0.121509
     857   -0.121239
     858   -0.121239
     859   -0.120958
     860   -0.120958
     861   -0.120701
     862   -0.120701
     863   -0.120407
     864   -0.120407
     865   -0.120042
     866   -0.120042
     867   -0.119677
     868   -0.119677
     869   -0.119314
     870   -0.119314
     871   -0.118823
     872   -0.118823
     873   -0.118211
     874   -0.118211
     875   -0.117672
     876   -0.117672
     877   -0.117246
     878   -0.117246
     879   -0.116728
     880   -0.116728
     881   -0.116075
     882   -0.116075
     883   -0.115470
     884   -0.115470
     885   -0.114933
     886   -0.114933
     887   -0.114297
     888   -0.114297
     889   -0.113553
     890   -0.113553
     891   -0.112880
     892   -0.112880
     893   -0.112290
     894   -0.112290
     895   -0.111566
     896   -0.111566
     897   -0.110677
     898   -0.110677
     899   -0.109832
     900   -0.109832
     901   -0.109025
     902   -0.109025
     903   -0.108022
     904   -0.108022
     905   -0.106808
     906   -0.106808
     907   -0.105597
     908   -0.105597
     909   -0.104490
     910   -0.104490
     911   -0.103558
     912   -0.103558
     913   -0.103177
     914   -0.103177
     915   -0.103599
     916   -0.103599
     917   -0.104392
     918   -0.104392
     919   -0.104930
     920   -0.104930
     921   -0.105185
     922   -0.105185
     923   -0.105592
     924   -0.105592
     925   -0.106083
     926   -0.106083
     927   -0.106098
     928   -0.106098
     929   -0.105739
     930   -0.105739
     931   -0.105662
     932   -0.105662
     933   -0.105776
     934   -0.105776
     935   -0.105362
     936   -0.105362
     937   -0.104469
     938   -0.104469
     939   -0.103844
     940   -0.103844
     941   -0.103436
     942   -0.103436
     943   -0.102430
     944   -0.102430
     945   -0.100893
     946   -0.100893
     947   -0.099750
     948   -0.099750
     949   -0.098991
     950   -0.098991
     951   -0.097598
     952   -0.097598
     953   -0.095521
     954   -0.095521
     955   -0.093774
     956   -0.093774
     957   -0.092398
     958   -0.092398
     959   -0.090337
     960   -0.090337
     961   -0.087458
     962   -0.087458
     963   -0.084706
     964   -0.084706
     965   -0.081832
     966   -0.081832
     967   -0.077454
     968   -0.077454
     969   -0.071940
     970   -0.071940
     971   -0.067293
     972   -0.067293
     973   -0.063817
     974   -0.063817
     975   -0.060228
     976   -0.060228
     977   -0.056648
     978   -0.056648
     979   -0.053037
     980   -0.053037
     981   -0.048054
     982   -0.048054
     983   -0.040371
     984   -0.040371
     985   -0.031151
     986   -0.031151
     987   -0.024201
     988   -0.024201
     989   -0.020219
     990   -0.020219
     991   -0.173144
     992   -0.173144
     993   -0.170699
     994   -0.170699
     995   -0.167265
     996   -0.167265
     997   -0.164004
     998   -0.164004
     999   -0.160912
    1000   -0.160912
    1001   -0.158626
    1002   -0.158626
    1003   -0.157212
    1004   -0.157212
    1005   -0.155979
    1006   -0.155979
    1007   -0.154716
    1008   -0.154716
    1009   -0.153639
    1010   -0.153639
    1011   -0.152893
    1012   -0.152893
    1013   -0.152561
    1014   -0.152561
    1015   -0.152564
    1016   -0.152564
    1017   -0.152594
    1018   -0.152594
    1019   -0.152511
    1020   -0.152511
    1021   -0.152371
    1022   -0.152371
    1023   -0.152232
    1024   -0.152232
    1025   -0.152108
    1026   -0.152108
    1027   -0.151961
    1028   -0.151961
    1029   -0.151767
    1030   -0.151767
    1031   -0.151551
    1032   -0.151551
    1033   -0.151329
    1034   -0.151329
    1035   -0.151095
    1036   -0.151095
    1037   -0.150842
    1038   -0.150842
    1039   -0.150588
    1040   -0.150588
    1041   -0.150351
    1042   -0.150351
    1043   -0.150101
    1044   -0.150101
    1045   -0.149803
    1046   -0.149803
    1047   -0.149485
    1048   -0.149485
    1049   -0.149191
    1050   -0.149191
    1051   -0.148901
    1052   -0.148901
    1053   -0.148573
    1054   -0.148573
    1055   -0.148217
    1056   -0.148217
    1057   -0.147867
    1058   -0.147867
    1059   -0.147517
    1060   -0.147517
    1061   -0.147129
    1062   -0.147129
    1063   -0.146710
    1064   -0.146710
    1065   -0.146299
    1066   -0.146299
    1067   -0.145861
    1068   -0.145861
    1069   -0.145346
    1070   -0.145346
    1071   -0.144789
    1072   -0.144789
    1073   -0.144261
    1074   -0.144261
    1075   -0.143739
    1076   -0.143739
    1077   -0.143125
    1078   -0.143125
    1079   -0.142423
    1080   -0.142423
    1081   -0.141746
    1082   -0.141746
    1083   -0.141083
    1084   -0.141083
    1085   -0.140337
    1086   -0.140337
    1087   -0.139550
    1088   -0.139550
    1089   -0.138824
    1090   -0.138824
    1091   -0.138104
    1092   -0.138104
    1093   -0.137243
    1094   -0.137243
    1095   -0.136264
    1096   -0.136264
    1097   -0.135281
    1098   -0.135281
    1099   -0.134251
    1100   -0.134251
    1101   -0.133024
    1102   -0.133024
    1103   -0.131602
    1104   -0.131602
    1105   -0.130170
    1106   -0.130170
    1107   -0.128856
    1108   -0.128856
    1109   -0.127829
    1110   -0.127829
    1111   -0.127429
    1112   -0.127429
    1113   -0.127745
    1114   -0.127745
    1115   -0.128376
    1116   -0.128376
    1117   -0.128909
    1118   -0.128909
    1119   -0.129292
    1120   -0.129292
    1121   -0.129645
    1122   -0.129645
    1123   -0.129898
    1124   -0.129898
    1125   -0.129852
    1126   -0.129852
    1127   -0.129606
    1128   -0.129606
    1129   -0.129445
    1130   -0.129445
    1131   -0.129274
    1132   -0.129274
    1133   -0.128779
    1134   -0.128779
    1135   -0.128020
    1136   -0.128020
    1137   -0.127307
    1138   -0.127307
    1139   -0.126582
    1140   -0.126582
    1141   -0.125506
    1142   -0.125506
    1143   -0.124118
    1144   -0.124118
    1145   -0.122787
    1146   -0.122787
    1147   -0.121502
    1148   -0.121502
    1149   -0.119847
    1150   -0.119847
    1151   -0.117802
    1152   -0.117802
    1153   -0.115820
    1154   -0.115820
    1155   -0.113886
    1156   -0.113886
    1157   -0.111432
    1158   -0.111432
    1159   -0.108395
    1160   -0.108395
    1161   -0.105254
    1162   -0.105254
    1163   -0.101825
    1164   -0.101825
    1165   -0.097302
    1166   -0.097302
    1167   -0.091937
    1168   -0.091937
    1169   -0.086943
    1170   -0.086943
    1171   -0.082497
    1172   -0.082497
    1173   -0.077811
    1174   -0.077811
    1175   -0.073583
    1176   -0.073583
    1177   -0.069513
    1178   -0.069513
    1179   -0.063575
    1180   -0.063575
    1181   -0.055722
    1182   -0.055722
    1183   -0.046702
    1184   -0.046702
    1185   -0.038098
    1186   -0.038098
    1187   -0.031962
    1188   -0.031962
    1189   -0.207436
    1190   -0.207436
    1191   -0.205387
    1192   -0.205387
    1193   -0.202459
    1194   -0.202459
    1195   -0.199434
    1196   -0.199434
    1197   -0.196367
    1198   -0.196367
    1199   -0.194030
    1200   -0.194030
    1201   -0.192474
    1202   -0.192474
    1203   -0.191026
    1204   -0.191026
    1205   -0.189606
    1206   -0.189606
    1207   -0.188600
    1208   -0.188600
    1209   -0.188108
    1210   -0.188108
    1211   -0.187984
    1212   -0.187984
    1213   -0.188071
    1214   -0.188071
    1215   -0.188119
    1216   -0.188119
    1217   -0.187996
    1218   -0.187996
    1219   -0.187763
    1220   -0.187763
    1221   -0.187521
    1222   -0.187521
    1223   -0.187304
    1224   -0.187304
    1225   -0.187051
    1226   -0.187051
    1227   -0.186742
    1228   -0.186742
    1229   -0.186449
    1230   -0.186449
    1231   -0.186204
    1232   -0.186204
    1233   -0.185951
    1234   -0.185951
    1235   -0.185666
    1236   -0.185666
    1237   -0.185395
    1238   -0.185395
    1239   -0.185135
    1240   -0.185135
    1241   -0.184813
    1242   -0.184813
    1243   -0.184425
    1244   -0.184425
    1245   -0.184051
    1246   -0.184051
    1247   -0.183716
    1248   -0.183716
    1249   -0.183345
    1250   -0.183345
    1251   -0.182908
    1252   -0.182908
    1253   -0.182468
    1254   -0.182468
    1255   -0.182057
    1256   -0.182057
    1257   -0.181626
    1258   -0.181626
    1259   -0.181149
    1260   -0.181149
    1261   -0.180671
    1262   -0.180671
    1263   -0.180209
    1264   -0.180209
    1265   -0.179705
    1266   -0.179705
    1267   -0.179141
    1268   -0.179141
    1269   -0.178573
    1270   -0.178573
    1271   -0.178009
    1272   -0.178009
    1273   -0.177387
    1274   -0.177387
    1275   -0.176685
    1276   -0.176685
    1277   -0.175952
    1278   -0.175952
    1279   -0.175228
    1280   -0.175228
    1281   -0.174468
    1282   -0.174468
    1283   -0.173637
    1284   -0.173637
    1285   -0.172795
    1286   -0.172795
    1287   -0.171978
    1288   -0.171978
    1289   -0.171101
    1290   -0.171101
    1291   -0.170096
    1292   -0.170096
    1293   -0.169000
    1294   -0.169000
    1295   -0.167843
    1296   -0.167843
    1297   -0.166582
    1298   -0.166582
    1299   -0.165147
    1300   -0.165147
    1301   -0.163543
    1302   -0.163543
    1303   -0.161876
    1304   -0.161876
    1305   -0.160277
    1306   -0.160277
    1307   -0.158989
    1308   -0.158989
    1309   -0.158385
    1310   -0.158385
    1311   -0.158509
    1312   -0.158509
    1313   -0.158941
    1314   -0.158941
    1315   -0.159303
    1316   -0.159303
    1317   -0.159518
    1318   -0.159518
    1319   -0.159635
    1320   -0.159635
    1321   -0.159648
    1322   -0.159648
    1323   -0.159517
    1324   -0.159517
    1325   -0.159257
    1326   -0.159257
    1327   -0.158933
    1328   -0.158933
    1329   -0.158514
    1330   -0.158514
    1331   -0.157889
    1332   -0.157889
    1333   -0.157093
    1334   -0.157093
    1335   -0.156235
    1336   -0.156235
    1337   -0.155260
    1338   -0.155260
    1339   -0.154049
    1340   -0.154049
    1341   -0.152615
    1342   -0.152615
    1343   -0.151068
    1344   -0.151068
    1345   -0.149381
    1346   -0.149381
    1347   -0.147427
    1348   -0.147427
    1349   -0.145237
    1350   -0.145237
    1351   -0.142985
    1352   -0.142985
    1353   -0.140596
    1354   -0.140596
    1355   -0.137729
    1356   -0.137729
    1357   -0.134367
    1358   -0.134367
    1359   -0.130773
    1360   -0.130773
    1361   -0.126880
    1362   -0.126880
    1363   -0.122320
    1364   -0.122320
    1365   -0.117180
    1366   -0.117180
    1367   -0.111954
    1368   -0.111954
    1369   -0.106788
    1370   -0.106788
    1371   -0.101116
    1372   -0.101116
    1373   -0.095243
    1374   -0.095243
    1375   -0.089248
    1376   -0.089248
    1377   -0.081781
    1378   -0.081781
    1379   -0.073063
    1380   -0.073063
    1381   -0.063177
    1382   -0.063177
    1383   -0.052434
    1384   -0.052434
    1385   -0.044086
    1386   -0.044086
    1387   -0.246887
    1388   -0.246887
    1389   -0.245291
    1390   -0.245291
    1391   -0.243142
    1392   -0.243142
    1393   -0.241313
    1394   -0.241313
    1395   -0.239778
    1396   -0.239778
    1397   -0.238578
    1398   -0.238578
    1399   -0.237545
    1400   -0.237545
    1401   -0.236236
    1402   -0.236236
    1403   -0.234760
    1404   -0.234760
    1405   -0.233786
    1406   -0.233786
    1407   -0.233402
    1408   -0.233402
    1409   -0.233157
    1410   -0.233157
    1411   -0.232869
    1412   -0.232869
    1413   -0.232594
    1414   -0.232594
    1415   -0.232313
    1416   -0.232313
    1417   -0.231976
    1418   -0.231976
    1419   -0.231614
    1420   -0.231614
    1421   -0.231283
    1422   -0.231283
    1423   -0.230959
    1424   -0.230959
    1425   -0.230594
    1426   -0.230594
    1427   -0.230217
    1428   -0.230217
    1429   -0.229894
    1430   -0.229894
    1431   -0.229605
    1432   -0.229605
    1433   -0.229303
    1434   -0.229303
    1435   -0.228996
    1436   -0.228996
    1437   -0.228674
    1438   -0.228674
    1439   -0.228297
    1440   -0.228297
    1441   -0.227875
    1442   -0.227875
    1443   -0.227455
    1444   -0.227455
    1445   -0.227046
    1446   -0.227046
    1447   -0.226600
    1448   -0.226600
    1449   -0.226099
    1450   -0.226099
    1451   -0.225594
    1452   -0.225594
    1453   -0.225117
    1454   -0.225117
    1455   -0.224631
    1456   -0.224631
    1457   -0.224100
    1458   -0.224100
    1459   -0.223549
    1460   -0.223549
    1461   -0.222994
    1462   -0.222994
    1463   -0.222405
    1464   -0.222405
    1465   -0.221761
    1466   -0.221761
    1467   -0.221092
    1468   -0.221092
    1469   -0.220418
    1470   -0.220418
    1471   -0.219710
    1472   -0.219710
    1473   -0.218965
    1474   -0.218965
    1475   -0.218199
    1476   -0.218199
    1477   -0.217388
    1478   -0.217388
    1479   -0.216518
    1480   -0.216518
    1481   -0.215611
    1482   -0.215611
    1483   -0.214687
    1484   -0.214687
    1485   -0.213722
    1486   -0.213722
    1487   -0.212662
    1488   -0.212662
    1489   -0.211493
    1490   -0.211493
    1491   -0.210240
    1492   -0.210240
    1493   -0.208909
    1494   -0.208909
    1495   -0.207470
    1496   -0.207470
    1497   -0.205877
    1498   -0.205877
    1499   -0.204121
    1500   -0.204121
    1501   -0.202275
    1502   -0.202275
    1503   -0.200470
    1504   -0.200470
    1505   -0.198953
    1506   -0.198953
    1507   -0.198120
    1508   -0.198120
    1509   -0.198060
    1510   -0.198060
    1511   -0.198333
    1512   -0.198333
    1513   -0.198462
    1514   -0.198462
    1515   -0.198368
    1516   -0.198368
    1517   -0.198234
    1518   -0.198234
    1519   -0.198084
    1520   -0.198084
    1521   -0.197776
    1522   -0.197776
    1523   -0.197269
    1524   -0.197269
    1525   -0.196692
    1526   -0.196692
    1527   -0.196069
    1528   -0.196069
    1529   -0.195243
    1530   -0.195243
    1531   -0.194218
    1532   -0.194218
    1533   -0.193141
    1534   -0.193141
    1535   -0.191971
    1536   -0.191971
    1537   -0.190538
    1538   -0.190538
    1539   -0.188838
    1540   -0.188838
    1541   -0.187010
    1542   -0.187010
    1543   -0.185020
    1544   -0.185020
    1545   -0.182725
    1546   -0.182725
    1547   -0.180190
    1548   -0.180190
    1549   -0.177598
    1550   -0.177598
    1551   -0.174850
    1552   -0.174850
    1553   -0.171579
    1554   -0.171579
    1555   -0.167777
    1556   -0.167777
    1557   -0.163721
    1558   -0.163721
    1559   -0.159451
    1560   -0.159451
    1561   -0.154796
    1562   -0.154796
    1563   -0.149682
    1564   -0.149682
    1565   -0.144186
    1566   -0.144186
    1567   -0.138599
    1568   -0.138599
    1569   -0.132293
    1570   -0.132293
    1571   -0.124401
    1572   -0.124401
    1573   -0.115714
    1574   -0.115714
    1575   -0.106376
    1576   -0.106376
    1577   -0.095746
    1578   -0.095746
    1579   -0.083274
    1580   -0.083274
    1581   -0.069488
    1582   -0.069488
    1583   -0.058572
    1584   -0.058572
    1585   -0.294373
    1586   -0.294373
    1587   -0.292996
    1588   -0.292996
    1589   -0.291152
    1590   -0.291152
    1591   -0.289753
    1592   -0.289753
    1593   -0.288836
    1594   -0.288836
    1595   -0.288311
    1596   -0.288311
    1597   -0.288005
    1598   -0.288005
    1599   -0.287568
    1600   -0.287568
    1601   -0.286996
    1602   -0.286996
    1603   -0.286671
    1604   -0.286671
    1605   -0.286585
    1606   -0.286585
    1607   -0.286357
    1608   -0.286357
    1609   -0.285911
    1610   -0.285911
    1611   -0.285475
    1612   -0.285475
    1613   -0.285118
    1614   -0.285118
    1615   -0.284748
    1616   -0.284748
    1617   -0.284351
    1618   -0.284351
    1619   -0.283972
    1620   -0.283972
    1621   -0.283615
    1622   -0.283615
    1623   -0.283214
    1624   -0.283214
    1625   -0.282762
    1626   -0.282762
    1627   -0.282332
    1628   -0.282332
    1629   -0.281946
    1630   -0.281946
    1631   -0.281567
    1632   -0.281567
    1633   -0.281172
    1634   -0.281172
    1635   -0.280761
    1636   -0.280761
    1637   -0.280336
    1638   -0.280336
    1639   -0.279907
    1640   -0.279907
    1641   -0.279473
    1642   -0.279473
    1643   -0.279020
    1644   -0.279020
    1645   -0.278534
    1646   -0.278534
    1647   -0.278008
    1648   -0.278008
    1649   -0.277463
    1650   -0.277463
    1651   -0.276924
    1652   -0.276924
    1653   -0.276381
    1654   -0.276381
    1655   -0.275799
    1656   -0.275799
    1657   -0.275168
    1658   -0.275168
    1659   -0.274503
    1660   -0.274503
    1661   -0.273806
    1662   -0.273806
    1663   -0.273065
    1664   -0.273065
    1665   -0.272291
    1666   -0.272291
    1667   -0.271517
    1668   -0.271517
    1669   -0.270745
    1670   -0.270745
    1671   -0.269960
    1672   -0.269960
    1673   -0.269137
    1674   -0.269137
    1675   -0.268233
    1676   -0.268233
    1677   -0.267254
    1678   -0.267254
    1679   -0.266235
    1680   -0.266235
    1681   -0.265163
    1682   -0.265163
    1683   -0.264005
    1684   -0.264005
    1685   -0.262758
    1686   -0.262758
    1687   -0.261428
    1688   -0.261428
    1689   -0.260017
    1690   -0.260017
    1691   -0.258522
    1692   -0.258522
    1693   -0.256917
    1694   -0.256917
    1695   -0.255173
    1696   -0.255173
    1697   -0.253296
    1698   -0.253296
    1699   -0.251337
    1700   -0.251337
    1701   -0.249411
    1702   -0.249411
    1703   -0.247757
    1704   -0.247757
    1705   -0.246778
    1706   -0.246778
    1707   -0.246570
    1708   -0.246570
    1709   -0.246694
    1710   -0.246694
    1711   -0.246675
    1712   -0.246675
    1713   -0.246445
    1714   -0.246445
    1715   -0.246195
    1716   -0.246195
    1717   -0.245922
    1718   -0.245922
    1719   -0.245434
    1720   -0.245434
    1721   -0.244695
    1722   -0.244695
    1723   -0.243887
    1724   -0.243887
    1725   -0.243045
    1726   -0.243045
    1727   -0.242010
    1728   -0.242010
    1729   -0.240766
    1730   -0.240766
    1731   -0.239456
    1732   -0.239456
    1733   -0.238056
    1734   -0.238056
    1735   -0.236394
    1736   -0.236394
    1737   -0.234453
    1738   -0.234453
    1739   -0.232346
    1740   -0.232346
    1741   -0.230045
    1742   -0.230045
    1743   -0.227405
    1744   -0.227405
    1745   -0.224468
    1746   -0.224468
    1747   -0.221421
    1748   -0.221421
    1749   -0.218187
    1750   -0.218187
    1751   -0.214428
    1752   -0.214428
    1753   -0.210136
    1754   -0.210136
    1755   -0.205577
    1756   -0.205577
    1757   -0.200786
    1758   -0.200786
    1759   -0.195586
    1760   -0.195586
    1761   -0.189840
    1762   -0.189840
    1763   -0.183544
    1764   -0.183544
    1765   -0.176977
    1766   -0.176977
    1767   -0.169542
    1768   -0.169542
    1769   -0.159967
    1770   -0.159967
    1771   -0.148977
    1772   -0.148977
    1773   -0.137212
    1774   -0.137212
    1775   -0.123689
    1776   -0.123689
    1777   -0.107661
    1778   -0.107661
    1779   -0.090033
    1780   -0.090033
    1781   -0.075882
    1782   -0.075882
    1783   -0.352783
    1784   -0.352783
    1785   -0.351604
    1786   -0.351604
    1787   -0.349874
    1788   -0.349874
    1789   -0.348185
    1790   -0.348185
    1791   -0.346755
    1792   -0.346755
    1793   -0.346137
    1794   -0.346137
    1795   -0.346403
    1796   -0.346403
    1797   -0.347138
    1798   -0.347138
    1799   -0.348004
    1800   -0.348004
    1801   -0.348672
    1802   -0.348672
    1803   -0.348998
    1804   -0.348998
    1805   -0.348979
    1806   -0.348979
    1807   -0.348703
    1808   -0.348703
    1809   -0.348380
    1810   -0.348380
    1811   -0.348090
    1812   -0.348090
    1813   -0.347780
    1814   -0.347780
    1815   -0.347427
    1816   -0.347427
    1817   -0.347058
    1818   -0.347058
    1819   -0.346682
    1820   -0.346682
    1821   -0.346262
    1822   -0.346262
    1823   -0.345779
    1824   -0.345779
    1825   -0.345277
    1826   -0.345277
    1827   -0.344785
    1828   -0.344785
    1829   -0.344299
    1830   -0.344299
    1831   -0.343799
    1832   -0.343799
    1833   -0.343295
    1834   -0.343295
    1835   -0.342818
    1836   -0.342818
    1837   -0.342371
    1838   -0.342371
    1839   -0.341924
    1840   -0.341924
    1841   -0.341444
    1842   -0.341444
    1843   -0.340931
    1844   -0.340931
    1845   -0.340387
    1846   -0.340387
    1847   -0.339806
    1848   -0.339806
    1849   -0.339195
    1850   -0.339195
    1851   -0.338562
    1852   -0.338562
    1853   -0.337891
    1854   -0.337891
    1855   -0.337168
    1856   -0.337168
    1857   -0.336405
    1858   -0.336405
    1859   -0.335619
    1860   -0.335619
    1861   -0.334805
    1862   -0.334805
    1863   -0.333956
    1864   -0.333956
    1865   -0.333099
    1866   -0.333099
    1867   -0.332248
    1868   -0.332248
    1869   -0.331377
    1870   -0.331377
    1871   -0.330458
    1872   -0.330458
    1873   -0.329469
    1874   -0.329469
    1875   -0.328393
    1876   -0.328393
    1877   -0.327217
    1878   -0.327217
    1879   -0.325938
    1880   -0.325938
    1881   -0.324571
    1882   -0.324571
    1883   -0.323144
    1884   -0.323144
    1885   -0.321651
    1886   -0.321651
    1887   -0.320067
    1888   -0.320067
    1889   -0.318388
    1890   -0.318388
    1891   -0.316598
    1892   -0.316598
    1893   -0.314683
    1894   -0.314683
    1895   -0.312654
    1896   -0.312654
    1897   -0.310555
    1898   -0.310555
    1899   -0.308477
    1900   -0.308477
    1901   -0.306635
    1902   -0.306635
    1903   -0.305438
    1904   -0.305438
    1905   -0.305003
    1906   -0.305003
    1907   -0.304932
    1908   -0.304932
    1909   -0.304818
    1910   -0.304818
    1911   -0.304570
    1912   -0.304570
    1913   -0.304275
    1914   -0.304275
    1915   -0.303904
    1916   -0.303904
    1917   -0.303322
    1918   -0.303322
    1919   -0.302516
    1920   -0.302516
    1921   -0.301591
    1922   -0.301591
    1923   -0.300558
    1924   -0.300558
    1925   -0.299340
    1926   -0.299340
    1927   -0.297929
    1928   -0.297929
    1929   -0.296386
    1930   -0.296386
    1931   -0.294699
    1932   -0.294699
    1933   -0.292777
    1934   -0.292777
    1935   -0.290605
    1936   -0.290605
    1937   -0.288211
    1938   -0.288211
    1939   -0.285586
    1940   -0.285586
    1941   -0.282611
    1942   -0.282611
    1943   -0.279269
    1944   -0.279269
    1945   -0.275698
    1946   -0.275698
    1947   -0.271836
    1948   -0.271836
    1949   -0.267465
    1950   -0.267465
    1951   -0.262604
    1952   -0.262604
    1953   -0.257443
    1954   -0.257443
    1955   -0.251909
    1956   -0.251909
    1957   -0.245710
    1958   -0.245710
    1959   -0.238743
    1960   -0.238743
    1961   -0.231093
    1962   -0.231093
    1963   -0.222813
    1964   -0.222813
    1965   -0.213536
    1966   -0.213536
    1967   -0.202448
    1968   -0.202448
    1969   -0.189442
    1970   -0.189442
    1971   -0.174617
    1972   -0.174617
    1973   -0.157341
    1974   -0.157341
    1975   -0.137104
    1976   -0.137104
    1977   -0.115017
    1978   -0.115017
    1979   -0.097071
    1980   -0.097071
    1981   -0.425707
    1982   -0.425707
    1983   -0.424964
    1984   -0.424964
    1985   -0.423747
    1986   -0.423747
    1987   -0.422284
    1988   -0.422284
    1989   -0.420815
    1990   -0.420815
    1991   -0.420140
    1992   -0.420140
    1993   -0.420478
    1994   -0.420478
    1995   -0.421440
    1996   -0.421440
    1997   -0.422606
    1998   -0.422606
    1999   -0.423467
    2000   -0.423467
    2001   -0.423884
    2002   -0.423884
    2003   -0.424016
    2004   -0.424016
    2005   -0.423965
    2006   -0.423965
    2007   -0.423823
    2008   -0.423823
    2009   -0.423646
    2010   -0.423646
    2011   -0.423444
    2012   -0.423444
    2013   -0.423194
    2014   -0.423194
    2015   -0.422877
    2016   -0.422877
    2017   -0.422509
    2018   -0.422509
    2019   -0.422104
    2020   -0.422104
    2021   -0.421654
    2022   -0.421654
    2023   -0.421158
    2024   -0.421158
    2025   -0.420640
    2026   -0.420640
    2027   -0.420109
    2028   -0.420109
    2029   -0.419551
    2030   -0.419551
    2031   -0.418983
    2032   -0.418983
    2033   -0.418441
    2034   -0.418441
    2035   -0.417931
    2036   -0.417931
    2037   -0.417412
    2038   -0.417412
    2039   -0.416854
    2040   -0.416854
    2041   -0.416268
    2042   -0.416268
    2043   -0.415655
    2044   -0.415655
    2045   -0.414992
    2046   -0.414992
    2047   -0.414279
    2048   -0.414279
    2049   -0.413533
    2050   -0.413533
    2051   -0.412752
    2052   -0.412752
    2053   -0.411928
    2054   -0.411928
    2055   -0.411075
    2056   -0.411075
    2057   -0.410218
    2058   -0.410218
    2059   -0.409351
    2060   -0.409351
    2061   -0.408442
    2062   -0.408442
    2063   -0.407488
    2064   -0.407488
    2065   -0.406513
    2066   -0.406513
    2067   -0.405523
    2068   -0.405523
    2069   -0.404494
    2070   -0.404494
    2071   -0.403394
    2072   -0.403394
    2073   -0.402184
    2074   -0.402184
    2075   -0.400818
    2076   -0.400818
    2077   -0.399303
    2078   -0.399303
    2079   -0.397704
    2080   -0.397704
    2081   -0.396065
    2082   -0.396065
    2083   -0.394363
    2084   -0.394363
    2085   -0.392567
    2086   -0.392567
    2087   -0.390678
    2088   -0.390678
    2089   -0.388696
    2090   -0.388696
    2091   -0.386610
    2092   -0.386610
    2093   -0.384420
    2094   -0.384420
    2095   -0.382158
    2096   -0.382158
    2097   -0.379917
    2098   -0.379917
    2099   -0.377958
    2100   -0.377958
    2101   -0.376664
    2102   -0.376664
    2103   -0.376083
    2104   -0.376083
    2105   -0.375863
    2106   -0.375863
    2107   -0.375682
    2108   -0.375682
    2109   -0.375407
    2110   -0.375407
    2111   -0.375029
    2112   -0.375029
    2113   -0.374519
    2114   -0.374519
    2115   -0.373796
    2116   -0.373796
    2117   -0.372861
    2118   -0.372861
    2119   -0.371769
    2120   -0.371769
    2121   -0.370511
    2122   -0.370511
    2123   -0.369060
    2124   -0.369060
    2125   -0.367407
    2126   -0.367407
    2127   -0.365553
    2128   -0.365553
    2129   -0.363484
    2130   -0.363484
    2131   -0.361165
    2132   -0.361165
    2133   -0.358602
    2134   -0.358602
    2135   -0.355809
    2136   -0.355809
    2137   -0.352777
    2138   -0.352777
    2139   -0.349407
    2140   -0.349407
    2141   -0.345633
    2142   -0.345633
    2143   -0.341493
    2144   -0.341493
    2145   -0.336930
    2146   -0.336930
    2147   -0.331873
    2148   -0.331873
    2149   -0.326360
    2150   -0.326360
    2151   -0.320451
    2152   -0.320451
    2153   -0.314041
    2154   -0.314041
    2155   -0.306855
    2156   -0.306855
    2157   -0.298737
    2158   -0.298737
    2159   -0.289602
    2160   -0.289602
    2161   -0.279311
    2162   -0.279311
    2163   -0.267964
    2164   -0.267964
    2165   -0.255178
    2166   -0.255178
    2167   -0.239958
    2168   -0.239958
    2169   -0.221801
    2170   -0.221801
    2171   -0.200294
    2172   -0.200294
    2173   -0.175106
    2174   -0.175106
    2175   -0.147639
    2176   -0.147639
    2177   -0.125126
    2178   -0.125126
    2179   -0.520521
    2180   -0.520521
    2181   -0.520692
    2182   -0.520692
    2183   -0.520794
    2184   -0.520794
    2185   -0.520630
    2186   -0.520630
    2187   -0.520242
    2188   -0.520242
    2189   -0.520036
    2190   -0.520036
    2191   -0.520166
    2192   -0.520166
    2193   -0.520427
    2194   -0.520427
    2195   -0.520669
    2196   -0.520669
    2197   -0.520836
    2198   -0.520836
    2199   -0.520941
    2200   -0.520941
    2201   -0.521042
    2202   -0.521042
    2203   -0.521123
    2204   -0.521123
    2205   -0.521108
    2206   -0.521108
    2207   -0.521004
    2208   -0.521004
    2209   -0.520889
    2210   -0.520889
    2211   -0.520754
    2212   -0.520754
    2213   -0.520518
    2214   -0.520518
    2215   -0.520181
    2216   -0.520181
    2217   -0.519810
    2218   -0.519810
    2219   -0.519411
    2220   -0.519411
    2221   -0.518957
    2222   -0.518957
    2223   -0.518454
    2224   -0.518454
    2225   -0.517919
    2226   -0.517919
    2227   -0.517352
    2228   -0.517352
    2229   -0.516756
    2230   -0.516756
    2231   -0.516140
    2232   -0.516140
    2233   -0.515508
    2234   -0.515508
    2235   -0.514848
    2236   -0.514848
    2237   -0.514158
    2238   -0.514158
    2239   -0.513442
    2240   -0.513442
    2241   -0.512690
    2242   -0.512690
    2243   -0.511890
    2244   -0.511890
    2245   -0.511050
    2246   -0.511050
    2247   -0.510181
    2248   -0.510181
    2249   -0.509280
    2250   -0.509280
    2251   -0.508346
    2252   -0.508346
    2253   -0.507388
    2254   -0.507388
    2255   -0.506429
    2256   -0.506429
    2257   -0.505469
    2258   -0.505469
    2259   -0.504468
    2260   -0.504468
    2261   -0.503393
    2262   -0.503393
    2263   -0.502263
    2264   -0.502263
    2265   -0.501130
    2266   -0.501130
    2267   -0.499968
    2268   -0.499968
    2269   -0.498702
    2270   -0.498702
    2271   -0.497294
    2272   -0.497294
    2273   -0.495707
    2274   -0.495707
    2275   -0.493949
    2276   -0.493949
    2277   -0.492099
    2278   -0.492099
    2279   -0.490195
    2280   -0.490195
    2281   -0.488236
    2282   -0.488236
    2283   -0.486204
    2284   -0.486204
    2285   -0.484079
    2286   -0.484079
    2287   -0.481861
    2288   -0.481861
    2289   -0.479560
    2290   -0.479560
    2291   -0.477188
    2292   -0.477188
    2293   -0.474755
    2294   -0.474755
    2295   -0.472358
    2296   -0.472358
    2297   -0.470389
    2298   -0.470389
    2299   -0.469209
    2300   -0.469209
    2301   -0.468658
    2302   -0.468658
    2303   -0.468386
    2304   -0.468386
    2305   -0.468177
    2306   -0.468177
    2307   -0.467864
    2308   -0.467864
    2309   -0.467349
    2310   -0.467349
    2311   -0.466612
    2312   -0.466612
    2313   -0.465623
    2314   -0.465623
    2315   -0.464393
    2316   -0.464393
    2317   -0.462981
    2318   -0.462981
    2319   -0.461392
    2320   -0.461392
    2321   -0.459579
    2322   -0.459579
    2323   -0.457503
    2324   -0.457503
    2325   -0.455171
    2326   -0.455171
    2327   -0.452583
    2328   -0.452583
    2329   -0.449699
    2330   -0.449699
    2331   -0.446532
    2332   -0.446532
    2333   -0.443121
    2334   -0.443121
    2335   -0.439445
    2336   -0.439445
    2337   -0.435447
    2338   -0.435447
    2339   -0.431038
    2340   -0.431038
    2341   -0.426130
    2342   -0.426130
    2343   -0.420680
    2344   -0.420680
    2345   -0.414722
    2346   -0.414722
    2347   -0.408273
    2348   -0.408273
    2349   -0.401304
    2350   -0.401304
    2351   -0.393800
    2352   -0.393800
    2353   -0.385621
    2354   -0.385621
    2355   -0.376471
    2356   -0.376471
    2357   -0.365931
    2358   -0.365931
    2359   -0.353558
    2360   -0.353558
    2361   -0.339690
    2362   -0.339690
    2363   -0.324450
    2364   -0.324450
    2365   -0.306497
    2366   -0.306497
    2367   -0.284772
    2368   -0.284772
    2369   -0.258581
    2370   -0.258581
    2371   -0.227481
    2372   -0.227481
    2373   -0.193187
    2374   -0.193187
    2375   -0.164732
    2376   -0.164732
    2377   -0.648989
    2378   -0.648989
    2379   -0.650605
    2380   -0.650605
    2381   -0.652856
    2382   -0.652856
    2383   -0.655071
    2384   -0.655071
    2385   -0.657013
    2386   -0.657013
    2387   -0.658135
    2388   -0.658135
    2389   -0.658411
    2390   -0.658411
    2391   -0.658125
    2392   -0.658125
    2393   -0.657552
    2394   -0.657552
    2395   -0.657067
    2396   -0.657067
    2397   -0.656822
    2398   -0.656822
    2399   -0.656762
    2400   -0.656762
    2401   -0.656793
    2402   -0.656793
    2403   -0.656778
    2404   -0.656778
    2405   -0.656685
    2406   -0.656685
    2407   -0.656586
    2408   -0.656586
    2409   -0.656479
    2410   -0.656479
    2411   -0.656277
    2412   -0.656277
    2413   -0.655965
    2414   -0.655965
    2415   -0.655604
    2416   -0.655604
    2417   -0.655209
    2418   -0.655209
    2419   -0.654746
    2420   -0.654746
    2421   -0.654212
    2422   -0.654212
    2423   -0.653626
    2424   -0.653626
    2425   -0.653002
    2426   -0.653002
    2427   -0.652351
    2428   -0.652351
    2429   -0.651656
    2430   -0.651656
    2431   -0.650894
    2432   -0.650894
    2433   -0.650078
    2434   -0.650078
    2435   -0.649235
    2436   -0.649235
    2437   -0.648360
    2438   -0.648360
    2439   -0.647439
    2440   -0.647439
    2441   -0.646476
    2442   -0.646476
    2443   -0.645483
    2444   -0.645483
    2445   -0.644460
    2446   -0.644460
    2447   -0.643397
    2448   -0.643397
    2449   -0.642300
    2450   -0.642300
    2451   -0.641183
    2452   -0.641183
    2453   -0.640052
    2454   -0.640052
    2455   -0.638910
    2456   -0.638910
    2457   -0.637738
    2458   -0.637738
    2459   -0.636491
    2460   -0.636491
    2461   -0.635166
    2462   -0.635166
    2463   -0.633811
    2464   -0.633811
    2465   -0.632405
    2466   -0.632405
    2467   -0.630878
    2468   -0.630878
    2469   -0.629210
    2470   -0.629210
    2471   -0.627389
    2472   -0.627389
    2473   -0.625422
    2474   -0.625422
    2475   -0.623346
    2476   -0.623346
    2477   -0.621174
    2478   -0.621174
    2479   -0.618921
    2480   -0.618921
    2481   -0.616588
    2482   -0.616588
    2483   -0.614146
    2484   -0.614146
    2485   -0.611580
    2486   -0.611580
    2487   -0.608907
    2488   -0.608907
    2489   -0.606167
    2490   -0.606167
    2491   -0.603376
    2492   -0.603376
    2493   -0.600622
    2494   -0.600622
    2495   -0.598358
    2496   -0.598358
    2497   -0.597014
    2498   -0.597014
    2499   -0.596345
    2500   -0.596345
    2501   -0.595922
    2502   -0.595922
    2503   -0.595549
    2504   -0.595549
    2505   -0.595044
    2506   -0.595044
    2507   -0.594265
    2508   -0.594265
    2509   -0.593192
    2510   -0.593192
    2511   -0.591829
    2512   -0.591829
    2513   -0.590179
    2514   -0.590179
    2515   -0.588294
    2516   -0.588294
    2517   -0.586207
    2518   -0.586207
    2519   -0.583815
    2520   -0.583815
    2521   -0.581058
    2522   -0.581058
    2523   -0.578001
    2524   -0.578001
    2525   -0.574669
    2526   -0.574669
    2527   -0.571022
    2528   -0.571022
    2529   -0.567044
    2530   -0.567044
    2531   -0.562733
    2532   -0.562733
    2533   -0.558054
    2534   -0.558054
    2535   -0.553008
    2536   -0.553008
    2537   -0.547511
    2538   -0.547511
    2539   -0.541437
    2540   -0.541437
    2541   -0.534774
    2542   -0.534774
    2543   -0.527546
    2544   -0.527546
    2545   -0.519723
    2546   -0.519723
    2547   -0.511260
    2548   -0.511260
    2549   -0.502165
    2550   -0.502165
    2551   -0.492374
    2552   -0.492374
    2553   -0.481563
    2554   -0.481563
    2555   -0.469190
    2556   -0.469190
    2557   -0.454510
    2558   -0.454510
    2559   -0.437504
    2560   -0.437504
    2561   -0.418548
    2562   -0.418548
    2563   -0.396758
    2564   -0.396758
    2565   -0.370745
    2566   -0.370745
    2567   -0.338954
    2568   -0.338954
    2569   -0.300628
    2570   -0.300628
    2571   -0.257703
    2572   -0.257703
    2573   -0.221514
    2574   -0.221514
    2575   -0.821403
    2576   -0.821403
    2577   -0.824814
    2578   -0.824814
    2579   -0.829650
    2580   -0.829650
    2581   -0.834633
    2582   -0.834633
    2583   -0.839364
    2584   -0.839364
    2585   -0.842269
    2586   -0.842269
    2587   -0.843149
    2588   -0.843149
    2589   -0.842966
    2590   -0.842966
    2591   -0.842366
    2592   -0.842366
    2593   -0.841851
    2594   -0.841851
    2595   -0.841587
    2596   -0.841587
    2597   -0.841466
    2598   -0.841466
    2599   -0.841407
    2600   -0.841407
    2601   -0.841346
    2602   -0.841346
    2603   -0.841261
    2604   -0.841261
    2605   -0.841154
    2606   -0.841154
    2607   -0.841004
    2608   -0.841004
    2609   -0.840765
    2610   -0.840765
    2611   -0.840433
    2612   -0.840433
    2613   -0.840040
    2614   -0.840040
    2615   -0.839599
    2616   -0.839599
    2617   -0.839082
    2618   -0.839082
    2619   -0.838477
    2620   -0.838477
    2621   -0.837787
    2622   -0.837787
    2623   -0.837033
    2624   -0.837033
    2625   -0.836255
    2626   -0.836255
    2627   -0.835446
    2628   -0.835446
    2629   -0.834558
    2630   -0.834558
    2631   -0.833589
    2632   -0.833589
    2633   -0.832569
    2634   -0.832569
    2635   -0.831505
    2636   -0.831505
    2637   -0.830391
    2638   -0.830391
    2639   -0.829232
    2640   -0.829232
    2641   -0.828034
    2642   -0.828034
    2643   -0.826794
    2644   -0.826794
    2645   -0.825498
    2646   -0.825498
    2647   -0.824152
    2648   -0.824152
    2649   -0.822780
    2650   -0.822780
    2651   -0.821376
    2652   -0.821376
    2653   -0.819936
    2654   -0.819936
    2655   -0.818462
    2656   -0.818462
    2657   -0.816922
    2658   -0.816922
    2659   -0.815293
    2660   -0.815293
    2661   -0.813573
    2662   -0.813573
    2663   -0.811753
    2664   -0.811753
    2665   -0.809828
    2666   -0.809828
    2667   -0.807801
    2668   -0.807801
    2669   -0.805674
    2670   -0.805674
    2671   -0.803448
    2672   -0.803448
    2673   -0.801110
    2674   -0.801110
    2675   -0.798631
    2676   -0.798631
    2677   -0.795989
    2678   -0.795989
    2679   -0.793199
    2680   -0.793199
    2681   -0.790271
    2682   -0.790271
    2683   -0.787186
    2684   -0.787186
    2685   -0.783927
    2686   -0.783927
    2687   -0.780525
    2688   -0.780525
    2689   -0.777024
    2690   -0.777024
    2691   -0.773517
    2692   -0.773517
    2693   -0.770428
    2694   -0.770428
    2695   -0.768343
    2696   -0.768343
    2697   -0.767138
    2698   -0.767138
    2699   -0.766228
    2700   -0.766228
    2701   -0.765295
    2702   -0.765295
    2703   -0.764175
    2704   -0.764175
    2705   -0.762749
    2706   -0.762749
    2707   -0.761000
    2708   -0.761000
    2709   -0.759006
    2710   -0.759006
    2711   -0.756732
    2712   -0.756732
    2713   -0.754100
    2714   -0.754100
    2715   -0.751151
    2716   -0.751151
    2717   -0.747813
    2718   -0.747813
    2719   -0.744054
    2720   -0.744054
    2721   -0.739942
    2722   -0.739942
    2723   -0.735504
    2724   -0.735504
    2725   -0.730747
    2726   -0.730747
    2727   -0.725609
    2728   -0.725609
    2729   -0.719979
    2730   -0.719979
    2731   -0.713808
    2732   -0.713808
    2733   -0.707133
    2734   -0.707133
    2735   -0.699905
    2736   -0.699905
    2737   -0.692057
    2738   -0.692057
    2739   -0.683619
    2740   -0.683619
    2741   -0.674572
    2742   -0.674572
    2743   -0.664817
    2744   -0.664817
    2745   -0.654219
    2746   -0.654219
    2747   -0.642694
    2748   -0.642694
    2749   -0.630218
    2750   -0.630218
    2751   -0.616553
    2752   -0.616553
    2753   -0.601176
    2754   -0.601176
    2755   -0.583408
    2756   -0.583408
    2757   -0.562882
    2758   -0.562882
    2759   -0.539292
    2760   -0.539292
    2761   -0.512131
    2762   -0.512131
    2763   -0.480335
    2764   -0.480335
    2765   -0.441534
    2766   -0.441534
    2767   -0.394627
    2768   -0.394627
    2769   -0.341680
    2770   -0.341680
    2771   -0.296490
    2772   -0.296490
    2773   -1.040825
    2774   -1.040825
    2775   -1.046165
    2776   -1.046165
    2777   -1.053354
    2778   -1.053354
    2779   -1.059710
    2780   -1.059710
    2781   -1.065253
    2782   -1.065253
    2783   -1.068934
    2784   -1.068934
    2785   -1.070634
    2786   -1.070634
    2787   -1.071443
    2788   -1.071443
    2789   -1.071978
    2790   -1.071978
    2791   -1.072385
    2792   -1.072385
    2793   -1.072707
    2794   -1.072707
    2795   -1.072963
    2796   -1.072963
    2797   -1.073157
    2798   -1.073157
    2799   -1.073266
    2800   -1.073266
    2801   -1.073295
    2802   -1.073295
    2803   -1.073246
    2804   -1.073246
    2805   -1.073098
    2806   -1.073098
    2807   -1.072827
    2808   -1.072827
    2809   -1.072449
    2810   -1.072449
    2811   -1.072013
    2812   -1.072013
    2813   -1.071531
    2814   -1.071531
    2815   -1.070950
    2816   -1.070950
    2817   -1.070249
    2818   -1.070249
    2819   -1.069443
    2820   -1.069443
    2821   -1.068555
    2822   -1.068555
    2823   -1.067605
    2824   -1.067605
    2825   -1.066593
    2826   -1.066593
    2827   -1.065499
    2828   -1.065499
    2829   -1.064311
    2830   -1.064311
    2831   -1.063046
    2832   -1.063046
    2833   -1.061720
    2834   -1.061720
    2835   -1.060336
    2836   -1.060336
    2837   -1.058895
    2838   -1.058895
    2839   -1.057392
    2840   -1.057392
    2841   -1.055827
    2842   -1.055827
    2843   -1.054199
    2844   -1.054199
    2845   -1.052509
    2846   -1.052509
    2847   -1.050756
    2848   -1.050756
    2849   -1.048926
    2850   -1.048926
    2851   -1.047015
    2852   -1.047015
    2853   -1.045032
    2854   -1.045032
    2855   -1.042975
    2856   -1.042975
    2857   -1.040821
    2858   -1.040821
    2859   -1.038540
    2860   -1.038540
    2861   -1.036133
    2862   -1.036133
    2863   -1.033621
    2864   -1.033621
    2865   -1.031015
    2866   -1.031015
    2867   -1.028326
    2868   -1.028326
    2869   -1.025554
    2870   -1.025554
    2871   -1.022680
    2872   -1.022680
    2873   -1.019645
    2874   -1.019645
    2875   -1.016382
    2876   -1.016382
    2877   -1.012902
    2878   -1.012902
    2879   -1.009226
    2880   -1.009226
    2881   -1.005340
    2882   -1.005340
    2883   -1.001220
    2884   -1.001220
    2885   -0.996857
    2886   -0.996857
    2887   -0.992282
    2888   -0.992282
    2889   -0.987661
    2890   -0.987661
    2891   -0.983462
    2892   -0.983462
    2893   -0.980340
    2894   -0.980340
    2895   -0.978246
    2896   -0.978246
    2897   -0.976451
    2898   -0.976451
    2899   -0.974542
    2900   -0.974542
    2901   -0.972389
    2902   -0.972389
    2903   -0.969853
    2904   -0.969853
    2905   -0.966938
    2906   -0.966938
    2907   -0.963864
    2908   -0.963864
    2909   -0.960590
    2910   -0.960590
    2911   -0.956810
    2912   -0.956810
    2913   -0.952486
    2914   -0.952486
    2915   -0.947742
    2916   -0.947742
    2917   -0.942594
    2918   -0.942594
    2919   -0.936942
    2920   -0.936942
    2921   -0.930799
    2922   -0.930799
    2923   -0.924290
    2924   -0.924290
    2925   -0.917313
    2926   -0.917313
    2927   -0.909636
    2928   -0.909636
    2929   -0.901204
    2930   -0.901204
    2931   -0.892122
    2932   -0.892122
    2933   -0.882407
    2934   -0.882407
    2935   -0.871932
    2936   -0.871932
    2937   -0.860694
    2938   -0.860694
    2939   -0.848771
    2940   -0.848771
    2941   -0.836015
    2942   -0.836015
    2943   -0.822074
    2944   -0.822074
    2945   -0.806773
    2946   -0.806773
    2947   -0.790215
    2948   -0.790215
    2949   -0.772220
    2950   -0.772220
    2951   -0.752210
    2952   -0.752210
    2953   -0.729662
    2954   -0.729662
    2955   -0.704232
    2956   -0.704232
    2957   -0.674854
    2958   -0.674854
    2959   -0.640545
    2960   -0.640545
    2961   -0.600466
    2962   -0.600466
    2963   -0.552546
    2964   -0.552546
    2965   -0.495784
    2966   -0.495784
    2967   -0.431955
    2968   -0.431955
    2969   -0.377343
    2970   -0.377343
    2971   -1.317166
    2972   -1.317166
    2973   -1.324169
    2974   -1.324169
    2975   -1.332815
    2976   -1.332815
    2977   -1.338869
    2978   -1.338869
    2979   -1.343318
    2980   -1.343318
    2981   -1.346808
    2982   -1.346808
    2983   -1.349523
    2984   -1.349523
    2985   -1.352151
    2986   -1.352151
    2987   -1.354867
    2988   -1.354867
    2989   -1.357042
    2990   -1.357042
    2991   -1.358528
    2992   -1.358528
    2993   -1.359656
    2994   -1.359656
    2995   -1.360540
    2996   -1.360540
    2997   -1.361124
    2998   -1.361124
    2999   -1.361431
    3000   -1.361431
    3001   -1.361538
    3002   -1.361538
    3003   -1.361468
    3004   -1.361468
    3005   -1.361211
    3006   -1.361211
    3007   -1.360797
    3008   -1.360797
    3009   -1.360295
    3010   -1.360295
    3011   -1.359721
    3012   -1.359721
    3013   -1.359012
    3014   -1.359012
    3015   -1.358142
    3016   -1.358142
    3017   -1.357159
    3018   -1.357159
    3019   -1.356084
    3020   -1.356084
    3021   -1.354878
    3022   -1.354878
    3023   -1.353527
    3024   -1.353527
    3025   -1.352057
    3026   -1.352057
    3027   -1.350486
    3028   -1.350486
    3029   -1.348825
    3030   -1.348825
    3031   -1.347077
    3032   -1.347077
    3033   -1.345250
    3034   -1.345250
    3035   -1.343342
    3036   -1.343342
    3037   -1.341337
    3038   -1.341337
    3039   -1.339236
    3040   -1.339236
    3041   -1.337069
    3042   -1.337069
    3043   -1.334825
    3044   -1.334825
    3045   -1.332453
    3046   -1.332453
    3047   -1.329934
    3048   -1.329934
    3049   -1.327269
    3050   -1.327269
    3051   -1.324461
    3052   -1.324461
    3053   -1.321530
    3054   -1.321530
    3055   -1.318481
    3056   -1.318481
    3057   -1.315290
    3058   -1.315290
    3059   -1.311957
    3060   -1.311957
    3061   -1.308494
    3062   -1.308494
    3063   -1.304908
    3064   -1.304908
    3065   -1.301213
    3066   -1.301213
    3067   -1.297405
    3068   -1.297405
    3069   -1.293471
    3070   -1.293471
    3071   -1.289361
    3072   -1.289361
    3073   -1.285002
    3074   -1.285002
    3075   -1.280374
    3076   -1.280374
    3077   -1.275475
    3078   -1.275475
    3079   -1.270294
    3080   -1.270294
    3081   -1.264830
    3082   -1.264830
    3083   -1.259049
    3084   -1.259049
    3085   -1.252925
    3086   -1.252925
    3087   -1.246733
    3088   -1.246733
    3089   -1.241126
    3090   -1.241126
    3091   -1.236760
    3092   -1.236760
    3093   -1.233474
    3094   -1.233474
    3095   -1.230407
    3096   -1.230407
    3097   -1.227139
    3098   -1.227139
    3099   -1.223585
    3100   -1.223585
    3101   -1.219532
    3102   -1.219532
    3103   -1.214954
    3104   -1.214954
    3105   -1.210070
    3106   -1.210070
    3107   -1.204912
    3108   -1.204912
    3109   -1.199169
    3110   -1.199169
    3111   -1.192673
    3112   -1.192673
    3113   -1.185684
    3114   -1.185684
    3115   -1.178257
    3116   -1.178257
    3117   -1.170096
    3118   -1.170096
    3119   -1.161180
    3120   -1.161180
    3121   -1.151698
    3122   -1.151698
    3123   -1.141572
    3124   -1.141572
    3125   -1.130572
    3126   -1.130572
    3127   -1.118629
    3128   -1.118629
    3129   -1.105868
    3130   -1.105868
    3131   -1.092347
    3132   -1.092347
    3133   -1.077808
    3134   -1.077808
    3135   -1.062129
    3136   -1.062129
    3137   -1.045467
    3138   -1.045467
    3139   -1.027682
    3140   -1.027682
    3141   -1.008290
    3142   -1.008290
    3143   -0.987057
    3144   -0.987057
    3145   -0.964090
    3146   -0.964090
    3147   -0.939201
    3148   -0.939201
    3149   -0.911832
    3150   -0.911832
    3151   -0.881400
    3152   -0.881400
    3153   -0.847459
    3154   -0.847459
    3155   -0.808790
    3156   -0.808790
    3157   -0.763757
    3158   -0.763757
    3159   -0.711120
    3160   -0.711120
    3161   -0.650000
    3162   -0.650000
    3163   -0.579980
    3164   -0.579980
    3165   -0.502660
    3166   -0.502660
    3167   -0.437446
    3168   -0.437446
    3169   -1.710614
    3170   -1.710614
    3171   -1.719968
    3172   -1.719968
    3173   -1.731057
    3174   -1.731057
    3175   -1.738312
    3176   -1.738312
    3177   -1.743460
    3178   -1.743460
    3179   -1.748009
    3180   -1.748009
    3181   -1.752437
    3182   -1.752437
    3183   -1.757270
    3184   -1.757270
    3185   -1.762302
    3186   -1.762302
    3187   -1.766441
    3188   -1.766441
    3189   -1.769414
    3190   -1.769414
    3191   -1.771704
    3192   -1.771704
    3193   -1.773506
    3194   -1.773506
    3195   -1.774760
    3196   -1.774760
    3197   -1.775488
    3198   -1.775488
    3199   -1.775813
    3200   -1.775813
    3201   -1.775820
    3202   -1.775820
    3203   -1.775565
    3204   -1.775565
    3205   -1.775077
    3206   -1.775077
    3207   -1.774371
    3208   -1.774371
    3209   -1.773487
    3210   -1.773487
    3211   -1.772455
    3212   -1.772455
    3213   -1.771254
    3214   -1.771254
    3215   -1.769877
    3216   -1.769877
    3217   -1.768338
    3218   -1.768338
    3219   -1.766622
    3220   -1.766622
    3221   -1.764702
    3222   -1.764702
    3223   -1.762577
    3224   -1.762577
    3225   -1.760283
    3226   -1.760283
    3227   -1.757886
    3228   -1.757886
    3229   -1.755389
    3230   -1.755389
    3231   -1.752738
    3232   -1.752738
    3233   -1.749936
    3234   -1.749936
    3235   -1.747017
    3236   -1.747017
    3237   -1.743981
    3238   -1.743981
    3239   -1.740802
    3240   -1.740802
    3241   -1.737461
    3242   -1.737461
    3243   -1.733946
    3244   -1.733946
    3245   -1.730238
    3246   -1.730238
    3247   -1.726275
    3248   -1.726275
    3249   -1.722041
    3250   -1.722041
    3251   -1.717621
    3252   -1.717621
    3253   -1.713029
    3254   -1.713029
    3255   -1.708176
    3256   -1.708176
    3257   -1.703089
    3258   -1.703089
    3259   -1.697895
    3260   -1.697895
    3261   -1.692612
    3262   -1.692612
    3263   -1.687167
    3264   -1.687167
    3265   -1.681524
    3266   -1.681524
    3267   -1.675702
    3268   -1.675702
    3269   -1.669647
    3270   -1.669647
    3271   -1.663220
    3272   -1.663220
    3273   -1.656396
    3274   -1.656396
    3275   -1.649262
    3276   -1.649262
    3277   -1.641803
    3278   -1.641803
    3279   -1.633908
    3280   -1.633908
    3281   -1.625554
    3282   -1.625554
    3283   -1.616823
    3284   -1.616823
    3285   -1.607936
    3286   -1.607936
    3287   -1.599575
    3288   -1.599575
    3289   -1.592785
    3290   -1.592785
    3291   -1.587528
    3292   -1.587528
    3293   -1.582551
    3294   -1.582551
    3295   -1.577122
    3296   -1.577122
    3297   -1.571210
    3298   -1.571210
    3299   -1.564728
    3300   -1.564728
    3301   -1.557540
    3302   -1.557540
    3303   -1.549539
    3304   -1.549539
    3305   -1.540827
    3306   -1.540827
    3307   -1.531506
    3308   -1.531506
    3309   -1.521363
    3310   -1.521363
    3311   -1.510346
    3312   -1.510346
    3313   -1.498534
    3314   -1.498534
    3315   -1.485924
    3316   -1.485924
    3317   -1.472389
    3318   -1.472389
    3319   -1.457653
    3320   -1.457653
    3321   -1.441730
    3322   -1.441730
    3323   -1.424923
    3324   -1.424923
    3325   -1.407152
    3326   -1.407152
    3327   -1.388023
    3328   -1.388023
    3329   -1.367550
    3330   -1.367550
    3331   -1.345885
    3332   -1.345885
    3333   -1.322769
    3334   -1.322769
    3335   -1.297758
    3336   -1.297758
    3337   -1.270751
    3338   -1.270751
    3339   -1.241863
    3340   -1.241863
    3341   -1.210733
    3342   -1.210733
    3343   -1.176601
    3344   -1.176601
    3345   -1.139215
    3346   -1.139215
    3347   -1.098775
    3348   -1.098775
    3349   -1.054522
    3350   -1.054522
    3351   -1.004897
    3352   -1.004897
    3353   -0.948527
    3354   -0.948527
    3355   -0.884125
    3356   -0.884125
    3357   -0.810184
    3358   -0.810184
    3359   -0.726144
    3360   -0.726144
    3361   -0.631994
    3362   -0.631994
    3363   -0.531544
    3364   -0.531544
    3365   -0.449833
    3366   -0.449833
    3367   -2.392929
    3368   -2.392929
    3369   -2.407564
    3370   -2.407564
    3371   -2.425197
    3372   -2.425197
    3373   -2.437853
    3374   -2.437853
    3375   -2.447622
    3376   -2.447622
    3377   -2.455992
    3378   -2.455992
    3379   -2.463879
    3380   -2.463879
    3381   -2.471931
    3382   -2.471931
    3383   -2.479801
    3384   -2.479801
    3385   -2.486430
    3386   -2.486430
    3387   -2.491506
    3388   -2.491506
    3389   -2.495476
    3390   -2.495476
    3391   -2.498599
    3392   -2.498599
    3393   -2.500848
    3394   -2.500848
    3395   -2.502212
    3396   -2.502212
    3397   -2.502797
    3398   -2.502797
    3399   -2.502805
    3400   -2.502805
    3401   -2.502469
    3402   -2.502469
    3403   -2.501798
    3404   -2.501798
    3405   -2.500639
    3406   -2.500639
    3407   -2.499072
    3408   -2.499072
    3409   -2.497351
    3410   -2.497351
    3411   -2.495470
    3412   -2.495470
    3413   -2.493230
    3414   -2.493230
    3415   -2.490640
    3416   -2.490640
    3417   -2.487875
    3418   -2.487875
    3419   -2.484909
    3420   -2.484909
    3421   -2.481541
    3422   -2.481541
    3423   -2.477806
    3424   -2.477806
    3425   -2.473970
    3426   -2.473970
    3427   -2.470047
    3428   -2.470047
    3429   -2.465785
    3430   -2.465785
    3431   -2.461184
    3432   -2.461184
    3433   -2.456504
    3434   -2.456504
    3435   -2.451730
    3436   -2.451730
    3437   -2.446570
    3438   -2.446570
    3439   -2.441011
    3440   -2.441011
    3441   -2.435298
    3442   -2.435298
    3443   -2.429387
    3444   -2.429387
    3445   -2.422963
    3446   -2.422963
    3447   -2.416018
    3448   -2.416018
    3449   -2.408850
    3450   -2.408850
    3451   -2.401424
    3452   -2.401424
    3453   -2.393369
    3454   -2.393369
    3455   -2.384798
    3456   -2.384798
    3457   -2.376272
    3458   -2.376272
    3459   -2.367852
    3460   -2.367852
    3461   -2.359135
    3462   -2.359135
    3463   -2.350020
    3464   -2.350020
    3465   -2.340680
    3466   -2.340680
    3467   -2.330991
    3468   -2.330991
    3469   -2.320519
    3470   -2.320519
    3471   -2.309273
    3472   -2.309273
    3473   -2.297751
    3474   -2.297751
    3475   -2.285922
    3476   -2.285922
    3477   -2.273213
    3478   -2.273213
    3479   -2.259653
    3480   -2.259653
    3481   -2.245897
    3482   -2.245897
    3483   -2.231914
    3484   -2.231914
    3485   -2.217820
    3486   -2.217820
    3487   -2.205677
    3488   -2.205677
    3489   -2.196507
    3490   -2.196507
    3491   -2.188346
    3492   -2.188346
    3493   -2.179178
    3494   -2.179178
    3495   -2.168746
    3496   -2.168746
    3497   -2.157692
    3498   -2.157692
    3499   -2.145872
    3500   -2.145872
    3501   -2.132342
    3502   -2.132342
    3503   -2.117191
    3504   -2.117191
    3505   -2.101428
    3506   -2.101428
    3507   -2.084872
    3508   -2.084872
    3509   -2.066427
    3510   -2.066427
    3511   -2.046206
    3512   -2.046206
    3513   -2.025396
    3514   -2.025396
    3515   -2.003679
    3516   -2.003679
    3517   -1.979299
    3518   -1.979299
    3519   -1.952359
    3520   -1.952359
    3521   -1.924715
    3522   -1.924715
    3523   -1.896282
    3524   -1.896282
    3525   -1.865045
    3526   -1.865045
    3527   -1.830904
    3528   -1.830904
    3529   -1.795594
    3530   -1.795594
    3531   -1.758730
    3532   -1.758730
    3533   -1.717889
    3534   -1.717889
    3535   -1.672989
    3536   -1.672989
    3537   -1.626178
    3538   -1.626178
    3539   -1.576834
    3540   -1.576834
    3541   -1.521583
    3542   -1.521583
    3543   -1.460004
    3544   -1.460004
    3545   -1.394565
    3546   -1.394565
    3547   -1.324242
    3548   -1.324242
    3549   -1.244469
    3550   -1.244469
    3551   -1.153242
    3552   -1.153242
    3553   -1.051208
    3554   -1.051208
    3555   -0.936830
    3556   -0.936830
    3557   -0.807562
    3558   -0.807562
    3559   -0.663463
    3560   -0.663463
    3561   -0.514948
    3562   -0.514948
    3563   -0.398783
    3564   -0.398783
    3565   -3.706332
    3566   -3.706332
    3567   -3.732447
    3568   -3.732447
    3569   -3.764132
    3570   -3.764132
    3571   -3.787338
    3572   -3.787338
    3573   -3.805551
    3574   -3.805551
    3575   -3.821005
    3576   -3.821005
    3577   -3.835669
    3578   -3.835669
    3579   -3.850043
    3580   -3.850043
    3581   -3.863547
    3582   -3.863547
    3583   -3.874955
    3584   -3.874955
    3585   -3.883853
    3586   -3.883853
    3587   -3.890889
    3588   -3.890889
    3589   -3.896484
    3590   -3.896484
    3591   -3.900570
    3592   -3.900570
    3593   -3.903077
    3594   -3.903077
    3595   -3.904074
    3596   -3.904074
    3597   -3.903986
    3598   -3.903986
    3599   -3.903444
    3600   -3.903444
    3601   -3.902426
    3602   -3.902426
    3603   -3.900421
    3604   -3.900421
    3605   -3.897560
    3606   -3.897560
    3607   -3.894508
    3608   -3.894508
    3609   -3.891269
    3610   -3.891269
    3611   -3.887293
    3612   -3.887293
    3613   -3.882596
    3614   -3.882596
    3615   -3.877777
    3616   -3.877777
    3617   -3.872817
    3618   -3.872817
    3619   -3.867029
    3620   -3.867029
    3621   -3.860436
    3622   -3.860436
    3623   -3.853797
    3624   -3.853797
    3625   -3.847159
    3626   -3.847159
    3627   -3.839774
    3628   -3.839774
    3629   -3.831617
    3630   -3.831617
    3631   -3.823519
    3632   -3.823519
    3633   -3.815450
    3634   -3.815450
    3635   -3.806479
    3636   -3.806479
    3637   -3.796605
    3638   -3.796605
    3639   -3.786683
    3640   -3.786683
    3641   -3.776589
    3642   -3.776589
    3643   -3.765392
    3644   -3.765392
    3645   -3.753149
    3646   -3.753149
    3647   -3.740720
    3648   -3.740720
    3649   -3.727958
    3650   -3.727958
    3651   -3.713754
    3652   -3.713754
    3653   -3.698359
    3654   -3.698359
    3655   -3.683402
    3656   -3.683402
    3657   -3.669025
    3658   -3.669025
    3659   -3.653993
    3660   -3.653993
    3661   -3.638096
    3662   -3.638096
    3663   -3.621981
    3664   -3.621981
    3665   -3.605361
    3666   -3.605361
    3667   -3.587000
    3668   -3.587000
    3669   -3.566981
    3670   -3.566981
    3671   -3.546848
    3672   -3.546848
    3673   -3.526557
    3674   -3.526557
    3675   -3.504405
    3676   -3.504405
    3677   -3.480499
    3678   -3.480499
    3679   -3.456800
    3680   -3.456800
    3681   -3.432957
    3682   -3.432957
    3683   -3.407821
    3684   -3.407821
    3685   -3.385135
    3686   -3.385135
    3687   -3.368272
    3688   -3.368272
    3689   -3.354553
    3690   -3.354553
    3691   -3.338976
    3692   -3.338976
    3693   -3.319937
    3694   -3.319937
    3695   -3.300103
    3696   -3.300103
    3697   -3.279803
    3698   -3.279803
    3699   -3.256032
    3700   -3.256032
    3701   -3.228777
    3702   -3.228777
    3703   -3.201075
    3704   -3.201075
    3705   -3.172733
    3706   -3.172733
    3707   -3.140352
    3708   -3.140352
    3709   -3.104171
    3710   -3.104171
    3711   -3.067965
    3712   -3.067965
    3713   -3.031064
    3714   -3.031064
    3715   -2.988470
    3716   -2.988470
    3717   -2.940386
    3718   -2.940386
    3719   -2.892148
    3720   -2.892148
    3721   -2.843637
    3722   -2.843637
    3723   -2.789067
    3724   -2.789067
    3725   -2.728178
    3726   -2.728178
    3727   -2.666468
    3728   -2.666468
    3729   -2.603414
    3730   -2.603414
    3731   -2.532169
    3732   -2.532169
    3733   -2.452499
    3734   -2.452499
    3735   -2.371207
    3736   -2.371207
    3737   -2.287263
    3738   -2.287263
    3739   -2.191377
    3740   -2.191377
    3741   -2.082774
    3742   -2.082774
    3743   -1.969179
    3744   -1.969179
    3745   -1.849068
    3746   -1.849068
    3747   -1.711212
    3748   -1.711212
    3749   -1.552192
    3750   -1.552192
    3751   -1.376888
    3752   -1.376888
    3753   -1.183430
    3754   -1.183430
    3755   -0.963882
    3756   -0.963882
    3757   -0.717556
    3758   -0.717556
    3759   -0.466769
    3760   -0.466769
    3761   -0.273628
    3762   -0.273628
    3763   -5.748038
    3764   -5.748038
    3765   -5.793817
    3766   -5.793817
    3767   -5.849245
    3768   -5.849245
    3769   -5.887840
    3770   -5.887840
    3771   -5.917172
    3772   -5.917172
    3773   -5.942379
    3774   -5.942379
    3775   -5.967342
    3776   -5.967342
    3777   -5.991713
    3778   -5.991713
    3779   -6.014370
    3780   -6.014370
    3781   -6.033397
    3782   -6.033397
    3783   -6.048132
    3784   -6.048132
    3785   -6.059849
    3786   -6.059849
    3787   -6.069266
    3788   -6.069266
    3789   -6.076154
    3790   -6.076154
    3791   -6.080380
    3792   -6.080380
    3793   -6.081977
    3794   -6.081977
    3795   -6.081680
    3796   -6.081680
    3797   -6.080820
    3798   -6.080820
    3799   -6.079320
    3800   -6.079320
    3801   -6.076025
    3802   -6.076025
    3803   -6.071174
    3804   -6.071174
    3805   -6.066113
    3806   -6.066113
    3807   -6.060830
    3808   -6.060830
    3809   -6.054185
    3810   -6.054185
    3811   -6.046223
    3812   -6.046223
    3813   -6.038269
    3814   -6.038269
    3815   -6.030316
    3816   -6.030316
    3817   -6.020811
    3818   -6.020811
    3819   -6.009765
    3820   -6.009765
    3821   -5.998835
    3822   -5.998835
    3823   -5.988128
    3824   -5.988128
    3825   -5.975969
    3826   -5.975969
    3827   -5.962285
    3828   -5.962285
    3829   -5.948957
    3830   -5.948957
    3831   -5.935946
    3832   -5.935946
    3833   -5.921176
    3834   -5.921176
    3835   -5.904666
    3836   -5.904666
    3837   -5.888351
    3838   -5.888351
    3839   -5.871954
    3840   -5.871954
    3841   -5.853440
    3842   -5.853440
    3843   -5.832995
    3844   -5.832995
    3845   -5.812547
    3846   -5.812547
    3847   -5.791789
    3848   -5.791789
    3849   -5.768211
    3850   -5.768211
    3851   -5.742249
    3852   -5.742249
    3853   -5.717458
    3854   -5.717458
    3855   -5.694107
    3856   -5.694107
    3857   -5.669419
    3858   -5.669419
    3859   -5.643048
    3860   -5.643048
    3861   -5.616591
    3862   -5.616591
    3863   -5.589508
    3864   -5.589508
    3865   -5.559051
    3866   -5.559051
    3867   -5.525410
    3868   -5.525410
    3869   -5.492058
    3870   -5.492058
    3871   -5.458933
    3872   -5.458933
    3873   -5.422289
    3874   -5.422289
    3875   -5.382312
    3876   -5.382312
    3877   -5.343181
    3878   -5.343181
    3879   -5.304077
    3880   -5.304077
    3881   -5.261950
    3882   -5.261950
    3883   -5.223185
    3884   -5.223185
    3885   -5.194685
    3886   -5.194685
    3887   -5.173073
    3888   -5.173073
    3889   -5.148377
    3890   -5.148377
    3891   -5.116117
    3892   -5.116117
    3893   -5.082860
    3894   -5.082860
    3895   -5.050082
    3896   -5.050082
    3897   -5.010835
    3898   -5.010835
    3899   -4.964931
    3900   -4.964931
    3901   -4.919180
    3902   -4.919180
    3903   -4.873300
    3904   -4.873300
    3905   -4.819780
    3906   -4.819780
    3907   -4.759137
    3908   -4.759137
    3909   -4.699681
    3910   -4.699681
    3911   -4.640173
    3912   -4.640173
    3913   -4.569879
    3914   -4.569879
    3915   -4.489162
    3916   -4.489162
    3917   -4.409629
    3918   -4.409629
    3919   -4.331099
    3920   -4.331099
    3921   -4.240930
    3922   -4.240930
    3923   -4.138638
    3924   -4.138638
    3925   -4.036564
    3926   -4.036564
    3927   -3.934059
    3928   -3.934059
    3929   -3.816403
    3930   -3.816403
    3931   -3.682957
    3932   -3.682957
    3933   -3.548999
    3934   -3.548999
    3935   -3.412981
    3936   -3.412981
    3937   -3.254980
    3938   -3.254980
    3939   -3.073694
    3940   -3.073694
    3941   -2.886617
    3942   -2.886617
    3943   -2.691455
    3944   -2.691455
    3945   -2.464996
    3946   -2.464996
    3947   -2.201474
    3948   -2.201474
    3949   -1.913352
    3950   -1.913352
    3951   -1.598053
    3952   -1.598053
    3953   -1.237924
    3954   -1.237924
    3955   -0.829106
    3956   -0.829106
    3957   -0.409893
    3958   -0.409893
    3959   -0.086038
    3960   -0.086038
