       1   -0.034542
       2   -0.034542
       3   -0.033554
       4   -0.033554
       5   -0.032148
       6   -0.032148
       7   -0.030436
       8   -0.030436
       9   -0.028380
      10   -0.028380
      11   -0.027129
      12   -0.027129
      13   -0.026971
      14   -0.026971
      15   -0.027293
      16   -0.027293
      17   -0.027690
      18   -0.027690
      19   -0.027838
      20   -0.027838
      21   -0.027733
      22   -0.027733
      23   -0.027541
      24   -0.027541
      25   -0.027348
      26   -0.027348
      27   -0.027210
      28   -0.027210
      29   -0.027146
      30   -0.027146
      31   -0.027128
      32   -0.027128
      33   -0.027106
      34   -0.027106
      35   -0.027076
      36   -0.027076
      37   -0.027065
      38   -0.027065
      39   -0.027072
      40   -0.027072
      41   -0.027081
      42   -0.027081
      43   -0.027096
      44   -0.027096
      45   -0.027111
      46   -0.027111
      47   -0.027083
      48   -0.027083
      49   -0.027012
      50   -0.027012
      51   -0.026939
      52   -0.026939
      53   -0.026886
      54   -0.026886
      55   -0.026841
      56   -0.026841
      57   -0.026778
      58   -0.026778
      59   -0.026699
      60   -0.026699
      61   -0.026633
      62   -0.026633
      63   -0.026582
      64   -0.026582
      65   -0.026537
      66   -0.026537
      67   -0.026496
      68   -0.026496
      69   -0.026445
      70   -0.026445
      71   -0.026372
      72   -0.026372
      73   -0.026286
      74   -0.026286
      75   -0.026198
      76   -0.026198
      77   -0.026101
      78   -0.026101
      79   -0.025993
      80   -0.025993
      81   -0.025867
      82   -0.025867
      83   -0.025729
      84   -0.025729
      85   -0.025596
      86   -0.025596
      87   -0.025470
      88   -0.025470
      89   -0.025359
      90   -0.025359
      91   -0.025246
      92   -0.025246
      93   -0.025110
      94   -0.025110
      95   -0.024962
      96   -0.024962
      97   -0.024794
      98   -0.024794
      99   -0.024580
     100   -0.024580
     101   -0.024334
     102   -0.024334
     103   -0.024091
     104   -0.024091
     105   -0.023887
     106   -0.023887
     107   -0.023700
     108   -0.023700
     109   -0.023443
     110   -0.023443
     111   -0.023078
     112   -0.023078
     113   -0.022644
     114   -0.022644
     115   -0.022221
     116   -0.022221
     117   -0.021820
     118   -0.021820
     119   -0.021612
     120   -0.021612
     121   -0.021750
     122   -0.021750
     123   -0.022045
     124   -0.022045
     125   -0.022351
     126   -0.022351
     127   -0.022611
     128   -0.022611
     129   -0.022818
     130   -0.022818
     131   -0.022970
     132   -0.022970
     133   -0.023015
     134   -0.023015
     135   -0.023003
     136   -0.023003
     137   -0.023007
     138   -0.023007
     139   -0.022993
     140   -0.022993
     141   -0.022916
     142   -0.022916
     143   -0.022800
     144   -0.022800
     145   -0.022669
     146   -0.022669
     147   -0.022546
     148   -0.022546
     149   -0.022384
     150   -0.022384
     151   -0.022100
     152   -0.022100
     153   -0.021788
     154   -0.021788
     155   -0.021570
     156   -0.021570
     157   -0.021369
     158   -0.021369
     159   -0.021124
     160   -0.021124
     161   -0.020894
     162   -0.020894
     163   -0.020647
     164   -0.020647
     165   -0.020237
     166   -0.020237
     167   -0.019642
     168   -0.019642
     169   -0.018997
     170   -0.018997
     171   -0.018277
     172   -0.018277
     173   -0.017227
     174   -0.017227
     175   -0.015704
     176   -0.015704
     177   -0.013938
     178   -0.013938
     179   -0.012155
     180   -0.012155
     181   -0.010331
     182   -0.010331
     183   -0.008413
     184   -0.008413
     185   -0.006128
     186   -0.006128
     187   -0.003404
     188   -0.003404
     189    0.000019
     190    0.000019
     191    0.004197
     192    0.004197
     193    0.010677
     194    0.010677
     195    0.021864
     196    0.021864
     197    0.032784
     198    0.032784
     199   -0.098240
     200   -0.098240
     201   -0.095892
     202   -0.095892
     203   -0.092622
     204   -0.092622
     205   -0.088641
     206   -0.088641
     207   -0.083871
     208   -0.083871
     209   -0.081051
     210   -0.081051
     211   -0.080780
     212   -0.080780
     213   -0.081510
     214   -0.081510
     215   -0.082293
     216   -0.082293
     217   -0.082424
     218   -0.082424
     219   -0.081953
     220   -0.081953
     221   -0.081304
     222   -0.081304
     223   -0.080693
     224   -0.080693
     225   -0.080265
     226   -0.080265
     227   -0.080070
     228   -0.080070
     229   -0.080009
     230   -0.080009
     231   -0.079944
     232   -0.079944
     233   -0.079862
     234   -0.079862
     235   -0.079824
     236   -0.079824
     237   -0.079832
     238   -0.079832
     239   -0.079848
     240   -0.079848
     241   -0.079873
     242   -0.079873
     243   -0.079894
     244   -0.079894
     245   -0.079822
     246   -0.079822
     247   -0.079643
     248   -0.079643
     249   -0.079454
     250   -0.079454
     251   -0.079308
     252   -0.079308
     253   -0.079171
     254   -0.079171
     255   -0.078990
     256   -0.078990
     257   -0.078779
     258   -0.078779
     259   -0.078602
     260   -0.078602
     261   -0.078459
     262   -0.078459
     263   -0.078323
     264   -0.078323
     265   -0.078192
     266   -0.078192
     267   -0.078042
     268   -0.078042
     269   -0.077841
     270   -0.077841
     271   -0.077608
     272   -0.077608
     273   -0.077368
     274   -0.077368
     275   -0.077103
     276   -0.077103
     277   -0.076787
     278   -0.076787
     279   -0.076408
     280   -0.076408
     281   -0.076015
     282   -0.076015
     283   -0.075648
     284   -0.075648
     285   -0.075284
     286   -0.075284
     287   -0.074939
     288   -0.074939
     289   -0.074608
     290   -0.074608
     291   -0.074237
     292   -0.074237
     293   -0.073805
     294   -0.073805
     295   -0.073288
     296   -0.073288
     297   -0.072677
     298   -0.072677
     299   -0.072041
     300   -0.072041
     301   -0.071434
     302   -0.071434
     303   -0.070875
     304   -0.070875
     305   -0.070301
     306   -0.070301
     307   -0.069566
     308   -0.069566
     309   -0.068602
     310   -0.068602
     311   -0.067500
     312   -0.067500
     313   -0.066393
     314   -0.066393
     315   -0.065248
     316   -0.065248
     317   -0.064571
     318   -0.064571
     319   -0.064872
     320   -0.064872
     321   -0.065701
     322   -0.065701
     323   -0.066574
     324   -0.066574
     325   -0.067286
     326   -0.067286
     327   -0.067825
     328   -0.067825
     329   -0.068239
     330   -0.068239
     331   -0.068479
     332   -0.068479
     333   -0.068546
     334   -0.068546
     335   -0.068523
     336   -0.068523
     337   -0.068496
     338   -0.068496
     339   -0.068408
     340   -0.068408
     341   -0.068125
     342   -0.068125
     343   -0.067689
     344   -0.067689
     345   -0.067322
     346   -0.067322
     347   -0.066919
     348   -0.066919
     349   -0.066140
     350   -0.066140
     351   -0.065205
     352   -0.065205
     353   -0.064589
     354   -0.064589
     355   -0.064111
     356   -0.064111
     357   -0.063408
     358   -0.063408
     359   -0.062573
     360   -0.062573
     361   -0.061759
     362   -0.061759
     363   -0.060703
     364   -0.060703
     365   -0.059141
     366   -0.059141
     367   -0.057270
     368   -0.057270
     369   -0.055211
     370   -0.055211
     371   -0.052407
     372   -0.052407
     373   -0.048238
     374   -0.048238
     375   -0.043239
     376   -0.043239
     377   -0.038404
     378   -0.038404
     379   -0.033791
     380   -0.033791
     381   -0.028975
     382   -0.028975
     383   -0.023259
     384   -0.023259
     385   -0.016579
     386   -0.016579
     387   -0.008336
     388   -0.008336
     389    0.001825
     390    0.001825
     391    0.016708
     392    0.016708
     393    0.040123
     394    0.040123
     395    0.061886
     396    0.061886
     397   -0.152844
     398   -0.152844
     399   -0.149990
     400   -0.149990
     401   -0.146295
     402   -0.146295
     403   -0.142630
     404   -0.142630
     405   -0.138764
     406   -0.138764
     407   -0.136718
     408   -0.136718
     409   -0.136822
     410   -0.136822
     411   -0.137390
     412   -0.137390
     413   -0.137510
     414   -0.137510
     415   -0.136856
     416   -0.136856
     417   -0.135653
     418   -0.135653
     419   -0.134377
     420   -0.134377
     421   -0.133273
     422   -0.133273
     423   -0.132548
     424   -0.132548
     425   -0.132238
     426   -0.132238
     427   -0.132127
     428   -0.132127
     429   -0.132022
     430   -0.132022
     431   -0.131904
     432   -0.131904
     433   -0.131835
     434   -0.131835
     435   -0.131817
     436   -0.131817
     437   -0.131801
     438   -0.131801
     439   -0.131788
     440   -0.131788
     441   -0.131767
     442   -0.131767
     443   -0.131655
     444   -0.131655
     445   -0.131431
     446   -0.131431
     447   -0.131189
     448   -0.131189
     449   -0.130985
     450   -0.130985
     451   -0.130763
     452   -0.130763
     453   -0.130474
     454   -0.130474
     455   -0.130172
     456   -0.130172
     457   -0.129927
     458   -0.129927
     459   -0.129703
     460   -0.129703
     461   -0.129459
     462   -0.129459
     463   -0.129226
     464   -0.129226
     465   -0.128993
     466   -0.128993
     467   -0.128693
     468   -0.128693
     469   -0.128327
     470   -0.128327
     471   -0.127967
     472   -0.127967
     473   -0.127592
     474   -0.127592
     475   -0.127066
     476   -0.127066
     477   -0.126398
     478   -0.126398
     479   -0.125793
     480   -0.125793
     481   -0.125283
     482   -0.125283
     483   -0.124697
     484   -0.124697
     485   -0.124046
     486   -0.124046
     487   -0.123477
     488   -0.123477
     489   -0.122934
     490   -0.122934
     491   -0.122234
     492   -0.122234
     493   -0.121342
     494   -0.121342
     495   -0.120423
     496   -0.120423
     497   -0.119598
     498   -0.119598
     499   -0.118774
     500   -0.118774
     501   -0.117861
     502   -0.117861
     503   -0.116899
     504   -0.116899
     505   -0.115836
     506   -0.115836
     507   -0.114543
     508   -0.114543
     509   -0.113086
     510   -0.113086
     511   -0.111561
     512   -0.111561
     513   -0.109891
     514   -0.109891
     515   -0.108679
     516   -0.108679
     517   -0.108757
     518   -0.108757
     519   -0.109887
     520   -0.109887
     521   -0.111248
     522   -0.111248
     523   -0.112219
     524   -0.112219
     525   -0.112818
     526   -0.112818
     527   -0.113446
     528   -0.113446
     529   -0.114111
     530   -0.114111
     531   -0.114346
     532   -0.114346
     533   -0.114140
     534   -0.114140
     535   -0.114140
     536   -0.114140
     537   -0.114346
     538   -0.114346
     539   -0.113983
     540   -0.113983
     541   -0.113062
     542   -0.113062
     543   -0.112451
     544   -0.112451
     545   -0.112050
     546   -0.112050
     547   -0.110867
     548   -0.110867
     549   -0.109148
     550   -0.109148
     551   -0.108131
     552   -0.108131
     553   -0.107635
     554   -0.107635
     555   -0.106396
     556   -0.106396
     557   -0.104443
     558   -0.104443
     559   -0.102847
     560   -0.102847
     561   -0.101481
     562   -0.101481
     563   -0.099190
     564   -0.099190
     565   -0.095949
     566   -0.095949
     567   -0.092681
     568   -0.092681
     569   -0.088769
     570   -0.088769
     571   -0.082439
     572   -0.082439
     573   -0.074382
     574   -0.074382
     575   -0.067307
     576   -0.067307
     577   -0.061631
     578   -0.061631
     579   -0.055817
     580   -0.055817
     581   -0.048947
     582   -0.048947
     583   -0.041168
     584   -0.041168
     585   -0.031485
     586   -0.031485
     587   -0.017848
     588   -0.017848
     589    0.000708
     590    0.000708
     591    0.022701
     592    0.022701
     593    0.040437
     594    0.040437
     595   -0.203375
     596   -0.203375
     597   -0.200132
     598   -0.200132
     599   -0.196226
     600   -0.196226
     601   -0.193838
     602   -0.193838
     603   -0.192476
     604   -0.192476
     605   -0.192068
     606   -0.192068
     607   -0.192467
     608   -0.192467
     609   -0.192407
     610   -0.192407
     611   -0.191314
     612   -0.191314
     613   -0.189607
     614   -0.189607
     615   -0.187717
     616   -0.187717
     617   -0.186023
     618   -0.186023
     619   -0.184688
     620   -0.184688
     621   -0.183871
     622   -0.183871
     623   -0.183557
     624   -0.183557
     625   -0.183444
     626   -0.183444
     627   -0.183322
     628   -0.183322
     629   -0.183177
     630   -0.183177
     631   -0.183086
     632   -0.183086
     633   -0.183037
     634   -0.183037
     635   -0.182955
     636   -0.182955
     637   -0.182845
     638   -0.182845
     639   -0.182746
     640   -0.182746
     641   -0.182598
     642   -0.182598
     643   -0.182355
     644   -0.182355
     645   -0.182091
     646   -0.182091
     647   -0.181862
     648   -0.181862
     649   -0.181585
     650   -0.181585
     651   -0.181197
     652   -0.181197
     653   -0.180809
     654   -0.180809
     655   -0.180516
     656   -0.180516
     657   -0.180227
     658   -0.180227
     659   -0.179861
     660   -0.179861
     661   -0.179508
     662   -0.179508
     663   -0.179207
     664   -0.179207
     665   -0.178828
     666   -0.178828
     667   -0.178324
     668   -0.178324
     669   -0.177841
     670   -0.177841
     671   -0.177382
     672   -0.177382
     673   -0.176682
     674   -0.176682
     675   -0.175746
     676   -0.175746
     677   -0.174956
     678   -0.174956
     679   -0.174362
     680   -0.174362
     681   -0.173590
     682   -0.173590
     683   -0.172599
     684   -0.172599
     685   -0.171740
     686   -0.171740
     687   -0.171021
     688   -0.171021
     689   -0.170091
     690   -0.170091
     691   -0.168896
     692   -0.168896
     693   -0.167785
     694   -0.167785
     695   -0.166867
     696   -0.166867
     697   -0.165815
     698   -0.165815
     699   -0.164505
     700   -0.164505
     701   -0.163227
     702   -0.163227
     703   -0.162002
     704   -0.162002
     705   -0.160516
     706   -0.160516
     707   -0.158761
     708   -0.158761
     709   -0.156928
     710   -0.156928
     711   -0.155050
     712   -0.155050
     713   -0.153486
     714   -0.153486
     715   -0.153110
     716   -0.153110
     717   -0.154221
     718   -0.154221
     719   -0.155888
     720   -0.155888
     721   -0.156978
     722   -0.156978
     723   -0.157502
     724   -0.157502
     725   -0.158332
     726   -0.158332
     727   -0.159417
     728   -0.159417
     729   -0.159700
     730   -0.159700
     731   -0.159238
     732   -0.159238
     733   -0.159290
     734   -0.159290
     735   -0.159807
     736   -0.159807
     737   -0.159335
     738   -0.159335
     739   -0.157899
     740   -0.157899
     741   -0.157061
     742   -0.157061
     743   -0.156731
     744   -0.156731
     745   -0.155202
     746   -0.155202
     747   -0.152670
     748   -0.152670
     749   -0.151152
     750   -0.151152
     751   -0.150537
     752   -0.150537
     753   -0.148609
     754   -0.148609
     755   -0.145335
     756   -0.145335
     757   -0.142836
     758   -0.142836
     759   -0.141127
     760   -0.141127
     761   -0.138034
     762   -0.138034
     763   -0.133324
     764   -0.133324
     765   -0.128904
     766   -0.128904
     767   -0.124127
     768   -0.124127
     769   -0.115981
     770   -0.115981
     771   -0.105336
     772   -0.105336
     773   -0.096713
     774   -0.096713
     775   -0.090939
     776   -0.090939
     777   -0.085269
     778   -0.085269
     779   -0.078906
     780   -0.078906
     781   -0.072122
     782   -0.072122
     783   -0.063169
     784   -0.063169
     785   -0.047758
     786   -0.047758
     787   -0.027287
     788   -0.027287
     789   -0.009576
     790   -0.009576
     791    0.002335
     792    0.002335
     793   -0.255418
     794   -0.255418
     795   -0.251668
     796   -0.251668
     797   -0.246909
     798   -0.246909
     799   -0.243766
     800   -0.243766
     801   -0.241799
     802   -0.241799
     803   -0.240694
     804   -0.240694
     805   -0.240302
     806   -0.240302
     807   -0.239488
     808   -0.239488
     809   -0.237813
     810   -0.237813
     811   -0.235886
     812   -0.235886
     813   -0.234173
     814   -0.234173
     815   -0.232990
     816   -0.232990
     817   -0.232335
     818   -0.232335
     819   -0.231995
     820   -0.231995
     821   -0.231848
     822   -0.231848
     823   -0.231772
     824   -0.231772
     825   -0.231668
     826   -0.231668
     827   -0.231535
     828   -0.231535
     829   -0.231426
     830   -0.231426
     831   -0.231329
     832   -0.231329
     833   -0.231175
     834   -0.231175
     835   -0.230968
     836   -0.230968
     837   -0.230779
     838   -0.230779
     839   -0.230581
     840   -0.230581
     841   -0.230319
     842   -0.230319
     843   -0.230039
     844   -0.230039
     845   -0.229772
     846   -0.229772
     847   -0.229433
     848   -0.229433
     849   -0.228978
     850   -0.228978
     851   -0.228522
     852   -0.228522
     853   -0.228153
     854   -0.228153
     855   -0.227773
     856   -0.227773
     857   -0.227307
     858   -0.227307
     859   -0.226848
     860   -0.226848
     861   -0.226447
     862   -0.226447
     863   -0.225974
     864   -0.225974
     865   -0.225364
     866   -0.225364
     867   -0.224762
     868   -0.224762
     869   -0.224187
     870   -0.224187
     871   -0.223393
     872   -0.223393
     873   -0.222370
     874   -0.222370
     875   -0.221463
     876   -0.221463
     877   -0.220732
     878   -0.220732
     879   -0.219808
     880   -0.219808
     881   -0.218614
     882   -0.218614
     883   -0.217513
     884   -0.217513
     885   -0.216563
     886   -0.216563
     887   -0.215440
     888   -0.215440
     889   -0.214105
     890   -0.214105
     891   -0.212883
     892   -0.212883
     893   -0.211803
     894   -0.211803
     895   -0.210483
     896   -0.210483
     897   -0.208880
     898   -0.208880
     899   -0.207365
     900   -0.207365
     901   -0.205919
     902   -0.205919
     903   -0.204138
     904   -0.204138
     905   -0.201991
     906   -0.201991
     907   -0.199825
     908   -0.199825
     909   -0.197832
     910   -0.197832
     911   -0.196217
     912   -0.196217
     913   -0.195690
     914   -0.195690
     915   -0.196655
     916   -0.196655
     917   -0.198295
     918   -0.198295
     919   -0.199501
     920   -0.199501
     921   -0.200229
     922   -0.200229
     923   -0.201201
     924   -0.201201
     925   -0.202262
     926   -0.202262
     927   -0.202442
     928   -0.202442
     929   -0.201954
     930   -0.201954
     931   -0.201972
     932   -0.201972
     933   -0.202316
     934   -0.202316
     935   -0.201679
     936   -0.201679
     937   -0.200161
     938   -0.200161
     939   -0.199137
     940   -0.199137
     941   -0.198498
     942   -0.198498
     943   -0.196744
     944   -0.196744
     945   -0.194007
     946   -0.194007
     947   -0.191992
     948   -0.191992
     949   -0.190654
     950   -0.190654
     951   -0.188087
     952   -0.188087
     953   -0.184233
     954   -0.184233
     955   -0.181002
     956   -0.181002
     957   -0.178414
     958   -0.178414
     959   -0.174424
     960   -0.174424
     961   -0.168802
     962   -0.168802
     963   -0.163354
     964   -0.163354
     965   -0.157486
     966   -0.157486
     967   -0.148377
     968   -0.148377
     969   -0.136889
     970   -0.136889
     971   -0.127396
     972   -0.127396
     973   -0.120744
     974   -0.120744
     975   -0.114318
     976   -0.114318
     977   -0.108373
     978   -0.108373
     979   -0.102716
     980   -0.102716
     981   -0.094176
     982   -0.094176
     983   -0.079378
     984   -0.079378
     985   -0.060318
     986   -0.060318
     987   -0.044434
     988   -0.044434
     989   -0.033638
     990   -0.033638
     991   -0.312219
     992   -0.312219
     993   -0.308439
     994   -0.308439
     995   -0.303164
     996   -0.303164
     997   -0.298147
     998   -0.298147
     999   -0.293311
    1000   -0.293311
    1001   -0.289936
    1002   -0.289936
    1003   -0.288215
    1004   -0.288215
    1005   -0.286733
    1006   -0.286733
    1007   -0.285050
    1008   -0.285050
    1009   -0.283600
    1010   -0.283600
    1011   -0.282700
    1012   -0.282700
    1013   -0.282555
    1014   -0.282555
    1015   -0.282991
    1016   -0.282991
    1017   -0.283363
    1018   -0.283363
    1019   -0.283405
    1020   -0.283405
    1021   -0.283287
    1022   -0.283287
    1023   -0.283151
    1024   -0.283151
    1025   -0.283030
    1026   -0.283030
    1027   -0.282863
    1028   -0.282863
    1029   -0.282635
    1030   -0.282635
    1031   -0.282398
    1032   -0.282398
    1033   -0.282164
    1034   -0.282164
    1035   -0.281905
    1036   -0.281905
    1037   -0.281613
    1038   -0.281613
    1039   -0.281328
    1040   -0.281328
    1041   -0.281052
    1042   -0.281052
    1043   -0.280707
    1044   -0.280707
    1045   -0.280250
    1046   -0.280250
    1047   -0.279749
    1048   -0.279749
    1049   -0.279278
    1050   -0.279278
    1051   -0.278801
    1052   -0.278801
    1053   -0.278258
    1054   -0.278258
    1055   -0.277694
    1056   -0.277694
    1057   -0.277168
    1058   -0.277168
    1059   -0.276630
    1060   -0.276630
    1061   -0.275997
    1062   -0.275997
    1063   -0.275303
    1064   -0.275303
    1065   -0.274628
    1066   -0.274628
    1067   -0.273909
    1068   -0.273909
    1069   -0.273029
    1070   -0.273029
    1071   -0.272049
    1072   -0.272049
    1073   -0.271109
    1074   -0.271109
    1075   -0.270177
    1076   -0.270177
    1077   -0.269074
    1078   -0.269074
    1079   -0.267819
    1080   -0.267819
    1081   -0.266618
    1082   -0.266618
    1083   -0.265453
    1084   -0.265453
    1085   -0.264136
    1086   -0.264136
    1087   -0.262724
    1088   -0.262724
    1089   -0.261404
    1090   -0.261404
    1091   -0.260081
    1092   -0.260081
    1093   -0.258498
    1094   -0.258498
    1095   -0.256712
    1096   -0.256712
    1097   -0.254937
    1098   -0.254937
    1099   -0.253087
    1100   -0.253087
    1101   -0.250892
    1102   -0.250892
    1103   -0.248364
    1104   -0.248364
    1105   -0.245821
    1106   -0.245821
    1107   -0.243501
    1108   -0.243501
    1109   -0.241746
    1110   -0.241746
    1111   -0.241199
    1112   -0.241199
    1113   -0.241986
    1114   -0.241986
    1115   -0.243357
    1116   -0.243357
    1117   -0.244578
    1118   -0.244578
    1119   -0.245550
    1120   -0.245550
    1121   -0.246436
    1122   -0.246436
    1123   -0.247092
    1124   -0.247092
    1125   -0.247176
    1126   -0.247176
    1127   -0.246885
    1128   -0.246885
    1129   -0.246742
    1130   -0.246742
    1131   -0.246567
    1132   -0.246567
    1133   -0.245777
    1134   -0.245777
    1135   -0.244499
    1136   -0.244499
    1137   -0.243316
    1138   -0.243316
    1139   -0.242111
    1140   -0.242111
    1141   -0.240255
    1142   -0.240255
    1143   -0.237818
    1144   -0.237818
    1145   -0.235464
    1146   -0.235464
    1147   -0.233148
    1148   -0.233148
    1149   -0.230088
    1150   -0.230088
    1151   -0.226265
    1152   -0.226265
    1153   -0.222534
    1154   -0.222534
    1155   -0.218827
    1156   -0.218827
    1157   -0.214027
    1158   -0.214027
    1159   -0.208018
    1160   -0.208018
    1161   -0.201742
    1162   -0.201742
    1163   -0.194812
    1164   -0.194812
    1165   -0.185630
    1166   -0.185630
    1167   -0.174767
    1168   -0.174767
    1169   -0.164804
    1170   -0.164804
    1171   -0.156247
    1172   -0.156247
    1173   -0.147567
    1174   -0.147567
    1175   -0.140289
    1176   -0.140289
    1177   -0.133640
    1178   -0.133640
    1179   -0.123194
    1180   -0.123194
    1181   -0.108793
    1182   -0.108793
    1183   -0.091676
    1184   -0.091676
    1185   -0.074320
    1186   -0.074320
    1187   -0.060923
    1188   -0.060923
    1189   -0.375605
    1190   -0.375605
    1191   -0.372606
    1192   -0.372606
    1193   -0.368330
    1194   -0.368330
    1195   -0.363804
    1196   -0.363804
    1197   -0.359096
    1198   -0.359096
    1199   -0.355698
    1200   -0.355698
    1201   -0.353717
    1202   -0.353717
    1203   -0.351818
    1204   -0.351818
    1205   -0.349847
    1206   -0.349847
    1207   -0.348549
    1208   -0.348549
    1209   -0.348126
    1210   -0.348126
    1211   -0.348325
    1212   -0.348325
    1213   -0.348854
    1214   -0.348854
    1215   -0.349232
    1216   -0.349232
    1217   -0.349216
    1218   -0.349216
    1219   -0.348949
    1220   -0.348949
    1221   -0.348656
    1222   -0.348656
    1223   -0.348428
    1224   -0.348428
    1225   -0.348152
    1226   -0.348152
    1227   -0.347775
    1228   -0.347775
    1229   -0.347419
    1230   -0.347419
    1231   -0.347146
    1232   -0.347146
    1233   -0.346850
    1234   -0.346850
    1235   -0.346496
    1236   -0.346496
    1237   -0.346172
    1238   -0.346172
    1239   -0.345854
    1240   -0.345854
    1241   -0.345410
    1242   -0.345410
    1243   -0.344846
    1244   -0.344846
    1245   -0.344297
    1246   -0.344297
    1247   -0.343786
    1248   -0.343786
    1249   -0.343190
    1250   -0.343190
    1251   -0.342480
    1252   -0.342480
    1253   -0.341789
    1254   -0.341789
    1255   -0.341163
    1256   -0.341163
    1257   -0.340481
    1258   -0.340481
    1259   -0.339685
    1260   -0.339685
    1261   -0.338882
    1262   -0.338882
    1263   -0.338114
    1264   -0.338114
    1265   -0.337256
    1266   -0.337256
    1267   -0.336258
    1268   -0.336258
    1269   -0.335227
    1270   -0.335227
    1271   -0.334197
    1272   -0.334197
    1273   -0.333066
    1274   -0.333066
    1275   -0.331797
    1276   -0.331797
    1277   -0.330491
    1278   -0.330491
    1279   -0.329208
    1280   -0.329208
    1281   -0.327858
    1282   -0.327858
    1283   -0.326373
    1284   -0.326373
    1285   -0.324863
    1286   -0.324863
    1287   -0.323385
    1288   -0.323385
    1289   -0.321780
    1290   -0.321780
    1291   -0.319930
    1292   -0.319930
    1293   -0.317923
    1294   -0.317923
    1295   -0.315830
    1296   -0.315830
    1297   -0.313565
    1298   -0.313565
    1299   -0.310993
    1300   -0.310993
    1301   -0.308136
    1302   -0.308136
    1303   -0.305198
    1304   -0.305198
    1305   -0.302398
    1306   -0.302398
    1307   -0.300184
    1308   -0.300184
    1309   -0.299276
    1310   -0.299276
    1311   -0.299762
    1312   -0.299762
    1313   -0.300848
    1314   -0.300848
    1315   -0.301810
    1316   -0.301810
    1317   -0.302501
    1318   -0.302501
    1319   -0.303007
    1320   -0.303007
    1321   -0.303311
    1322   -0.303311
    1323   -0.303312
    1324   -0.303312
    1325   -0.303033
    1326   -0.303033
    1327   -0.302637
    1328   -0.302637
    1329   -0.302071
    1330   -0.302071
    1331   -0.301105
    1332   -0.301105
    1333   -0.299817
    1334   -0.299817
    1335   -0.298431
    1336   -0.298431
    1337   -0.296846
    1338   -0.296846
    1339   -0.294817
    1340   -0.294817
    1341   -0.292361
    1342   -0.292361
    1343   -0.289675
    1344   -0.289675
    1345   -0.286689
    1346   -0.286689
    1347   -0.283140
    1348   -0.283140
    1349   -0.279101
    1350   -0.279101
    1351   -0.274934
    1352   -0.274934
    1353   -0.270467
    1354   -0.270467
    1355   -0.264978
    1356   -0.264978
    1357   -0.258439
    1358   -0.258439
    1359   -0.251419
    1360   -0.251419
    1361   -0.243804
    1362   -0.243804
    1363   -0.234867
    1364   -0.234867
    1365   -0.224785
    1366   -0.224785
    1367   -0.214583
    1368   -0.214583
    1369   -0.204658
    1370   -0.204658
    1371   -0.193907
    1372   -0.193907
    1373   -0.183002
    1374   -0.183002
    1375   -0.172049
    1376   -0.172049
    1377   -0.158132
    1378   -0.158132
    1379   -0.141810
    1380   -0.141810
    1381   -0.123100
    1382   -0.123100
    1383   -0.101971
    1384   -0.101971
    1385   -0.084924
    1386   -0.084924
    1387   -0.448827
    1388   -0.448827
    1389   -0.446661
    1390   -0.446661
    1391   -0.443815
    1392   -0.443815
    1393   -0.441568
    1394   -0.441568
    1395   -0.439868
    1396   -0.439868
    1397   -0.438673
    1398   -0.438673
    1399   -0.437638
    1400   -0.437638
    1401   -0.435955
    1402   -0.435955
    1403   -0.433874
    1404   -0.433874
    1405   -0.432651
    1406   -0.432651
    1407   -0.432426
    1408   -0.432426
    1409   -0.432367
    1410   -0.432367
    1411   -0.432164
    1412   -0.432164
    1413   -0.431950
    1414   -0.431950
    1415   -0.431699
    1416   -0.431699
    1417   -0.431308
    1418   -0.431308
    1419   -0.430856
    1420   -0.430856
    1421   -0.430474
    1422   -0.430474
    1423   -0.430119
    1424   -0.430119
    1425   -0.429667
    1426   -0.429667
    1427   -0.429165
    1428   -0.429165
    1429   -0.428754
    1430   -0.428754
    1431   -0.428400
    1432   -0.428400
    1433   -0.428012
    1434   -0.428012
    1435   -0.427601
    1436   -0.427601
    1437   -0.427151
    1438   -0.427151
    1439   -0.426607
    1440   -0.426607
    1441   -0.425994
    1442   -0.425994
    1443   -0.425386
    1444   -0.425386
    1445   -0.424768
    1446   -0.424768
    1447   -0.424053
    1448   -0.424053
    1449   -0.423229
    1450   -0.423229
    1451   -0.422394
    1452   -0.422394
    1453   -0.421601
    1454   -0.421601
    1455   -0.420777
    1456   -0.420777
    1457   -0.419870
    1458   -0.419870
    1459   -0.418931
    1460   -0.418931
    1461   -0.417992
    1462   -0.417992
    1463   -0.416979
    1464   -0.416979
    1465   -0.415841
    1466   -0.415841
    1467   -0.414638
    1468   -0.414638
    1469   -0.413420
    1470   -0.413420
    1471   -0.412135
    1472   -0.412135
    1473   -0.410780
    1474   -0.410780
    1475   -0.409397
    1476   -0.409397
    1477   -0.407941
    1478   -0.407941
    1479   -0.406377
    1480   -0.406377
    1481   -0.404750
    1482   -0.404750
    1483   -0.403098
    1484   -0.403098
    1485   -0.401364
    1486   -0.401364
    1487   -0.399443
    1488   -0.399443
    1489   -0.397311
    1490   -0.397311
    1491   -0.395032
    1492   -0.395032
    1493   -0.392637
    1494   -0.392637
    1495   -0.390070
    1496   -0.390070
    1497   -0.387226
    1498   -0.387226
    1499   -0.384105
    1500   -0.384105
    1501   -0.380860
    1502   -0.380860
    1503   -0.377709
    1504   -0.377709
    1505   -0.375095
    1506   -0.375095
    1507   -0.373799
    1508   -0.373799
    1509   -0.374025
    1510   -0.374025
    1511   -0.374923
    1512   -0.374923
    1513   -0.375527
    1514   -0.375527
    1515   -0.375689
    1516   -0.375689
    1517   -0.375819
    1518   -0.375819
    1519   -0.375955
    1520   -0.375955
    1521   -0.375749
    1522   -0.375749
    1523   -0.375106
    1524   -0.375106
    1525   -0.374338
    1526   -0.374338
    1527   -0.373507
    1528   -0.373507
    1529   -0.372293
    1530   -0.372293
    1531   -0.370701
    1532   -0.370701
    1533   -0.369027
    1534   -0.369027
    1535   -0.367191
    1536   -0.367191
    1537   -0.364836
    1538   -0.364836
    1539   -0.361942
    1540   -0.361942
    1541   -0.358793
    1542   -0.358793
    1543   -0.355316
    1544   -0.355316
    1545   -0.351184
    1546   -0.351184
    1547   -0.346535
    1548   -0.346535
    1549   -0.341790
    1550   -0.341790
    1551   -0.336731
    1552   -0.336731
    1553   -0.330536
    1554   -0.330536
    1555   -0.323185
    1556   -0.323185
    1557   -0.315336
    1558   -0.315336
    1559   -0.307092
    1560   -0.307092
    1561   -0.298051
    1562   -0.298051
    1563   -0.288047
    1564   -0.288047
    1565   -0.277268
    1566   -0.277268
    1567   -0.266404
    1568   -0.266404
    1569   -0.254143
    1570   -0.254143
    1571   -0.238658
    1572   -0.238658
    1573   -0.221703
    1574   -0.221703
    1575   -0.203651
    1576   -0.203651
    1577   -0.183287
    1578   -0.183287
    1579   -0.159443
    1580   -0.159443
    1581   -0.132782
    1582   -0.132782
    1583   -0.111428
    1584   -0.111428
    1585   -0.537233
    1586   -0.537233
    1587   -0.535308
    1588   -0.535308
    1589   -0.532808
    1590   -0.532808
    1591   -0.531192
    1592   -0.531192
    1593   -0.530503
    1594   -0.530503
    1595   -0.530449
    1596   -0.530449
    1597   -0.530673
    1598   -0.530673
    1599   -0.530565
    1600   -0.530565
    1601   -0.530186
    1602   -0.530186
    1603   -0.530234
    1604   -0.530234
    1605   -0.530639
    1606   -0.530639
    1607   -0.530683
    1608   -0.530683
    1609   -0.530260
    1610   -0.530260
    1611   -0.529834
    1612   -0.529834
    1613   -0.529538
    1614   -0.529538
    1615   -0.529192
    1616   -0.529192
    1617   -0.528766
    1618   -0.528766
    1619   -0.528360
    1620   -0.528360
    1621   -0.527984
    1622   -0.527984
    1623   -0.527506
    1624   -0.527506
    1625   -0.526908
    1626   -0.526908
    1627   -0.526333
    1628   -0.526333
    1629   -0.525821
    1630   -0.525821
    1631   -0.525295
    1632   -0.525295
    1633   -0.524717
    1634   -0.524717
    1635   -0.524094
    1636   -0.524094
    1637   -0.523443
    1638   -0.523443
    1639   -0.522777
    1640   -0.522777
    1641   -0.522092
    1642   -0.522092
    1643   -0.521357
    1644   -0.521357
    1645   -0.520536
    1646   -0.520536
    1647   -0.519621
    1648   -0.519621
    1649   -0.518653
    1650   -0.518653
    1651   -0.517677
    1652   -0.517677
    1653   -0.516690
    1654   -0.516690
    1655   -0.515655
    1656   -0.515655
    1657   -0.514561
    1658   -0.514561
    1659   -0.513423
    1660   -0.513423
    1661   -0.512226
    1662   -0.512226
    1663   -0.510930
    1664   -0.510930
    1665   -0.509556
    1666   -0.509556
    1667   -0.508175
    1668   -0.508175
    1669   -0.506786
    1670   -0.506786
    1671   -0.505359
    1672   -0.505359
    1673   -0.503864
    1674   -0.503864
    1675   -0.502238
    1676   -0.502238
    1677   -0.500483
    1678   -0.500483
    1679   -0.498664
    1680   -0.498664
    1681   -0.496764
    1682   -0.496764
    1683   -0.494708
    1684   -0.494708
    1685   -0.492480
    1686   -0.492480
    1687   -0.490102
    1688   -0.490102
    1689   -0.487585
    1690   -0.487585
    1691   -0.484936
    1692   -0.484936
    1693   -0.482102
    1694   -0.482102
    1695   -0.479008
    1696   -0.479008
    1697   -0.475677
    1698   -0.475677
    1699   -0.472231
    1700   -0.472231
    1701   -0.468870
    1702   -0.468870
    1703   -0.466032
    1704   -0.466032
    1705   -0.464514
    1706   -0.464514
    1707   -0.464535
    1708   -0.464535
    1709   -0.465243
    1710   -0.465243
    1711   -0.465652
    1712   -0.465652
    1713   -0.465634
    1714   -0.465634
    1715   -0.465646
    1716   -0.465646
    1717   -0.465685
    1718   -0.465685
    1719   -0.465296
    1720   -0.465296
    1721   -0.464387
    1722   -0.464387
    1723   -0.463344
    1724   -0.463344
    1725   -0.462260
    1726   -0.462260
    1727   -0.460824
    1728   -0.460824
    1729   -0.458997
    1730   -0.458997
    1731   -0.457046
    1732   -0.457046
    1733   -0.454910
    1734   -0.454910
    1735   -0.452233
    1736   -0.452233
    1737   -0.448980
    1738   -0.448980
    1739   -0.445397
    1740   -0.445397
    1741   -0.441433
    1742   -0.441433
    1743   -0.436751
    1744   -0.436751
    1745   -0.431429
    1746   -0.431429
    1747   -0.425884
    1748   -0.425884
    1749   -0.419950
    1750   -0.419950
    1751   -0.412877
    1752   -0.412877
    1753   -0.404637
    1754   -0.404637
    1755   -0.395846
    1756   -0.395846
    1757   -0.386589
    1758   -0.386589
    1759   -0.376430
    1760   -0.376430
    1761   -0.365083
    1762   -0.365083
    1763   -0.352601
    1764   -0.352601
    1765   -0.339636
    1766   -0.339636
    1767   -0.324899
    1768   -0.324899
    1769   -0.305721
    1770   -0.305721
    1771   -0.283793
    1772   -0.283793
    1773   -0.260651
    1774   -0.260651
    1775   -0.234417
    1776   -0.234417
    1777   -0.203586
    1778   -0.203586
    1779   -0.169749
    1780   -0.169749
    1781   -0.142608
    1782   -0.142608
    1783   -0.645759
    1784   -0.645759
    1785   -0.643940
    1786   -0.643940
    1787   -0.641310
    1788   -0.641310
    1789   -0.638850
    1790   -0.638850
    1791   -0.636928
    1792   -0.636928
    1793   -0.636563
    1794   -0.636563
    1795   -0.637842
    1796   -0.637842
    1797   -0.639951
    1798   -0.639951
    1799   -0.642303
    1800   -0.642303
    1801   -0.644274
    1802   -0.644274
    1803   -0.645547
    1804   -0.645547
    1805   -0.646109
    1806   -0.646109
    1807   -0.646139
    1808   -0.646139
    1809   -0.646038
    1810   -0.646038
    1811   -0.645965
    1812   -0.645965
    1813   -0.645838
    1814   -0.645838
    1815   -0.645606
    1816   -0.645606
    1817   -0.645300
    1818   -0.645300
    1819   -0.644941
    1820   -0.644941
    1821   -0.644481
    1822   -0.644481
    1823   -0.643889
    1824   -0.643889
    1825   -0.643226
    1826   -0.643226
    1827   -0.642540
    1828   -0.642540
    1829   -0.641818
    1830   -0.641818
    1831   -0.641037
    1832   -0.641037
    1833   -0.640233
    1834   -0.640233
    1835   -0.639456
    1836   -0.639456
    1837   -0.638697
    1838   -0.638697
    1839   -0.637905
    1840   -0.637905
    1841   -0.637047
    1842   -0.637047
    1843   -0.636122
    1844   -0.636122
    1845   -0.635118
    1846   -0.635118
    1847   -0.634025
    1848   -0.634025
    1849   -0.632871
    1850   -0.632871
    1851   -0.631689
    1852   -0.631689
    1853   -0.630466
    1854   -0.630466
    1855   -0.629178
    1856   -0.629178
    1857   -0.627840
    1858   -0.627840
    1859   -0.626465
    1860   -0.626465
    1861   -0.625030
    1862   -0.625030
    1863   -0.623529
    1864   -0.623529
    1865   -0.622005
    1866   -0.622005
    1867   -0.620478
    1868   -0.620478
    1869   -0.618903
    1870   -0.618903
    1871   -0.617244
    1872   -0.617244
    1873   -0.615471
    1874   -0.615471
    1875   -0.613546
    1876   -0.613546
    1877   -0.611452
    1878   -0.611452
    1879   -0.609187
    1880   -0.609187
    1881   -0.606766
    1882   -0.606766
    1883   -0.604239
    1884   -0.604239
    1885   -0.601607
    1886   -0.601607
    1887   -0.598831
    1888   -0.598831
    1889   -0.595890
    1890   -0.595890
    1891   -0.592738
    1892   -0.592738
    1893   -0.589331
    1894   -0.589331
    1895   -0.585702
    1896   -0.585702
    1897   -0.581965
    1898   -0.581965
    1899   -0.578300
    1900   -0.578300
    1901   -0.575120
    1902   -0.575120
    1903   -0.573222
    1904   -0.573222
    1905   -0.572851
    1906   -0.572851
    1907   -0.573234
    1908   -0.573234
    1909   -0.573534
    1910   -0.573534
    1911   -0.573581
    1912   -0.573581
    1913   -0.573613
    1914   -0.573613
    1915   -0.573580
    1916   -0.573580
    1917   -0.573178
    1918   -0.573178
    1919   -0.572353
    1920   -0.572353
    1921   -0.571302
    1922   -0.571302
    1923   -0.570052
    1924   -0.570052
    1925   -0.568462
    1926   -0.568462
    1927   -0.566513
    1928   -0.566513
    1929   -0.564308
    1930   -0.564308
    1931   -0.561796
    1932   -0.561796
    1933   -0.558795
    1934   -0.558795
    1935   -0.555287
    1936   -0.555287
    1937   -0.551349
    1938   -0.551349
    1939   -0.546961
    1940   -0.546961
    1941   -0.541864
    1942   -0.541864
    1943   -0.536002
    1944   -0.536002
    1945   -0.529646
    1946   -0.529646
    1947   -0.522666
    1948   -0.522666
    1949   -0.514595
    1950   -0.514595
    1951   -0.505461
    1952   -0.505461
    1953   -0.495667
    1954   -0.495667
    1955   -0.485059
    1956   -0.485059
    1957   -0.472993
    1958   -0.472993
    1959   -0.459273
    1960   -0.459273
    1961   -0.444143
    1962   -0.444143
    1963   -0.427736
    1964   -0.427736
    1965   -0.409259
    1966   -0.409259
    1967   -0.387042
    1968   -0.387042
    1969   -0.361006
    1970   -0.361006
    1971   -0.331542
    1972   -0.331542
    1973   -0.297572
    1974   -0.297572
    1975   -0.258213
    1976   -0.258213
    1977   -0.215642
    1978   -0.215642
    1979   -0.181268
    1980   -0.181268
    1981   -0.780418
    1982   -0.780418
    1983   -0.779277
    1984   -0.779277
    1985   -0.777442
    1986   -0.777442
    1987   -0.775349
    1988   -0.775349
    1989   -0.773436
    1990   -0.773436
    1991   -0.773162
    1992   -0.773162
    1993   -0.774793
    1994   -0.774793
    1995   -0.777457
    1996   -0.777457
    1997   -0.780400
    1998   -0.780400
    1999   -0.782747
    2000   -0.782747
    2001   -0.784246
    2002   -0.784246
    2003   -0.785172
    2004   -0.785172
    2005   -0.785712
    2006   -0.785712
    2007   -0.786032
    2008   -0.786032
    2009   -0.786242
    2010   -0.786242
    2011   -0.786376
    2012   -0.786376
    2013   -0.786396
    2014   -0.786396
    2015   -0.786246
    2016   -0.786246
    2017   -0.785951
    2018   -0.785951
    2019   -0.785553
    2020   -0.785553
    2021   -0.785037
    2022   -0.785037
    2023   -0.784395
    2024   -0.784395
    2025   -0.783664
    2026   -0.783664
    2027   -0.782863
    2028   -0.782863
    2029   -0.781977
    2030   -0.781977
    2031   -0.781046
    2032   -0.781046
    2033   -0.780134
    2034   -0.780134
    2035   -0.779240
    2036   -0.779240
    2037   -0.778304
    2038   -0.778304
    2039   -0.777292
    2040   -0.777292
    2041   -0.776228
    2042   -0.776228
    2043   -0.775101
    2044   -0.775101
    2045   -0.773869
    2046   -0.773869
    2047   -0.772538
    2048   -0.772538
    2049   -0.771152
    2050   -0.771152
    2051   -0.769715
    2052   -0.769715
    2053   -0.768211
    2054   -0.768211
    2055   -0.766660
    2056   -0.766660
    2057   -0.765101
    2058   -0.765101
    2059   -0.763532
    2060   -0.763532
    2061   -0.761892
    2062   -0.761892
    2063   -0.760162
    2064   -0.760162
    2065   -0.758388
    2066   -0.758388
    2067   -0.756592
    2068   -0.756592
    2069   -0.754731
    2070   -0.754731
    2071   -0.752743
    2072   -0.752743
    2073   -0.750556
    2074   -0.750556
    2075   -0.748082
    2076   -0.748082
    2077   -0.745338
    2078   -0.745338
    2079   -0.742454
    2080   -0.742454
    2081   -0.739511
    2082   -0.739511
    2083   -0.736478
    2084   -0.736478
    2085   -0.733294
    2086   -0.733294
    2087   -0.729940
    2088   -0.729940
    2089   -0.726403
    2090   -0.726403
    2091   -0.722658
    2092   -0.722658
    2093   -0.718705
    2094   -0.718705
    2095   -0.714627
    2096   -0.714627
    2097   -0.710626
    2098   -0.710626
    2099   -0.707233
    2100   -0.707233
    2101   -0.705197
    2102   -0.705197
    2103   -0.704596
    2104   -0.704596
    2105   -0.704745
    2106   -0.704745
    2107   -0.705006
    2108   -0.705006
    2109   -0.705138
    2110   -0.705138
    2111   -0.705153
    2112   -0.705153
    2113   -0.704991
    2114   -0.704991
    2115   -0.704478
    2116   -0.704478
    2117   -0.703608
    2118   -0.703608
    2119   -0.702472
    2120   -0.702472
    2121   -0.701032
    2122   -0.701032
    2123   -0.699218
    2124   -0.699218
    2125   -0.697012
    2126   -0.697012
    2127   -0.694425
    2128   -0.694425
    2129   -0.691410
    2130   -0.691410
    2131   -0.687887
    2132   -0.687887
    2133   -0.683881
    2134   -0.683881
    2135   -0.679443
    2136   -0.679443
    2137   -0.674555
    2138   -0.674555
    2139   -0.668998
    2140   -0.668998
    2141   -0.662601
    2142   -0.662601
    2143   -0.655424
    2144   -0.655424
    2145   -0.647351
    2146   -0.647351
    2147   -0.638220
    2148   -0.638220
    2149   -0.628091
    2150   -0.628091
    2151   -0.617090
    2152   -0.617090
    2153   -0.604985
    2154   -0.604985
    2155   -0.591197
    2156   -0.591197
    2157   -0.575411
    2158   -0.575411
    2159   -0.557473
    2160   -0.557473
    2161   -0.537061
    2162   -0.537061
    2163   -0.514398
    2164   -0.514398
    2165   -0.488776
    2166   -0.488776
    2167   -0.458161
    2168   -0.458161
    2169   -0.421606
    2170   -0.421606
    2171   -0.378540
    2172   -0.378540
    2173   -0.328708
    2174   -0.328708
    2175   -0.275221
    2176   -0.275221
    2177   -0.231907
    2178   -0.231907
    2179   -0.954927
    2180   -0.954927
    2181   -0.955595
    2182   -0.955595
    2183   -0.956352
    2184   -0.956352
    2185   -0.956961
    2186   -0.956961
    2187   -0.957540
    2188   -0.957540
    2189   -0.958641
    2190   -0.958641
    2191   -0.960290
    2192   -0.960290
    2193   -0.961881
    2194   -0.961881
    2195   -0.963187
    2196   -0.963187
    2197   -0.964309
    2198   -0.964309
    2199   -0.965324
    2200   -0.965324
    2201   -0.966278
    2202   -0.966278
    2203   -0.967134
    2204   -0.967134
    2205   -0.967765
    2206   -0.967765
    2207   -0.968186
    2208   -0.968186
    2209   -0.968525
    2210   -0.968525
    2211   -0.968770
    2212   -0.968770
    2213   -0.968788
    2214   -0.968788
    2215   -0.968582
    2216   -0.968582
    2217   -0.968256
    2218   -0.968256
    2219   -0.967823
    2220   -0.967823
    2221   -0.967250
    2222   -0.967250
    2223   -0.966554
    2224   -0.966554
    2225   -0.965763
    2226   -0.965763
    2227   -0.964879
    2228   -0.964879
    2229   -0.963907
    2230   -0.963907
    2231   -0.962876
    2232   -0.962876
    2233   -0.961799
    2234   -0.961799
    2235   -0.960661
    2236   -0.960661
    2237   -0.959453
    2238   -0.959453
    2239   -0.958189
    2240   -0.958189
    2241   -0.956862
    2242   -0.956862
    2243   -0.955440
    2244   -0.955440
    2245   -0.953917
    2246   -0.953917
    2247   -0.952308
    2248   -0.952308
    2249   -0.950626
    2250   -0.950626
    2251   -0.948875
    2252   -0.948875
    2253   -0.947075
    2254   -0.947075
    2255   -0.945268
    2256   -0.945268
    2257   -0.943463
    2258   -0.943463
    2259   -0.941585
    2260   -0.941585
    2261   -0.939565
    2262   -0.939565
    2263   -0.937452
    2264   -0.937452
    2265   -0.935349
    2266   -0.935349
    2267   -0.933203
    2268   -0.933203
    2269   -0.930866
    2270   -0.930866
    2271   -0.928264
    2272   -0.928264
    2273   -0.925310
    2274   -0.925310
    2275   -0.922019
    2276   -0.922019
    2277   -0.918574
    2278   -0.918574
    2279   -0.915058
    2280   -0.915058
    2281   -0.911460
    2282   -0.911460
    2283   -0.907734
    2284   -0.907734
    2285   -0.903832
    2286   -0.903832
    2287   -0.899771
    2288   -0.899771
    2289   -0.895588
    2290   -0.895588
    2291   -0.891304
    2292   -0.891304
    2293   -0.886928
    2294   -0.886928
    2295   -0.882686
    2296   -0.882686
    2297   -0.879400
    2298   -0.879400
    2299   -0.877763
    2300   -0.877763
    2301   -0.877408
    2302   -0.877408
    2303   -0.877648
    2304   -0.877648
    2305   -0.878094
    2306   -0.878094
    2307   -0.878434
    2308   -0.878434
    2309   -0.878463
    2310   -0.878463
    2311   -0.878122
    2312   -0.878122
    2313   -0.877340
    2314   -0.877340
    2315   -0.876158
    2316   -0.876158
    2317   -0.874719
    2318   -0.874719
    2319   -0.872997
    2320   -0.872997
    2321   -0.870826
    2322   -0.870826
    2323   -0.868111
    2324   -0.868111
    2325   -0.864912
    2326   -0.864912
    2327   -0.861230
    2328   -0.861230
    2329   -0.856953
    2330   -0.856953
    2331   -0.852112
    2332   -0.852112
    2333   -0.846815
    2334   -0.846815
    2335   -0.841029
    2336   -0.841029
    2337   -0.834595
    2338   -0.834595
    2339   -0.827271
    2340   -0.827271
    2341   -0.818895
    2342   -0.818895
    2343   -0.809397
    2344   -0.809397
    2345   -0.798818
    2346   -0.798818
    2347   -0.787163
    2348   -0.787163
    2349   -0.774366
    2350   -0.774366
    2351   -0.760369
    2352   -0.760369
    2353   -0.744888
    2354   -0.744888
    2355   -0.727294
    2356   -0.727294
    2357   -0.706653
    2358   -0.706653
    2359   -0.681967
    2360   -0.681967
    2361   -0.654005
    2362   -0.654005
    2363   -0.623226
    2364   -0.623226
    2365   -0.586873
    2366   -0.586873
    2367   -0.542630
    2368   -0.542630
    2369   -0.489208
    2370   -0.489208
    2371   -0.426425
    2372   -0.426425
    2373   -0.358564
    2374   -0.358564
    2375   -0.303208
    2376   -0.303208
    2377   -1.193959
    2378   -1.193959
    2379   -1.197886
    2380   -1.197886
    2381   -1.203351
    2382   -1.203351
    2383   -1.209085
    2384   -1.209085
    2385   -1.214694
    2386   -1.214694
    2387   -1.218910
    2388   -1.218910
    2389   -1.221408
    2390   -1.221408
    2391   -1.222467
    2392   -1.222467
    2393   -1.222676
    2394   -1.222676
    2395   -1.222958
    2396   -1.222958
    2397   -1.223629
    2398   -1.223629
    2399   -1.224528
    2400   -1.224528
    2401   -1.225492
    2402   -1.225492
    2403   -1.226294
    2404   -1.226294
    2405   -1.226880
    2406   -1.226880
    2407   -1.227359
    2408   -1.227359
    2409   -1.227729
    2410   -1.227729
    2411   -1.227862
    2412   -1.227862
    2413   -1.227743
    2414   -1.227743
    2415   -1.227467
    2416   -1.227467
    2417   -1.227060
    2418   -1.227060
    2419   -1.226498
    2420   -1.226498
    2421   -1.225783
    2422   -1.225783
    2423   -1.224928
    2424   -1.224928
    2425   -1.223957
    2426   -1.223957
    2427   -1.222894
    2428   -1.222894
    2429   -1.221725
    2430   -1.221725
    2431   -1.220430
    2432   -1.220430
    2433   -1.219032
    2434   -1.219032
    2435   -1.217560
    2436   -1.217560
    2437   -1.216017
    2438   -1.216017
    2439   -1.214396
    2440   -1.214396
    2441   -1.212685
    2442   -1.212685
    2443   -1.210874
    2444   -1.210874
    2445   -1.208950
    2446   -1.208950
    2447   -1.206914
    2448   -1.206914
    2449   -1.204790
    2450   -1.204790
    2451   -1.202617
    2452   -1.202617
    2453   -1.200420
    2454   -1.200420
    2455   -1.198204
    2456   -1.198204
    2457   -1.195922
    2458   -1.195922
    2459   -1.193492
    2460   -1.193492
    2461   -1.190925
    2462   -1.190925
    2463   -1.188317
    2464   -1.188317
    2465   -1.185625
    2466   -1.185625
    2467   -1.182711
    2468   -1.182711
    2469   -1.179541
    2470   -1.179541
    2471   -1.176068
    2472   -1.176068
    2473   -1.172298
    2474   -1.172298
    2475   -1.168333
    2476   -1.168333
    2477   -1.164206
    2478   -1.164206
    2479   -1.159940
    2480   -1.159940
    2481   -1.155526
    2482   -1.155526
    2483   -1.150905
    2484   -1.150905
    2485   -1.146074
    2486   -1.146074
    2487   -1.141108
    2488   -1.141108
    2489   -1.136095
    2490   -1.136095
    2491   -1.131057
    2492   -1.131057
    2493   -1.126222
    2494   -1.126222
    2495   -1.122556
    2496   -1.122556
    2497   -1.120888
    2498   -1.120888
    2499   -1.120652
    2500   -1.120652
    2501   -1.120984
    2502   -1.120984
    2503   -1.121547
    2504   -1.121547
    2505   -1.121982
    2506   -1.121982
    2507   -1.121966
    2508   -1.121966
    2509   -1.121423
    2510   -1.121423
    2511   -1.120349
    2512   -1.120349
    2513   -1.118775
    2514   -1.118775
    2515   -1.116874
    2516   -1.116874
    2517   -1.114672
    2518   -1.114672
    2519   -1.111860
    2520   -1.111860
    2521   -1.108291
    2522   -1.108291
    2523   -1.104148
    2524   -1.104148
    2525   -1.099497
    2526   -1.099497
    2527   -1.094221
    2528   -1.094221
    2529   -1.088278
    2530   -1.088278
    2531   -1.081688
    2532   -1.081688
    2533   -1.074382
    2534   -1.074382
    2535   -1.066303
    2536   -1.066303
    2537   -1.057233
    2538   -1.057233
    2539   -1.046958
    2540   -1.046958
    2541   -1.035476
    2542   -1.035476
    2543   -1.022812
    2544   -1.022812
    2545   -1.008864
    2546   -1.008864
    2547   -0.993474
    2548   -0.993474
    2549   -0.976633
    2550   -0.976633
    2551   -0.958214
    2552   -0.958214
    2553   -0.937487
    2554   -0.937487
    2555   -0.913215
    2556   -0.913215
    2557   -0.883753
    2558   -0.883753
    2559   -0.849073
    2560   -0.849073
    2561   -0.810211
    2562   -0.810211
    2563   -0.765556
    2564   -0.765556
    2565   -0.711866
    2566   -0.711866
    2567   -0.645688
    2568   -0.645688
    2569   -0.566316
    2570   -0.566316
    2571   -0.479199
    2572   -0.479199
    2573   -0.407158
    2574   -0.407158
    2575   -1.529565
    2576   -1.529565
    2577   -1.538543
    2578   -1.538543
    2579   -1.551095
    2580   -1.551095
    2581   -1.563819
    2582   -1.563819
    2583   -1.575922
    2584   -1.575922
    2585   -1.584443
    2586   -1.584443
    2587   -1.588961
    2588   -1.588961
    2589   -1.591108
    2590   -1.591108
    2591   -1.592163
    2592   -1.592163
    2593   -1.593171
    2594   -1.593171
    2595   -1.594438
    2596   -1.594438
    2597   -1.595751
    2598   -1.595751
    2599   -1.596990
    2600   -1.596990
    2601   -1.598069
    2602   -1.598069
    2603   -1.598953
    2604   -1.598953
    2605   -1.599649
    2606   -1.599649
    2607   -1.600132
    2608   -1.600132
    2609   -1.600347
    2610   -1.600347
    2611   -1.600301
    2612   -1.600301
    2613   -1.600052
    2614   -1.600052
    2615   -1.599624
    2616   -1.599624
    2617   -1.599000
    2618   -1.599000
    2619   -1.598178
    2620   -1.598178
    2621   -1.597150
    2622   -1.597150
    2623   -1.595944
    2624   -1.595944
    2625   -1.594631
    2626   -1.594631
    2627   -1.593210
    2628   -1.593210
    2629   -1.591628
    2630   -1.591628
    2631   -1.589886
    2632   -1.589886
    2633   -1.588028
    2634   -1.588028
    2635   -1.586077
    2636   -1.586077
    2637   -1.584025
    2638   -1.584025
    2639   -1.581859
    2640   -1.581859
    2641   -1.579575
    2642   -1.579575
    2643   -1.577161
    2644   -1.577161
    2645   -1.574596
    2646   -1.574596
    2647   -1.571894
    2648   -1.571894
    2649   -1.569119
    2650   -1.569119
    2651   -1.566290
    2652   -1.566290
    2653   -1.563402
    2654   -1.563402
    2655   -1.560444
    2656   -1.560444
    2657   -1.557349
    2658   -1.557349
    2659   -1.554078
    2660   -1.554078
    2661   -1.550637
    2662   -1.550637
    2663   -1.547015
    2664   -1.547015
    2665   -1.543206
    2666   -1.543206
    2667   -1.539224
    2668   -1.539224
    2669   -1.535060
    2670   -1.535060
    2671   -1.530703
    2672   -1.530703
    2673   -1.526142
    2674   -1.526142
    2675   -1.521316
    2676   -1.521316
    2677   -1.516179
    2678   -1.516179
    2679   -1.510767
    2680   -1.510767
    2681   -1.505095
    2682   -1.505095
    2683   -1.499131
    2684   -1.499131
    2685   -1.492885
    2686   -1.492885
    2687   -1.486446
    2688   -1.486446
    2689   -1.479929
    2690   -1.479929
    2691   -1.473591
    2692   -1.473591
    2693   -1.468383
    2694   -1.468383
    2695   -1.465518
    2696   -1.465518
    2697   -1.464688
    2698   -1.464688
    2699   -1.464639
    2700   -1.464639
    2701   -1.464714
    2702   -1.464714
    2703   -1.464556
    2704   -1.464556
    2705   -1.463877
    2706   -1.463877
    2707   -1.462609
    2708   -1.462609
    2709   -1.460906
    2710   -1.460906
    2711   -1.458724
    2712   -1.458724
    2713   -1.455938
    2714   -1.455938
    2715   -1.452595
    2716   -1.452595
    2717   -1.448503
    2718   -1.448503
    2719   -1.443591
    2720   -1.443591
    2721   -1.438022
    2722   -1.438022
    2723   -1.431844
    2724   -1.431844
    2725   -1.425040
    2726   -1.425040
    2727   -1.417465
    2728   -1.417465
    2729   -1.408895
    2730   -1.408895
    2731   -1.399209
    2732   -1.399209
    2733   -1.388425
    2734   -1.388425
    2735   -1.376452
    2736   -1.376452
    2737   -1.363218
    2738   -1.363218
    2739   -1.348769
    2740   -1.348769
    2741   -1.333008
    2742   -1.333008
    2743   -1.315686
    2744   -1.315686
    2745   -1.296478
    2746   -1.296478
    2747   -1.275179
    2748   -1.275179
    2749   -1.251686
    2750   -1.251686
    2751   -1.225410
    2752   -1.225410
    2753   -1.195172
    2754   -1.195172
    2755   -1.159469
    2756   -1.159469
    2757   -1.117446
    2758   -1.117446
    2759   -1.068387
    2760   -1.068387
    2761   -1.011290
    2762   -1.011290
    2763   -0.943838
    2764   -0.943838
    2765   -0.860749
    2766   -0.860749
    2767   -0.760234
    2768   -0.760234
    2769   -0.648551
    2770   -0.648551
    2771   -0.554957
    2772   -0.554957
    2773   -2.004073
    2774   -2.004073
    2775   -2.019956
    2776   -2.019956
    2777   -2.041180
    2778   -2.041180
    2779   -2.059821
    2780   -2.059821
    2781   -2.075856
    2782   -2.075856
    2783   -2.087551
    2784   -2.087551
    2785   -2.094993
    2786   -2.094993
    2787   -2.100319
    2788   -2.100319
    2789   -2.104799
    2790   -2.104799
    2791   -2.108706
    2792   -2.108706
    2793   -2.112079
    2794   -2.112079
    2795   -2.114960
    2796   -2.114960
    2797   -2.117390
    2798   -2.117390
    2799   -2.119381
    2800   -2.119381
    2801   -2.120962
    2802   -2.120962
    2803   -2.122162
    2804   -2.122162
    2805   -2.122975
    2806   -2.122975
    2807   -2.123384
    2808   -2.123384
    2809   -2.123437
    2810   -2.123437
    2811   -2.123241
    2812   -2.123241
    2813   -2.122829
    2814   -2.122829
    2815   -2.122127
    2816   -2.122127
    2817   -2.121118
    2818   -2.121118
    2819   -2.119853
    2820   -2.119853
    2821   -2.118361
    2822   -2.118361
    2823   -2.116667
    2824   -2.116667
    2825   -2.114788
    2826   -2.114788
    2827   -2.112711
    2828   -2.112711
    2829   -2.110424
    2830   -2.110424
    2831   -2.107960
    2832   -2.107960
    2833   -2.105362
    2834   -2.105362
    2835   -2.102638
    2836   -2.102638
    2837   -2.099772
    2838   -2.099772
    2839   -2.096748
    2840   -2.096748
    2841   -2.093567
    2842   -2.093567
    2843   -2.090220
    2844   -2.090220
    2845   -2.086698
    2846   -2.086698
    2847   -2.083021
    2848   -2.083021
    2849   -2.079187
    2850   -2.079187
    2851   -2.075199
    2852   -2.075199
    2853   -2.071079
    2854   -2.071079
    2855   -2.066810
    2856   -2.066810
    2857   -2.062344
    2858   -2.062344
    2859   -2.057631
    2860   -2.057631
    2861   -2.052672
    2862   -2.052672
    2863   -2.047522
    2864   -2.047522
    2865   -2.042213
    2866   -2.042213
    2867   -2.036765
    2868   -2.036765
    2869   -2.031175
    2870   -2.031175
    2871   -2.025407
    2872   -2.025407
    2873   -2.019338
    2874   -2.019338
    2875   -2.012820
    2876   -2.012820
    2877   -2.005876
    2878   -2.005876
    2879   -1.998548
    2880   -1.998548
    2881   -1.990806
    2882   -1.990806
    2883   -1.982640
    2884   -1.982640
    2885   -1.974070
    2886   -1.974070
    2887   -1.965199
    2888   -1.965199
    2889   -1.956463
    2890   -1.956463
    2891   -1.949022
    2892   -1.949022
    2893   -1.944412
    2894   -1.944412
    2895   -1.942506
    2896   -1.942506
    2897   -1.941582
    2898   -1.941582
    2899   -1.940610
    2900   -1.940610
    2901   -1.939262
    2902   -1.939262
    2903   -1.937226
    2904   -1.937226
    2905   -1.934499
    2906   -1.934499
    2907   -1.931529
    2908   -1.931529
    2909   -1.928242
    2910   -1.928242
    2911   -1.924007
    2912   -1.924007
    2913   -1.918731
    2914   -1.918731
    2915   -1.912680
    2916   -1.912680
    2917   -1.905903
    2918   -1.905903
    2919   -1.898201
    2920   -1.898201
    2921   -1.889562
    2922   -1.889562
    2923   -1.880173
    2924   -1.880173
    2925   -1.869813
    2926   -1.869813
    2927   -1.858031
    2928   -1.858031
    2929   -1.844670
    2930   -1.844670
    2931   -1.829878
    2932   -1.829878
    2933   -1.813737
    2934   -1.813737
    2935   -1.796070
    2936   -1.796070
    2937   -1.776807
    2938   -1.776807
    2939   -1.755976
    2940   -1.755976
    2941   -1.733229
    2942   -1.733229
    2943   -1.707881
    2944   -1.707881
    2945   -1.679524
    2946   -1.679524
    2947   -1.648206
    2948   -1.648206
    2949   -1.613435
    2950   -1.613435
    2951   -1.573957
    2952   -1.573957
    2953   -1.528554
    2954   -1.528554
    2955   -1.476316
    2956   -1.476316
    2957   -1.414418
    2958   -1.414418
    2959   -1.340217
    2960   -1.340217
    2961   -1.252188
    2962   -1.252188
    2963   -1.145840
    2964   -1.145840
    2965   -1.018675
    2966   -1.018675
    2967   -0.876305
    2968   -0.876305
    2969   -0.755911
    2970   -0.755911
    2971   -2.707752
    2972   -2.707752
    2973   -2.732343
    2974   -2.732343
    2975   -2.763117
    2976   -2.763117
    2977   -2.786255
    2978   -2.786255
    2979   -2.804123
    2980   -2.804123
    2981   -2.818444
    2982   -2.818444
    2983   -2.830109
    2984   -2.830109
    2985   -2.840923
    2986   -2.840923
    2987   -2.851462
    2988   -2.851462
    2989   -2.860473
    2990   -2.860473
    2991   -2.867594
    2992   -2.867594
    2993   -2.873436
    2994   -2.873436
    2995   -2.878283
    2996   -2.878283
    2997   -2.882109
    2998   -2.882109
    2999   -2.884994
    3000   -2.884994
    3001   -2.887127
    3002   -2.887127
    3003   -2.888597
    3004   -2.888597
    3005   -2.889423
    3006   -2.889423
    3007   -2.889686
    3008   -2.889686
    3009   -2.889561
    3010   -2.889561
    3011   -2.889115
    3012   -2.889115
    3013   -2.888238
    3014   -2.888238
    3015   -2.886907
    3016   -2.886907
    3017   -2.885239
    3018   -2.885239
    3019   -2.883285
    3020   -2.883285
    3021   -2.880995
    3022   -2.880995
    3023   -2.878353
    3024   -2.878353
    3025   -2.875398
    3026   -2.875398
    3027   -2.872160
    3028   -2.872160
    3029   -2.868682
    3030   -2.868682
    3031   -2.865005
    3032   -2.865005
    3033   -2.861146
    3034   -2.861146
    3035   -2.857102
    3036   -2.857102
    3037   -2.852843
    3038   -2.852843
    3039   -2.848374
    3040   -2.848374
    3041   -2.843733
    3042   -2.843733
    3043   -2.838889
    3044   -2.838889
    3045   -2.833752
    3046   -2.833752
    3047   -2.828286
    3048   -2.828286
    3049   -2.822507
    3050   -2.822507
    3051   -2.816453
    3052   -2.816453
    3053   -2.810173
    3054   -2.810173
    3055   -2.803664
    3056   -2.803664
    3057   -2.796869
    3058   -2.796869
    3059   -2.789782
    3060   -2.789782
    3061   -2.782428
    3062   -2.782428
    3063   -2.774839
    3064   -2.774839
    3065   -2.767069
    3066   -2.767069
    3067   -2.759120
    3068   -2.759120
    3069   -2.750957
    3070   -2.750957
    3071   -2.742464
    3072   -2.742464
    3073   -2.733465
    3074   -2.733465
    3075   -2.723916
    3076   -2.723916
    3077   -2.713815
    3078   -2.713815
    3079   -2.703146
    3080   -2.703146
    3081   -2.691946
    3082   -2.691946
    3083   -2.680173
    3084   -2.680173
    3085   -2.667796
    3086   -2.667796
    3087   -2.655522
    3088   -2.655522
    3089   -2.645142
    3090   -2.645142
    3091   -2.638520
    3092   -2.638520
    3093   -2.635290
    3094   -2.635290
    3095   -2.633166
    3096   -2.633166
    3097   -2.630872
    3098   -2.630872
    3099   -2.628108
    3100   -2.628108
    3101   -2.624428
    3102   -2.624428
    3103   -2.619789
    3104   -2.619789
    3105   -2.614626
    3106   -2.614626
    3107   -2.608979
    3108   -2.608979
    3109   -2.602223
    3110   -2.602223
    3111   -2.594029
    3112   -2.594029
    3113   -2.584916
    3114   -2.584916
    3115   -2.575006
    3116   -2.575006
    3117   -2.563728
    3118   -2.563728
    3119   -2.550982
    3120   -2.550982
    3121   -2.537013
    3122   -2.537013
    3123   -2.521664
    3124   -2.521664
    3125   -2.504556
    3126   -2.504556
    3127   -2.485508
    3128   -2.485508
    3129   -2.464668
    3130   -2.464668
    3131   -2.442197
    3132   -2.442197
    3133   -2.417637
    3134   -2.417637
    3135   -2.390636
    3136   -2.390636
    3137   -2.361338
    3138   -2.361338
    3139   -2.329403
    3140   -2.329403
    3141   -2.293920
    3142   -2.293920
    3143   -2.254321
    3144   -2.254321
    3145   -2.210541
    3146   -2.210541
    3147   -2.162054
    3148   -2.162054
    3149   -2.107669
    3150   -2.107669
    3151   -2.045914
    3152   -2.045914
    3153   -1.975366
    3154   -1.975366
    3155   -1.892595
    3156   -1.892595
    3157   -1.793235
    3158   -1.793235
    3159   -1.674295
    3160   -1.674295
    3161   -1.533219
    3162   -1.533219
    3163   -1.367725
    3164   -1.367725
    3165   -1.182316
    3166   -1.182316
    3167   -1.025536
    3168   -1.025536
    3169   -3.872850
    3170   -3.872850
    3171   -3.912026
    3172   -3.912026
    3173   -3.959455
    3174   -3.959455
    3175   -3.993471
    3176   -3.993471
    3177   -4.019407
    3178   -4.019407
    3179   -4.041210
    3180   -4.041210
    3181   -4.060522
    3182   -4.060522
    3183   -4.079386
    3184   -4.079386
    3185   -4.097868
    3186   -4.097868
    3187   -4.113694
    3188   -4.113694
    3189   -4.126231
    3190   -4.126231
    3191   -4.136507
    3192   -4.136507
    3193   -4.145037
    3194   -4.145037
    3195   -4.151763
    3196   -4.151763
    3197   -4.156777
    3198   -4.156777
    3199   -4.160402
    3200   -4.160402
    3201   -4.162890
    3202   -4.162890
    3203   -4.164392
    3204   -4.164392
    3205   -4.164998
    3206   -4.164998
    3207   -4.164823
    3208   -4.164823
    3209   -4.164020
    3210   -4.164020
    3211   -4.162649
    3212   -4.162649
    3213   -4.160686
    3214   -4.160686
    3215   -4.158153
    3216   -4.158153
    3217   -4.155141
    3218   -4.155141
    3219   -4.151694
    3220   -4.151694
    3221   -4.147747
    3222   -4.147747
    3223   -4.143233
    3224   -4.143233
    3225   -4.138221
    3226   -4.138221
    3227   -4.132893
    3228   -4.132893
    3229   -4.127288
    3230   -4.127288
    3231   -4.121308
    3232   -4.121308
    3233   -4.114985
    3234   -4.114985
    3235   -4.108440
    3236   -4.108440
    3237   -4.101676
    3238   -4.101676
    3239   -4.094592
    3240   -4.094592
    3241   -4.087138
    3242   -4.087138
    3243   -4.079298
    3244   -4.079298
    3245   -4.071009
    3246   -4.071009
    3247   -4.062140
    3248   -4.062140
    3249   -4.052714
    3250   -4.052714
    3251   -4.042951
    3252   -4.042951
    3253   -4.032861
    3254   -4.032861
    3255   -4.022207
    3256   -4.022207
    3257   -4.011028
    3258   -4.011028
    3259   -3.999612
    3260   -3.999612
    3261   -3.988034
    3262   -3.988034
    3263   -3.976184
    3264   -3.976184
    3265   -3.963999
    3266   -3.963999
    3267   -3.951495
    3268   -3.951495
    3269   -3.938536
    3270   -3.938536
    3271   -3.924815
    3272   -3.924815
    3273   -3.910261
    3274   -3.910261
    3275   -3.895068
    3276   -3.895068
    3277   -3.879219
    3278   -3.879219
    3279   -3.862493
    3280   -3.862493
    3281   -3.844841
    3282   -3.844841
    3283   -3.826474
    3284   -3.826474
    3285   -3.808068
    3286   -3.808068
    3287   -3.791863
    3288   -3.791863
    3289   -3.781059
    3290   -3.781059
    3291   -3.775553
    3292   -3.775553
    3293   -3.771815
    3294   -3.771815
    3295   -3.767570
    3296   -3.767570
    3297   -3.762470
    3298   -3.762470
    3299   -3.756322
    3300   -3.756322
    3301   -3.748878
    3302   -3.748878
    3303   -3.739899
    3304   -3.739899
    3305   -3.729555
    3306   -3.729555
    3307   -3.718066
    3308   -3.718066
    3309   -3.705021
    3310   -3.705021
    3311   -3.690277
    3312   -3.690277
    3313   -3.673993
    3314   -3.673993
    3315   -3.656207
    3316   -3.656207
    3317   -3.636582
    3318   -3.636582
    3319   -3.614383
    3320   -3.614383
    3321   -3.589638
    3322   -3.589638
    3323   -3.563110
    3324   -3.563110
    3325   -3.534604
    3326   -3.534604
    3327   -3.503175
    3328   -3.503175
    3329   -3.468849
    3330   -3.468849
    3331   -3.431947
    3332   -3.431947
    3333   -3.391820
    3334   -3.391820
    3335   -3.347348
    3336   -3.347348
    3337   -3.298256
    3338   -3.298256
    3339   -3.244858
    3340   -3.244858
    3341   -3.186226
    3342   -3.186226
    3343   -3.120349
    3344   -3.120349
    3345   -3.046550
    3346   -3.046550
    3347   -2.965245
    3348   -2.965245
    3349   -2.874360
    3350   -2.874360
    3351   -2.769587
    3352   -2.769587
    3353   -2.646878
    3354   -2.646878
    3355   -2.502357
    3356   -2.502357
    3357   -2.331091
    3358   -2.331091
    3359   -2.129584
    3360   -2.129584
    3361   -1.895081
    3362   -1.895081
    3363   -1.635642
    3364   -1.635642
    3365   -1.419369
    3366   -1.419369
    3367   -6.030840
    3368   -6.030840
    3369   -6.099568
    3370   -6.099568
    3371   -6.182228
    3372   -6.182228
    3373   -6.242503
    3374   -6.242503
    3375   -6.289957
    3376   -6.289957
    3377   -6.329386
    3378   -6.329386
    3379   -6.363755
    3380   -6.363755
    3381   -6.396358
    3382   -6.396358
    3383   -6.427250
    3384   -6.427250
    3385   -6.453758
    3386   -6.453758
    3387   -6.475118
    3388   -6.475118
    3389   -6.492766
    3390   -6.492766
    3391   -6.507516
    3392   -6.507516
    3393   -6.519223
    3394   -6.519223
    3395   -6.527920
    3396   -6.527920
    3397   -6.534060
    3398   -6.534060
    3399   -6.538195
    3400   -6.538195
    3401   -6.540808
    3402   -6.540808
    3403   -6.541980
    3404   -6.541980
    3405   -6.541572
    3406   -6.541572
    3407   -6.539881
    3408   -6.539881
    3409   -6.537414
    3410   -6.537414
    3411   -6.534152
    3412   -6.534152
    3413   -6.529784
    3414   -6.529784
    3415   -6.524464
    3416   -6.524464
    3417   -6.518656
    3418   -6.518656
    3419   -6.512273
    3420   -6.512273
    3421   -6.504773
    3422   -6.504773
    3423   -6.496238
    3424   -6.496238
    3425   -6.487322
    3426   -6.487322
    3427   -6.478066
    3428   -6.478066
    3429   -6.467931
    3430   -6.467931
    3431   -6.457017
    3432   -6.457017
    3433   -6.446023
    3434   -6.446023
    3435   -6.434932
    3436   -6.434932
    3437   -6.423049
    3438   -6.423049
    3439   -6.410309
    3440   -6.410309
    3441   -6.397223
    3442   -6.397223
    3443   -6.383653
    3444   -6.383653
    3445   -6.368913
    3446   -6.368913
    3447   -6.353049
    3448   -6.353049
    3449   -6.336772
    3450   -6.336772
    3451   -6.319981
    3452   -6.319981
    3453   -6.301781
    3454   -6.301781
    3455   -6.282382
    3456   -6.282382
    3457   -6.263071
    3458   -6.263071
    3459   -6.244058
    3460   -6.244058
    3461   -6.224538
    3462   -6.224538
    3463   -6.204289
    3464   -6.204289
    3465   -6.183620
    3466   -6.183620
    3467   -6.162241
    3468   -6.162241
    3469   -6.139217
    3470   -6.139217
    3471   -6.114545
    3472   -6.114545
    3473   -6.089314
    3474   -6.089314
    3475   -6.063490
    3476   -6.063490
    3477   -6.035794
    3478   -6.035794
    3479   -6.006247
    3480   -6.006247
    3481   -5.976352
    3482   -5.976352
    3483   -5.946436
    3484   -5.946436
    3485   -5.918232
    3486   -5.918232
    3487   -5.898000
    3488   -5.898000
    3489   -5.887836
    3490   -5.887836
    3491   -5.881898
    3492   -5.881898
    3493   -5.874581
    3494   -5.874581
    3495   -5.864820
    3496   -5.864820
    3497   -5.853896
    3498   -5.853896
    3499   -5.841576
    3500   -5.841576
    3501   -5.825926
    3502   -5.825926
    3503   -5.807086
    3504   -5.807086
    3505   -5.787104
    3506   -5.787104
    3507   -5.765619
    3508   -5.765619
    3509   -5.740362
    3510   -5.740362
    3511   -5.711574
    3512   -5.711574
    3513   -5.681704
    3514   -5.681704
    3515   -5.649976
    3516   -5.649976
    3517   -5.612576
    3518   -5.612576
    3519   -5.569716
    3520   -5.569716
    3521   -5.525409
    3522   -5.525409
    3523   -5.479458
    3524   -5.479458
    3525   -5.427476
    3526   -5.427476
    3527   -5.369168
    3528   -5.369168
    3529   -5.308129
    3530   -5.308129
    3531   -5.243405
    3532   -5.243405
    3533   -5.169688
    3534   -5.169688
    3535   -5.086712
    3536   -5.086712
    3537   -4.999013
    3538   -4.999013
    3539   -4.904931
    3540   -4.904931
    3541   -4.796674
    3542   -4.796674
    3543   -4.673173
    3544   -4.673173
    3545   -4.539760
    3546   -4.539760
    3547   -4.393423
    3548   -4.393423
    3549   -4.222510
    3550   -4.222510
    3551   -4.020841
    3552   -4.020841
    3553   -3.787811
    3554   -3.787811
    3555   -3.516717
    3556   -3.516717
    3557   -3.197176
    3558   -3.197176
    3559   -2.824010
    3560   -2.824010
    3561   -2.418384
    3562   -2.418384
    3563   -2.086102
    3564   -2.086102
    3565  -10.161242
    3566  -10.161242
    3567  -10.290970
    3568  -10.290970
    3569  -10.445574
    3570  -10.445574
    3571  -10.555475
    3572  -10.555475
    3573  -10.642218
    3574  -10.642218
    3575  -10.713849
    3576  -10.713849
    3577  -10.776541
    3578  -10.776541
    3579  -10.835362
    3580  -10.835362
    3581  -10.890313
    3582  -10.890313
    3583  -10.937183
    3584  -10.937183
    3585  -10.974856
    3586  -10.974856
    3587  -11.006226
    3588  -11.006226
    3589  -11.032747
    3590  -11.032747
    3591  -11.053792
    3592  -11.053792
    3593  -11.069270
    3594  -11.069270
    3595  -11.079982
    3596  -11.079982
    3597  -11.087049
    3598  -11.087049
    3599  -11.091664
    3600  -11.091664
    3601  -11.093896
    3602  -11.093896
    3603  -11.093065
    3604  -11.093065
    3605  -11.089709
    3606  -11.089709
    3607  -11.085155
    3608  -11.085155
    3609  -11.079344
    3610  -11.079344
    3611  -11.071347
    3612  -11.071347
    3613  -11.061456
    3614  -11.061456
    3615  -11.051081
    3616  -11.051081
    3617  -11.040115
    3618  -11.040115
    3619  -11.026858
    3620  -11.026858
    3621  -11.011410
    3622  -11.011410
    3623  -10.995602
    3624  -10.995602
    3625  -10.979494
    3626  -10.979494
    3627  -10.961405
    3628  -10.961405
    3629  -10.941540
    3630  -10.941540
    3631  -10.922010
    3632  -10.922010
    3633  -10.902777
    3634  -10.902777
    3635  -10.881751
    3636  -10.881751
    3637  -10.858847
    3638  -10.858847
    3639  -10.835790
    3640  -10.835790
    3641  -10.812240
    3642  -10.812240
    3643  -10.786213
    3644  -10.786213
    3645  -10.757897
    3646  -10.757897
    3647  -10.729212
    3648  -10.729212
    3649  -10.699829
    3650  -10.699829
    3651  -10.667219
    3652  -10.667219
    3653  -10.631869
    3654  -10.631869
    3655  -10.597435
    3656  -10.597435
    3657  -10.564406
    3658  -10.564406
    3659  -10.530244
    3660  -10.530244
    3661  -10.494446
    3662  -10.494446
    3663  -10.458218
    3664  -10.458218
    3665  -10.420912
    3666  -10.420912
    3667  -10.379891
    3668  -10.379891
    3669  -10.335297
    3670  -10.335297
    3671  -10.290520
    3672  -10.290520
    3673  -10.245525
    3674  -10.245525
    3675  -10.196534
    3676  -10.196534
    3677  -10.143645
    3678  -10.143645
    3679  -10.091194
    3680  -10.091194
    3681  -10.039128
    3682  -10.039128
    3683   -9.988038
    3684   -9.988038
    3685   -9.949675
    3686   -9.949675
    3687   -9.930741
    3688   -9.930741
    3689   -9.921898
    3690   -9.921898
    3691   -9.910165
    3692   -9.910165
    3693   -9.891543
    3694   -9.891543
    3695   -9.871412
    3696   -9.871412
    3697   -9.850512
    3698   -9.850512
    3699   -9.822790
    3700   -9.822790
    3701   -9.788170
    3702   -9.788170
    3703   -9.752745
    3704   -9.752745
    3705   -9.716094
    3706   -9.716094
    3707   -9.671333
    3708   -9.671333
    3709   -9.619017
    3710   -9.619017
    3711   -9.566757
    3712   -9.566757
    3713   -9.512941
    3714   -9.512941
    3715   -9.447057
    3716   -9.447057
    3717   -9.369536
    3718   -9.369536
    3719   -9.291617
    3720   -9.291617
    3721   -9.213030
    3722   -9.213030
    3723   -9.121438
    3724   -9.121438
    3725   -9.016097
    3726   -9.016097
    3727   -8.908405
    3728   -8.908405
    3729   -8.797042
    3730   -8.797042
    3731   -8.667333
    3732   -8.667333
    3733   -8.518678
    3734   -8.518678
    3735   -8.365277
    3736   -8.365277
    3737   -8.204251
    3738   -8.204251
    3739   -8.014814
    3740   -8.014814
    3741   -7.795101
    3742   -7.795101
    3743   -7.561862
    3744   -7.561862
    3745   -7.310391
    3746   -7.310391
    3747   -7.013102
    3748   -7.013102
    3749   -6.659251
    3750   -6.659251
    3751   -6.255548
    3752   -6.255548
    3753   -5.791902
    3754   -5.791902
    3755   -5.241809
    3756   -5.241809
    3757   -4.592451
    3758   -4.592451
    3759   -3.886674
    3760   -3.886674
    3761   -3.309071
    3762   -3.309071
    3763  -16.443752
    3764  -16.443752
    3765  -16.673981
    3766  -16.673981
    3767  -16.945907
    3768  -16.945907
    3769  -17.127946
    3770  -17.127946
    3771  -17.269152
    3772  -17.269152
    3773  -17.386138
    3774  -17.386138
    3775  -17.490504
    3776  -17.490504
    3777  -17.588972
    3778  -17.588972
    3779  -17.681090
    3780  -17.681090
    3781  -17.759111
    3782  -17.759111
    3783  -17.821132
    3784  -17.821132
    3785  -17.873051
    3786  -17.873051
    3787  -17.917384
    3788  -17.917384
    3789  -17.952421
    3790  -17.952421
    3791  -17.977933
    3792  -17.977933
    3793  -17.995372
    3794  -17.995372
    3795  -18.006703
    3796  -18.006703
    3797  -18.014290
    3798  -18.014290
    3799  -18.018153
    3800  -18.018153
    3801  -18.016668
    3802  -18.016668
    3803  -18.010805
    3804  -18.010805
    3805  -18.003184
    3806  -18.003184
    3807  -17.993582
    3808  -17.993582
    3809  -17.980079
    3810  -17.980079
    3811  -17.963214
    3812  -17.963214
    3813  -17.946003
    3814  -17.946003
    3815  -17.928310
    3816  -17.928310
    3817  -17.906374
    3818  -17.906374
    3819  -17.880343
    3820  -17.880343
    3821  -17.854175
    3822  -17.854175
    3823  -17.827960
    3824  -17.827960
    3825  -17.797936
    3826  -17.797936
    3827  -17.764452
    3828  -17.764452
    3829  -17.732117
    3830  -17.732117
    3831  -17.700859
    3832  -17.700859
    3833  -17.666169
    3834  -17.666169
    3835  -17.627944
    3836  -17.627944
    3837  -17.589997
    3838  -17.589997
    3839  -17.551621
    3840  -17.551621
    3841  -17.508578
    3842  -17.508578
    3843  -17.461338
    3844  -17.461338
    3845  -17.414039
    3846  -17.414039
    3847  -17.366046
    3848  -17.366046
    3849  -17.311863
    3850  -17.311863
    3851  -17.252284
    3852  -17.252284
    3853  -17.195114
    3854  -17.195114
    3855  -17.141266
    3856  -17.141266
    3857  -17.085098
    3858  -17.085098
    3859  -17.025746
    3860  -17.025746
    3861  -16.966180
    3862  -16.966180
    3863  -16.905206
    3864  -16.905206
    3865  -16.837047
    3866  -16.837047
    3867  -16.762032
    3868  -16.762032
    3869  -16.687707
    3870  -16.687707
    3871  -16.614068
    3872  -16.614068
    3873  -16.532944
    3874  -16.532944
    3875  -16.444454
    3876  -16.444454
    3877  -16.357455
    3878  -16.357455
    3879  -16.271198
    3880  -16.271198
    3881  -16.185069
    3882  -16.185069
    3883  -16.119790
    3884  -16.119790
    3885  -16.088502
    3886  -16.088502
    3887  -16.076738
    3888  -16.076738
    3889  -16.059667
    3890  -16.059667
    3891  -16.027564
    3892  -16.027564
    3893  -15.993554
    3894  -15.993554
    3895  -15.960636
    3896  -15.960636
    3897  -15.915085
    3898  -15.915085
    3899  -15.856449
    3900  -15.856449
    3901  -15.798167
    3902  -15.798167
    3903  -15.739575
    3904  -15.739575
    3905  -15.665777
    3906  -15.665777
    3907  -15.577993
    3908  -15.577993
    3909  -15.492652
    3910  -15.492652
    3911  -15.406781
    3912  -15.406781
    3913  -15.298307
    3914  -15.298307
    3915  -15.168009
    3916  -15.168009
    3917  -15.039855
    3918  -15.039855
    3919  -14.913435
    3920  -14.913435
    3921  -14.762319
    3922  -14.762319
    3923  -14.585138
    3924  -14.585138
    3925  -14.407190
    3926  -14.407190
    3927  -14.226751
    3928  -14.226751
    3929  -14.012869
    3930  -14.012869
    3931  -13.764121
    3932  -13.764121
    3933  -13.511970
    3934  -13.511970
    3935  -13.251873
    3936  -13.251873
    3937  -12.940227
    3938  -12.940227
    3939  -12.574028
    3940  -12.574028
    3941  -12.190851
    3942  -12.190851
    3943  -11.783492
    3944  -11.783492
    3945  -11.296609
    3946  -11.296609
    3947  -10.712244
    3948  -10.712244
    3949  -10.050576
    3950  -10.050576
    3951   -9.296165
    3952   -9.296165
    3953   -8.395399
    3954   -8.395399
    3955   -7.317163
    3956   -7.317163
    3957   -6.125745
    3958   -6.125745
    3959   -5.139009
    3960   -5.139009
