       1   -0.003272
       2   -0.003272
       3   -0.002912
       4   -0.002912
       5   -0.002528
       6   -0.002528
       7   -0.002354
       8   -0.002354
       9   -0.002268
      10   -0.002268
      11   -0.002218
      12   -0.002218
      13   -0.002174
      14   -0.002174
      15   -0.002120
      16   -0.002120
      17   -0.002062
      18   -0.002062
      19   -0.002011
      20   -0.002011
      21   -0.001965
      22   -0.001965
      23   -0.001920
      24   -0.001920
      25   -0.001867
      26   -0.001867
      27   -0.001816
      28   -0.001816
      29   -0.001787
      30   -0.001787
      31   -0.001767
      32   -0.001767
      33   -0.001738
      34   -0.001738
      35   -0.001707
      36   -0.001707
      37   -0.001697
      38   -0.001697
      39   -0.001706
      40   -0.001706
      41   -0.001714
      42   -0.001714
      43   -0.001713
      44   -0.001713
      45   -0.001702
      46   -0.001702
      47   -0.001675
      48   -0.001675
      49   -0.001639
      50   -0.001639
      51   -0.001610
      52   -0.001610
      53   -0.001593
      54   -0.001593
      55   -0.001582
      56   -0.001582
      57   -0.001577
      58   -0.001577
      59   -0.001575
      60   -0.001575
      61   -0.001569
      62   -0.001569
      63   -0.001558
      64   -0.001558
      65   -0.001548
      66   -0.001548
      67   -0.001542
      68   -0.001542
      69   -0.001540
      70   -0.001540
      71   -0.001535
      72   -0.001535
      73   -0.001527
      74   -0.001527
      75   -0.001512
      76   -0.001512
      77   -0.001484
      78   -0.001484
      79   -0.001456
      80   -0.001456
      81   -0.001440
      82   -0.001440
      83   -0.001420
      84   -0.001420
      85   -0.001385
      86   -0.001385
      87   -0.001357
      88   -0.001357
      89   -0.001359
      90   -0.001359
      91   -0.001369
      92   -0.001369
      93   -0.001375
      94   -0.001375
      95   -0.001377
      96   -0.001377
      97   -0.001362
      98   -0.001362
      99   -0.001331
     100   -0.001331
     101   -0.001295
     102   -0.001295
     103   -0.001260
     104   -0.001260
     105   -0.001231
     106   -0.001231
     107   -0.001214
     108   -0.001214
     109   -0.001190
     110   -0.001190
     111   -0.001144
     112   -0.001144
     113   -0.001095
     114   -0.001095
     115   -0.001060
     116   -0.001060
     117   -0.001033
     118   -0.001033
     119   -0.001012
     120   -0.001012
     121   -0.000997
     122   -0.000997
     123   -0.000984
     124   -0.000984
     125   -0.000974
     126   -0.000974
     127   -0.000965
     128   -0.000965
     129   -0.000955
     130   -0.000955
     131   -0.000950
     132   -0.000950
     133   -0.000946
     134   -0.000946
     135   -0.000951
     136   -0.000951
     137   -0.000967
     138   -0.000967
     139   -0.000993
     140   -0.000993
     141   -0.001046
     142   -0.001046
     143   -0.001117
     144   -0.001117
     145   -0.001168
     146   -0.001168
     147   -0.001179
     148   -0.001179
     149   -0.001166
     150   -0.001166
     151   -0.001137
     152   -0.001137
     153   -0.001102
     154   -0.001102
     155   -0.001073
     156   -0.001073
     157   -0.001046
     158   -0.001046
     159   -0.001025
     160   -0.001025
     161   -0.001011
     162   -0.001011
     163   -0.000996
     164   -0.000996
     165   -0.000979
     166   -0.000979
     167   -0.000963
     168   -0.000963
     169   -0.000955
     170   -0.000955
     171   -0.000958
     172   -0.000958
     173   -0.000982
     174   -0.000982
     175   -0.001044
     176   -0.001044
     177   -0.001132
     178   -0.001132
     179   -0.001200
     180   -0.001200
     181   -0.001241
     182   -0.001241
     183   -0.001287
     184   -0.001287
     185   -0.001345
     186   -0.001345
     187   -0.001381
     188   -0.001381
     189   -0.001366
     190   -0.001366
     191   -0.001219
     192   -0.001219
     193   -0.001113
     194   -0.001113
     195   -0.001438
     196   -0.001438
     197   -0.001927
     198   -0.001927
     199   -0.009357
     200   -0.009357
     201   -0.008444
     202   -0.008444
     203   -0.007444
     204   -0.007444
     205   -0.006935
     206   -0.006935
     207   -0.006647
     208   -0.006647
     209   -0.006454
     210   -0.006454
     211   -0.006281
     212   -0.006281
     213   -0.006096
     214   -0.006096
     215   -0.005917
     216   -0.005917
     217   -0.005760
     218   -0.005760
     219   -0.005616
     220   -0.005616
     221   -0.005472
     222   -0.005472
     223   -0.005313
     224   -0.005313
     225   -0.005175
     226   -0.005175
     227   -0.005100
     228   -0.005100
     229   -0.005044
     230   -0.005044
     231   -0.004959
     232   -0.004959
     233   -0.004880
     234   -0.004880
     235   -0.004860
     236   -0.004860
     237   -0.004887
     238   -0.004887
     239   -0.004906
     240   -0.004906
     241   -0.004901
     242   -0.004901
     243   -0.004866
     244   -0.004866
     245   -0.004789
     246   -0.004789
     247   -0.004692
     248   -0.004692
     249   -0.004616
     250   -0.004616
     251   -0.004569
     252   -0.004569
     253   -0.004537
     254   -0.004537
     255   -0.004520
     256   -0.004520
     257   -0.004513
     258   -0.004513
     259   -0.004502
     260   -0.004502
     261   -0.004481
     262   -0.004481
     263   -0.004461
     264   -0.004461
     265   -0.004448
     266   -0.004448
     267   -0.004440
     268   -0.004440
     269   -0.004425
     270   -0.004425
     271   -0.004404
     272   -0.004404
     273   -0.004362
     274   -0.004362
     275   -0.004286
     276   -0.004286
     277   -0.004209
     278   -0.004209
     279   -0.004149
     280   -0.004149
     281   -0.004079
     282   -0.004079
     283   -0.003986
     284   -0.003986
     285   -0.003926
     286   -0.003926
     287   -0.003931
     288   -0.003931
     289   -0.003949
     290   -0.003949
     291   -0.003959
     292   -0.003959
     293   -0.003951
     294   -0.003951
     295   -0.003901
     296   -0.003901
     297   -0.003817
     298   -0.003817
     299   -0.003730
     300   -0.003730
     301   -0.003646
     302   -0.003646
     303   -0.003572
     304   -0.003572
     305   -0.003520
     306   -0.003520
     307   -0.003447
     308   -0.003447
     309   -0.003326
     310   -0.003326
     311   -0.003201
     312   -0.003201
     313   -0.003108
     314   -0.003108
     315   -0.003028
     316   -0.003028
     317   -0.002960
     318   -0.002960
     319   -0.002914
     320   -0.002914
     321   -0.002883
     322   -0.002883
     323   -0.002863
     324   -0.002863
     325   -0.002836
     326   -0.002836
     327   -0.002806
     328   -0.002806
     329   -0.002788
     330   -0.002788
     331   -0.002784
     332   -0.002784
     333   -0.002794
     334   -0.002794
     335   -0.002819
     336   -0.002819
     337   -0.002872
     338   -0.002872
     339   -0.002988
     340   -0.002988
     341   -0.003137
     342   -0.003137
     343   -0.003231
     344   -0.003231
     345   -0.003245
     346   -0.003245
     347   -0.003207
     348   -0.003207
     349   -0.003125
     350   -0.003125
     351   -0.003023
     352   -0.003023
     353   -0.002938
     354   -0.002938
     355   -0.002868
     356   -0.002868
     357   -0.002806
     358   -0.002806
     359   -0.002757
     360   -0.002757
     361   -0.002709
     362   -0.002709
     363   -0.002658
     364   -0.002658
     365   -0.002618
     366   -0.002618
     367   -0.002597
     368   -0.002597
     369   -0.002602
     370   -0.002602
     371   -0.002667
     372   -0.002667
     373   -0.002846
     374   -0.002846
     375   -0.003099
     376   -0.003099
     377   -0.003282
     378   -0.003282
     379   -0.003372
     380   -0.003372
     381   -0.003464
     382   -0.003464
     383   -0.003587
     384   -0.003587
     385   -0.003647
     386   -0.003647
     387   -0.003578
     388   -0.003578
     389   -0.003204
     390   -0.003204
     391   -0.002875
     392   -0.002875
     393   -0.003296
     394   -0.003296
     395   -0.003942
     396   -0.003942
     397   -0.014659
     398   -0.014659
     399   -0.013429
     400   -0.013429
     401   -0.012040
     402   -0.012040
     403   -0.011244
     404   -0.011244
     405   -0.010733
     406   -0.010733
     407   -0.010348
     408   -0.010348
     409   -0.009987
     410   -0.009987
     411   -0.009627
     412   -0.009627
     413   -0.009299
     414   -0.009299
     415   -0.009027
     416   -0.009027
     417   -0.008784
     418   -0.008784
     419   -0.008522
     420   -0.008522
     421   -0.008243
     422   -0.008243
     423   -0.008040
     424   -0.008040
     425   -0.007949
     426   -0.007949
     427   -0.007868
     428   -0.007868
     429   -0.007746
     430   -0.007746
     431   -0.007656
     432   -0.007656
     433   -0.007657
     434   -0.007657
     435   -0.007698
     436   -0.007698
     437   -0.007709
     438   -0.007709
     439   -0.007684
     440   -0.007684
     441   -0.007619
     442   -0.007619
     443   -0.007500
     444   -0.007500
     445   -0.007365
     446   -0.007365
     447   -0.007270
     448   -0.007270
     449   -0.007210
     450   -0.007210
     451   -0.007158
     452   -0.007158
     453   -0.007124
     454   -0.007124
     455   -0.007114
     456   -0.007114
     457   -0.007115
     458   -0.007115
     459   -0.007112
     460   -0.007112
     461   -0.007109
     462   -0.007109
     463   -0.007100
     464   -0.007100
     465   -0.007084
     466   -0.007084
     467   -0.007060
     468   -0.007060
     469   -0.007027
     470   -0.007027
     471   -0.006962
     472   -0.006962
     473   -0.006857
     474   -0.006857
     475   -0.006736
     476   -0.006736
     477   -0.006607
     478   -0.006607
     479   -0.006476
     480   -0.006476
     481   -0.006358
     482   -0.006358
     483   -0.006294
     484   -0.006294
     485   -0.006291
     486   -0.006291
     487   -0.006301
     488   -0.006301
     489   -0.006297
     490   -0.006297
     491   -0.006258
     492   -0.006258
     493   -0.006169
     494   -0.006169
     495   -0.006063
     496   -0.006063
     497   -0.005969
     498   -0.005969
     499   -0.005869
     500   -0.005869
     501   -0.005765
     502   -0.005765
     503   -0.005675
     504   -0.005675
     505   -0.005566
     506   -0.005566
     507   -0.005407
     508   -0.005407
     509   -0.005241
     510   -0.005241
     511   -0.005109
     512   -0.005109
     513   -0.004991
     514   -0.004991
     515   -0.004869
     516   -0.004869
     517   -0.004769
     518   -0.004769
     519   -0.004721
     520   -0.004721
     521   -0.004703
     522   -0.004703
     523   -0.004653
     524   -0.004653
     525   -0.004577
     526   -0.004577
     527   -0.004536
     528   -0.004536
     529   -0.004545
     530   -0.004545
     531   -0.004549
     532   -0.004549
     533   -0.004535
     534   -0.004535
     535   -0.004574
     536   -0.004574
     537   -0.004698
     538   -0.004698
     539   -0.004823
     540   -0.004823
     541   -0.004865
     542   -0.004865
     543   -0.004849
     544   -0.004849
     545   -0.004794
     546   -0.004794
     547   -0.004660
     548   -0.004660
     549   -0.004475
     550   -0.004475
     551   -0.004328
     552   -0.004328
     553   -0.004225
     554   -0.004225
     555   -0.004119
     556   -0.004119
     557   -0.004004
     558   -0.004004
     559   -0.003897
     560   -0.003897
     561   -0.003812
     562   -0.003812
     563   -0.003746
     564   -0.003746
     565   -0.003699
     566   -0.003699
     567   -0.003684
     568   -0.003684
     569   -0.003761
     570   -0.003761
     571   -0.004035
     572   -0.004035
     573   -0.004430
     574   -0.004430
     575   -0.004668
     576   -0.004668
     577   -0.004707
     578   -0.004707
     579   -0.004744
     580   -0.004744
     581   -0.004830
     582   -0.004830
     583   -0.004848
     584   -0.004848
     585   -0.004752
     586   -0.004752
     587   -0.004497
     588   -0.004497
     589   -0.004285
     590   -0.004285
     591   -0.004331
     592   -0.004331
     593   -0.004332
     594   -0.004332
     595   -0.019360
     596   -0.019360
     597   -0.017938
     598   -0.017938
     599   -0.016289
     600   -0.016289
     601   -0.015263
     602   -0.015263
     603   -0.014552
     604   -0.014552
     605   -0.013979
     606   -0.013979
     607   -0.013430
     608   -0.013430
     609   -0.012899
     610   -0.012899
     611   -0.012422
     612   -0.012422
     613   -0.012039
     614   -0.012039
     615   -0.011713
     616   -0.011713
     617   -0.011344
     618   -0.011344
     619   -0.010961
     620   -0.010961
     621   -0.010716
     622   -0.010716
     623   -0.010624
     624   -0.010624
     625   -0.010537
     626   -0.010537
     627   -0.010413
     628   -0.010413
     629   -0.010352
     630   -0.010352
     631   -0.010387
     632   -0.010387
     633   -0.010426
     634   -0.010426
     635   -0.010396
     636   -0.010396
     637   -0.010316
     638   -0.010316
     639   -0.010203
     640   -0.010203
     641   -0.010052
     642   -0.010052
     643   -0.009898
     644   -0.009898
     645   -0.009790
     646   -0.009790
     647   -0.009725
     648   -0.009725
     649   -0.009668
     650   -0.009668
     651   -0.009625
     652   -0.009625
     653   -0.009616
     654   -0.009616
     655   -0.009632
     656   -0.009632
     657   -0.009657
     658   -0.009657
     659   -0.009677
     660   -0.009677
     661   -0.009669
     662   -0.009669
     663   -0.009633
     664   -0.009633
     665   -0.009587
     666   -0.009587
     667   -0.009533
     668   -0.009533
     669   -0.009454
     670   -0.009454
     671   -0.009337
     672   -0.009337
     673   -0.009179
     674   -0.009179
     675   -0.008991
     676   -0.008991
     677   -0.008829
     678   -0.008829
     679   -0.008720
     680   -0.008720
     681   -0.008658
     682   -0.008658
     683   -0.008631
     684   -0.008631
     685   -0.008615
     686   -0.008615
     687   -0.008578
     688   -0.008578
     689   -0.008502
     690   -0.008502
     691   -0.008397
     692   -0.008397
     693   -0.008302
     694   -0.008302
     695   -0.008226
     696   -0.008226
     697   -0.008130
     698   -0.008130
     699   -0.008003
     700   -0.008003
     701   -0.007881
     702   -0.007881
     703   -0.007757
     704   -0.007757
     705   -0.007587
     706   -0.007587
     707   -0.007389
     708   -0.007389
     709   -0.007223
     710   -0.007223
     711   -0.007080
     712   -0.007080
     713   -0.006906
     714   -0.006906
     715   -0.006739
     716   -0.006739
     717   -0.006664
     718   -0.006664
     719   -0.006644
     720   -0.006644
     721   -0.006566
     722   -0.006566
     723   -0.006431
     724   -0.006431
     725   -0.006363
     726   -0.006363
     727   -0.006381
     728   -0.006381
     729   -0.006360
     730   -0.006360
     731   -0.006290
     732   -0.006290
     733   -0.006306
     734   -0.006306
     735   -0.006418
     736   -0.006418
     737   -0.006483
     738   -0.006483
     739   -0.006445
     740   -0.006445
     741   -0.006387
     742   -0.006387
     743   -0.006306
     744   -0.006306
     745   -0.006111
     746   -0.006111
     747   -0.005831
     748   -0.005831
     749   -0.005605
     750   -0.005605
     751   -0.005451
     752   -0.005451
     753   -0.005282
     754   -0.005282
     755   -0.005075
     756   -0.005075
     757   -0.004884
     758   -0.004884
     759   -0.004743
     760   -0.004743
     761   -0.004628
     762   -0.004628
     763   -0.004523
     764   -0.004523
     765   -0.004455
     766   -0.004455
     767   -0.004500
     768   -0.004500
     769   -0.004800
     770   -0.004800
     771   -0.005258
     772   -0.005258
     773   -0.005482
     774   -0.005482
     775   -0.005412
     776   -0.005412
     777   -0.005346
     778   -0.005346
     779   -0.005332
     780   -0.005332
     781   -0.005264
     782   -0.005264
     783   -0.005209
     784   -0.005209
     785   -0.005390
     786   -0.005390
     787   -0.005700
     788   -0.005700
     789   -0.005626
     790   -0.005626
     791   -0.005235
     792   -0.005235
     793   -0.023549
     794   -0.023549
     795   -0.022050
     796   -0.022050
     797   -0.020246
     798   -0.020246
     799   -0.019039
     800   -0.019039
     801   -0.018171
     802   -0.018171
     803   -0.017448
     804   -0.017448
     805   -0.016764
     806   -0.016764
     807   -0.016134
     808   -0.016134
     809   -0.015588
     810   -0.015588
     811   -0.015143
     812   -0.015143
     813   -0.014761
     814   -0.014761
     815   -0.014358
     816   -0.014358
     817   -0.013971
     818   -0.013971
     819   -0.013728
     820   -0.013728
     821   -0.013626
     822   -0.013626
     823   -0.013546
     824   -0.013546
     825   -0.013457
     826   -0.013457
     827   -0.013418
     828   -0.013418
     829   -0.013432
     830   -0.013432
     831   -0.013415
     832   -0.013415
     833   -0.013317
     834   -0.013317
     835   -0.013168
     836   -0.013168
     837   -0.013003
     838   -0.013003
     839   -0.012825
     840   -0.012825
     841   -0.012645
     842   -0.012645
     843   -0.012503
     844   -0.012503
     845   -0.012417
     846   -0.012417
     847   -0.012361
     848   -0.012361
     849   -0.012323
     850   -0.012323
     851   -0.012308
     852   -0.012308
     853   -0.012316
     854   -0.012316
     855   -0.012328
     856   -0.012328
     857   -0.012315
     858   -0.012315
     859   -0.012264
     860   -0.012264
     861   -0.012191
     862   -0.012191
     863   -0.012113
     864   -0.012113
     865   -0.012031
     866   -0.012031
     867   -0.011939
     868   -0.011939
     869   -0.011820
     870   -0.011820
     871   -0.011667
     872   -0.011667
     873   -0.011506
     874   -0.011506
     875   -0.011376
     876   -0.011376
     877   -0.011292
     878   -0.011292
     879   -0.011226
     880   -0.011226
     881   -0.011164
     882   -0.011164
     883   -0.011104
     884   -0.011104
     885   -0.011023
     886   -0.011023
     887   -0.010919
     888   -0.010919
     889   -0.010818
     890   -0.010818
     891   -0.010741
     892   -0.010741
     893   -0.010679
     894   -0.010679
     895   -0.010589
     896   -0.010589
     897   -0.010457
     898   -0.010457
     899   -0.010321
     900   -0.010321
     901   -0.010181
     902   -0.010181
     903   -0.009990
     904   -0.009990
     905   -0.009757
     906   -0.009757
     907   -0.009548
     908   -0.009548
     909   -0.009364
     910   -0.009364
     911   -0.009153
     912   -0.009153
     913   -0.008961
     914   -0.008961
     915   -0.008870
     916   -0.008870
     917   -0.008835
     918   -0.008835
     919   -0.008740
     920   -0.008740
     921   -0.008588
     922   -0.008588
     923   -0.008502
     924   -0.008502
     925   -0.008492
     926   -0.008492
     927   -0.008439
     928   -0.008439
     929   -0.008348
     930   -0.008348
     931   -0.008340
     932   -0.008340
     933   -0.008404
     934   -0.008404
     935   -0.008410
     936   -0.008410
     937   -0.008324
     938   -0.008324
     939   -0.008215
     940   -0.008215
     941   -0.008073
     942   -0.008073
     943   -0.007817
     944   -0.007817
     945   -0.007475
     946   -0.007475
     947   -0.007171
     948   -0.007171
     949   -0.006933
     950   -0.006933
     951   -0.006684
     952   -0.006684
     953   -0.006398
     954   -0.006398
     955   -0.006127
     956   -0.006127
     957   -0.005906
     958   -0.005906
     959   -0.005715
     960   -0.005715
     961   -0.005543
     962   -0.005543
     963   -0.005415
     964   -0.005415
     965   -0.005395
     966   -0.005395
     967   -0.005609
     968   -0.005609
     969   -0.005977
     970   -0.005977
     971   -0.006151
     972   -0.006151
     973   -0.006073
     974   -0.006073
     975   -0.005991
     976   -0.005991
     977   -0.005861
     978   -0.005861
     979   -0.005652
     980   -0.005652
     981   -0.005633
     982   -0.005633
     983   -0.006016
     984   -0.006016
     985   -0.006472
     986   -0.006472
     987   -0.006318
     988   -0.006318
     989   -0.005806
     990   -0.005806
     991   -0.027489
     992   -0.027489
     993   -0.026003
     994   -0.026003
     995   -0.024138
     996   -0.024138
     997   -0.022809
     998   -0.022809
     999   -0.021833
    1000   -0.021833
    1001   -0.021009
    1002   -0.021009
    1003   -0.020253
    1004   -0.020253
    1005   -0.019592
    1006   -0.019592
    1007   -0.019044
    1008   -0.019044
    1009   -0.018595
    1010   -0.018595
    1011   -0.018210
    1012   -0.018210
    1013   -0.017855
    1014   -0.017855
    1015   -0.017550
    1016   -0.017550
    1017   -0.017347
    1018   -0.017347
    1019   -0.017234
    1020   -0.017234
    1021   -0.017153
    1022   -0.017153
    1023   -0.017079
    1024   -0.017079
    1025   -0.017008
    1026   -0.017008
    1027   -0.016926
    1028   -0.016926
    1029   -0.016809
    1030   -0.016809
    1031   -0.016650
    1032   -0.016650
    1033   -0.016469
    1034   -0.016469
    1035   -0.016285
    1036   -0.016285
    1037   -0.016093
    1038   -0.016093
    1039   -0.015894
    1040   -0.015894
    1041   -0.015721
    1042   -0.015721
    1043   -0.015595
    1044   -0.015595
    1045   -0.015509
    1046   -0.015509
    1047   -0.015455
    1048   -0.015455
    1049   -0.015418
    1050   -0.015418
    1051   -0.015385
    1052   -0.015385
    1053   -0.015332
    1054   -0.015332
    1055   -0.015238
    1056   -0.015238
    1057   -0.015115
    1058   -0.015115
    1059   -0.014997
    1060   -0.014997
    1061   -0.014897
    1062   -0.014897
    1063   -0.014799
    1064   -0.014799
    1065   -0.014695
    1066   -0.014695
    1067   -0.014583
    1068   -0.014583
    1069   -0.014477
    1070   -0.014477
    1071   -0.014393
    1072   -0.014393
    1073   -0.014324
    1074   -0.014324
    1075   -0.014260
    1076   -0.014260
    1077   -0.014181
    1078   -0.014181
    1079   -0.014083
    1080   -0.014083
    1081   -0.013981
    1082   -0.013981
    1083   -0.013870
    1084   -0.013870
    1085   -0.013751
    1086   -0.013751
    1087   -0.013648
    1088   -0.013648
    1089   -0.013571
    1090   -0.013571
    1091   -0.013501
    1092   -0.013501
    1093   -0.013408
    1094   -0.013408
    1095   -0.013282
    1096   -0.013282
    1097   -0.013130
    1098   -0.013130
    1099   -0.012950
    1100   -0.012950
    1101   -0.012721
    1102   -0.012721
    1103   -0.012452
    1104   -0.012452
    1105   -0.012189
    1106   -0.012189
    1107   -0.011943
    1108   -0.011943
    1109   -0.011708
    1110   -0.011708
    1111   -0.011525
    1112   -0.011525
    1113   -0.011421
    1114   -0.011421
    1115   -0.011343
    1116   -0.011343
    1117   -0.011223
    1118   -0.011223
    1119   -0.011070
    1120   -0.011070
    1121   -0.010951
    1122   -0.010951
    1123   -0.010866
    1124   -0.010866
    1125   -0.010769
    1126   -0.010769
    1127   -0.010673
    1128   -0.010673
    1129   -0.010614
    1130   -0.010614
    1131   -0.010576
    1132   -0.010576
    1133   -0.010507
    1134   -0.010507
    1135   -0.010379
    1136   -0.010379
    1137   -0.010201
    1138   -0.010201
    1139   -0.009968
    1140   -0.009968
    1141   -0.009656
    1142   -0.009656
    1143   -0.009285
    1144   -0.009285
    1145   -0.008918
    1146   -0.008918
    1147   -0.008579
    1148   -0.008579
    1149   -0.008245
    1150   -0.008245
    1151   -0.007896
    1152   -0.007896
    1153   -0.007554
    1154   -0.007554
    1155   -0.007242
    1156   -0.007242
    1157   -0.006973
    1158   -0.006973
    1159   -0.006747
    1160   -0.006747
    1161   -0.006572
    1162   -0.006572
    1163   -0.006481
    1164   -0.006481
    1165   -0.006544
    1166   -0.006544
    1167   -0.006724
    1168   -0.006724
    1169   -0.006847
    1170   -0.006847
    1171   -0.006859
    1172   -0.006859
    1173   -0.006848
    1174   -0.006848
    1175   -0.006661
    1176   -0.006661
    1177   -0.006373
    1178   -0.006373
    1179   -0.006381
    1180   -0.006381
    1181   -0.006579
    1182   -0.006579
    1183   -0.006615
    1184   -0.006615
    1185   -0.006214
    1186   -0.006214
    1187   -0.005618
    1188   -0.005618
    1189   -0.031582
    1190   -0.031582
    1191   -0.030136
    1192   -0.030136
    1193   -0.028289
    1194   -0.028289
    1195   -0.026910
    1196   -0.026910
    1197   -0.025848
    1198   -0.025848
    1199   -0.024972
    1200   -0.024972
    1201   -0.024209
    1202   -0.024209
    1203   -0.023540
    1204   -0.023540
    1205   -0.022973
    1206   -0.022973
    1207   -0.022527
    1208   -0.022527
    1209   -0.022187
    1210   -0.022187
    1211   -0.021911
    1212   -0.021911
    1213   -0.021682
    1214   -0.021682
    1215   -0.021505
    1216   -0.021505
    1217   -0.021371
    1218   -0.021371
    1219   -0.021256
    1220   -0.021256
    1221   -0.021139
    1222   -0.021139
    1223   -0.020996
    1224   -0.020996
    1225   -0.020821
    1226   -0.020821
    1227   -0.020634
    1228   -0.020634
    1229   -0.020453
    1230   -0.020453
    1231   -0.020278
    1232   -0.020278
    1233   -0.020104
    1234   -0.020104
    1235   -0.019922
    1236   -0.019922
    1237   -0.019742
    1238   -0.019742
    1239   -0.019578
    1240   -0.019578
    1241   -0.019430
    1242   -0.019430
    1243   -0.019292
    1244   -0.019292
    1245   -0.019177
    1246   -0.019177
    1247   -0.019082
    1248   -0.019082
    1249   -0.018984
    1250   -0.018984
    1251   -0.018865
    1252   -0.018865
    1253   -0.018719
    1254   -0.018719
    1255   -0.018565
    1256   -0.018565
    1257   -0.018429
    1258   -0.018429
    1259   -0.018315
    1260   -0.018315
    1261   -0.018208
    1262   -0.018208
    1263   -0.018099
    1264   -0.018099
    1265   -0.017996
    1266   -0.017996
    1267   -0.017915
    1268   -0.017915
    1269   -0.017859
    1270   -0.017859
    1271   -0.017809
    1272   -0.017809
    1273   -0.017743
    1274   -0.017743
    1275   -0.017651
    1276   -0.017651
    1277   -0.017536
    1278   -0.017536
    1279   -0.017418
    1280   -0.017418
    1281   -0.017301
    1282   -0.017301
    1283   -0.017180
    1284   -0.017180
    1285   -0.017064
    1286   -0.017064
    1287   -0.016964
    1288   -0.016964
    1289   -0.016867
    1290   -0.016867
    1291   -0.016754
    1292   -0.016754
    1293   -0.016616
    1294   -0.016616
    1295   -0.016432
    1296   -0.016432
    1297   -0.016197
    1298   -0.016197
    1299   -0.015919
    1300   -0.015919
    1301   -0.015613
    1302   -0.015613
    1303   -0.015300
    1304   -0.015300
    1305   -0.014999
    1306   -0.014999
    1307   -0.014739
    1308   -0.014739
    1309   -0.014542
    1310   -0.014542
    1311   -0.014383
    1312   -0.014383
    1313   -0.014216
    1314   -0.014216
    1315   -0.014025
    1316   -0.014025
    1317   -0.013824
    1318   -0.013824
    1319   -0.013618
    1320   -0.013618
    1321   -0.013407
    1322   -0.013407
    1323   -0.013220
    1324   -0.013220
    1325   -0.013065
    1326   -0.013065
    1327   -0.012908
    1328   -0.012908
    1329   -0.012732
    1330   -0.012732
    1331   -0.012540
    1332   -0.012540
    1333   -0.012316
    1334   -0.012316
    1335   -0.012034
    1336   -0.012034
    1337   -0.011691
    1338   -0.011691
    1339   -0.011305
    1340   -0.011305
    1341   -0.010890
    1342   -0.010890
    1343   -0.010457
    1344   -0.010457
    1345   -0.010022
    1346   -0.010022
    1347   -0.009608
    1348   -0.009608
    1349   -0.009206
    1350   -0.009206
    1351   -0.008787
    1352   -0.008787
    1353   -0.008377
    1354   -0.008377
    1355   -0.008043
    1356   -0.008043
    1357   -0.007791
    1358   -0.007791
    1359   -0.007575
    1360   -0.007575
    1361   -0.007402
    1362   -0.007402
    1363   -0.007323
    1364   -0.007323
    1365   -0.007346
    1366   -0.007346
    1367   -0.007421
    1368   -0.007421
    1369   -0.007461
    1370   -0.007461
    1371   -0.007471
    1372   -0.007471
    1373   -0.007389
    1374   -0.007389
    1375   -0.007260
    1376   -0.007260
    1377   -0.007296
    1378   -0.007296
    1379   -0.007243
    1380   -0.007243
    1381   -0.006885
    1382   -0.006885
    1383   -0.006264
    1384   -0.006264
    1385   -0.005578
    1386   -0.005578
    1387   -0.036114
    1388   -0.036114
    1389   -0.034763
    1390   -0.034763
    1391   -0.033047
    1392   -0.033047
    1393   -0.031739
    1394   -0.031739
    1395   -0.030689
    1396   -0.030689
    1397   -0.029856
    1398   -0.029856
    1399   -0.029172
    1400   -0.029172
    1401   -0.028538
    1402   -0.028538
    1403   -0.027950
    1404   -0.027950
    1405   -0.027495
    1406   -0.027495
    1407   -0.027184
    1408   -0.027184
    1409   -0.026943
    1410   -0.026943
    1411   -0.026722
    1412   -0.026722
    1413   -0.026511
    1414   -0.026511
    1415   -0.026309
    1416   -0.026309
    1417   -0.026121
    1418   -0.026121
    1419   -0.025934
    1420   -0.025934
    1421   -0.025730
    1422   -0.025730
    1423   -0.025508
    1424   -0.025508
    1425   -0.025297
    1426   -0.025297
    1427   -0.025110
    1428   -0.025110
    1429   -0.024933
    1430   -0.024933
    1431   -0.024759
    1432   -0.024759
    1433   -0.024589
    1434   -0.024589
    1435   -0.024433
    1436   -0.024433
    1437   -0.024292
    1438   -0.024292
    1439   -0.024148
    1440   -0.024148
    1441   -0.023988
    1442   -0.023988
    1443   -0.023817
    1444   -0.023817
    1445   -0.023658
    1446   -0.023658
    1447   -0.023510
    1448   -0.023510
    1449   -0.023367
    1450   -0.023367
    1451   -0.023229
    1452   -0.023229
    1453   -0.023108
    1454   -0.023108
    1455   -0.022999
    1456   -0.022999
    1457   -0.022888
    1458   -0.022888
    1459   -0.022769
    1460   -0.022769
    1461   -0.022645
    1462   -0.022645
    1463   -0.022526
    1464   -0.022526
    1465   -0.022422
    1466   -0.022422
    1467   -0.022336
    1468   -0.022336
    1469   -0.022254
    1470   -0.022254
    1471   -0.022165
    1472   -0.022165
    1473   -0.022068
    1474   -0.022068
    1475   -0.021958
    1476   -0.021958
    1477   -0.021836
    1478   -0.021836
    1479   -0.021709
    1480   -0.021709
    1481   -0.021576
    1482   -0.021576
    1483   -0.021435
    1484   -0.021435
    1485   -0.021294
    1486   -0.021294
    1487   -0.021151
    1488   -0.021151
    1489   -0.020998
    1490   -0.020998
    1491   -0.020820
    1492   -0.020820
    1493   -0.020590
    1494   -0.020590
    1495   -0.020299
    1496   -0.020299
    1497   -0.019972
    1498   -0.019972
    1499   -0.019632
    1500   -0.019632
    1501   -0.019289
    1502   -0.019289
    1503   -0.018958
    1504   -0.018958
    1505   -0.018665
    1506   -0.018665
    1507   -0.018420
    1508   -0.018420
    1509   -0.018173
    1510   -0.018173
    1511   -0.017885
    1512   -0.017885
    1513   -0.017590
    1514   -0.017590
    1515   -0.017299
    1516   -0.017299
    1517   -0.016963
    1518   -0.016963
    1519   -0.016583
    1520   -0.016583
    1521   -0.016235
    1522   -0.016235
    1523   -0.015934
    1524   -0.015934
    1525   -0.015621
    1526   -0.015621
    1527   -0.015270
    1528   -0.015270
    1529   -0.014895
    1530   -0.014895
    1531   -0.014495
    1532   -0.014495
    1533   -0.014052
    1534   -0.014052
    1535   -0.013566
    1536   -0.013566
    1537   -0.013066
    1538   -0.013066
    1539   -0.012569
    1540   -0.012569
    1541   -0.012048
    1542   -0.012048
    1543   -0.011511
    1544   -0.011511
    1545   -0.011016
    1546   -0.011016
    1547   -0.010555
    1548   -0.010555
    1549   -0.010057
    1550   -0.010057
    1551   -0.009549
    1552   -0.009549
    1553   -0.009151
    1554   -0.009151
    1555   -0.008873
    1556   -0.008873
    1557   -0.008604
    1558   -0.008604
    1559   -0.008332
    1560   -0.008332
    1561   -0.008143
    1562   -0.008143
    1563   -0.008071
    1564   -0.008071
    1565   -0.008091
    1566   -0.008091
    1567   -0.008075
    1568   -0.008075
    1569   -0.008063
    1570   -0.008063
    1571   -0.008201
    1572   -0.008201
    1573   -0.008349
    1574   -0.008349
    1575   -0.008382
    1576   -0.008382
    1577   -0.008173
    1578   -0.008173
    1579   -0.007669
    1580   -0.007669
    1581   -0.006934
    1582   -0.006934
    1583   -0.006152
    1584   -0.006152
    1585   -0.041455
    1586   -0.041455
    1587   -0.040341
    1588   -0.040341
    1589   -0.038930
    1590   -0.038930
    1591   -0.037871
    1592   -0.037871
    1593   -0.037045
    1594   -0.037045
    1595   -0.036401
    1596   -0.036401
    1597   -0.035873
    1598   -0.035873
    1599   -0.035362
    1600   -0.035362
    1601   -0.034849
    1602   -0.034849
    1603   -0.034412
    1604   -0.034412
    1605   -0.034068
    1606   -0.034068
    1607   -0.033760
    1608   -0.033760
    1609   -0.033456
    1610   -0.033456
    1611   -0.033154
    1612   -0.033154
    1613   -0.032855
    1614   -0.032855
    1615   -0.032565
    1616   -0.032565
    1617   -0.032288
    1618   -0.032288
    1619   -0.032022
    1620   -0.032022
    1621   -0.031761
    1622   -0.031761
    1623   -0.031512
    1624   -0.031512
    1625   -0.031277
    1626   -0.031277
    1627   -0.031057
    1628   -0.031057
    1629   -0.030853
    1630   -0.030853
    1631   -0.030672
    1632   -0.030672
    1633   -0.030513
    1634   -0.030513
    1635   -0.030368
    1636   -0.030368
    1637   -0.030231
    1638   -0.030231
    1639   -0.030094
    1640   -0.030094
    1641   -0.029950
    1642   -0.029950
    1643   -0.029805
    1644   -0.029805
    1645   -0.029678
    1646   -0.029678
    1647   -0.029570
    1648   -0.029570
    1649   -0.029482
    1650   -0.029482
    1651   -0.029417
    1652   -0.029417
    1653   -0.029354
    1654   -0.029354
    1655   -0.029264
    1656   -0.029264
    1657   -0.029139
    1658   -0.029139
    1659   -0.028991
    1660   -0.028991
    1661   -0.028838
    1662   -0.028838
    1663   -0.028697
    1664   -0.028697
    1665   -0.028568
    1666   -0.028568
    1667   -0.028442
    1668   -0.028442
    1669   -0.028325
    1670   -0.028325
    1671   -0.028215
    1672   -0.028215
    1673   -0.028093
    1674   -0.028093
    1675   -0.027951
    1676   -0.027951
    1677   -0.027794
    1678   -0.027794
    1679   -0.027624
    1680   -0.027624
    1681   -0.027434
    1682   -0.027434
    1683   -0.027234
    1684   -0.027234
    1685   -0.027026
    1686   -0.027026
    1687   -0.026802
    1688   -0.026802
    1689   -0.026553
    1690   -0.026553
    1691   -0.026262
    1692   -0.026262
    1693   -0.025927
    1694   -0.025927
    1695   -0.025577
    1696   -0.025577
    1697   -0.025232
    1698   -0.025232
    1699   -0.024878
    1700   -0.024878
    1701   -0.024513
    1702   -0.024513
    1703   -0.024167
    1704   -0.024167
    1705   -0.023853
    1706   -0.023853
    1707   -0.023519
    1708   -0.023519
    1709   -0.023123
    1710   -0.023123
    1711   -0.022721
    1712   -0.022721
    1713   -0.022324
    1714   -0.022324
    1715   -0.021855
    1716   -0.021855
    1717   -0.021308
    1718   -0.021308
    1719   -0.020762
    1720   -0.020762
    1721   -0.020241
    1722   -0.020241
    1723   -0.019712
    1724   -0.019712
    1725   -0.019150
    1726   -0.019150
    1727   -0.018551
    1728   -0.018551
    1729   -0.017920
    1730   -0.017920
    1731   -0.017266
    1732   -0.017266
    1733   -0.016598
    1734   -0.016598
    1735   -0.015940
    1736   -0.015940
    1737   -0.015297
    1738   -0.015297
    1739   -0.014634
    1740   -0.014634
    1741   -0.013954
    1742   -0.013954
    1743   -0.013316
    1744   -0.013316
    1745   -0.012720
    1746   -0.012720
    1747   -0.012104
    1748   -0.012104
    1749   -0.011484
    1750   -0.011484
    1751   -0.010966
    1752   -0.010966
    1753   -0.010564
    1754   -0.010564
    1755   -0.010176
    1756   -0.010176
    1757   -0.009800
    1758   -0.009800
    1759   -0.009535
    1760   -0.009535
    1761   -0.009407
    1762   -0.009407
    1763   -0.009370
    1764   -0.009370
    1765   -0.009323
    1766   -0.009323
    1767   -0.009353
    1768   -0.009353
    1769   -0.009642
    1770   -0.009642
    1771   -0.009963
    1772   -0.009963
    1773   -0.010046
    1774   -0.010046
    1775   -0.009823
    1776   -0.009823
    1777   -0.009306
    1778   -0.009306
    1779   -0.008502
    1780   -0.008502
    1781   -0.007620
    1782   -0.007620
    1783   -0.048451
    1784   -0.048451
    1785   -0.047683
    1786   -0.047683
    1787   -0.046692
    1788   -0.046692
    1789   -0.045953
    1790   -0.045953
    1791   -0.045406
    1792   -0.045406
    1793   -0.044942
    1794   -0.044942
    1795   -0.044520
    1796   -0.044520
    1797   -0.044121
    1798   -0.044121
    1799   -0.043727
    1800   -0.043727
    1801   -0.043332
    1802   -0.043332
    1803   -0.042929
    1804   -0.042929
    1805   -0.042511
    1806   -0.042511
    1807   -0.042092
    1808   -0.042092
    1809   -0.041692
    1810   -0.041692
    1811   -0.041309
    1812   -0.041309
    1813   -0.040924
    1814   -0.040924
    1815   -0.040543
    1816   -0.040543
    1817   -0.040196
    1818   -0.040196
    1819   -0.039880
    1820   -0.039880
    1821   -0.039569
    1822   -0.039569
    1823   -0.039261
    1824   -0.039261
    1825   -0.038980
    1826   -0.038980
    1827   -0.038738
    1828   -0.038738
    1829   -0.038537
    1830   -0.038537
    1831   -0.038368
    1832   -0.038368
    1833   -0.038214
    1834   -0.038214
    1835   -0.038082
    1836   -0.038082
    1837   -0.037989
    1838   -0.037989
    1839   -0.037917
    1840   -0.037917
    1841   -0.037841
    1842   -0.037841
    1843   -0.037767
    1844   -0.037767
    1845   -0.037710
    1846   -0.037710
    1847   -0.037671
    1848   -0.037671
    1849   -0.037636
    1850   -0.037636
    1851   -0.037585
    1852   -0.037585
    1853   -0.037502
    1854   -0.037502
    1855   -0.037381
    1856   -0.037381
    1857   -0.037233
    1858   -0.037233
    1859   -0.037076
    1860   -0.037076
    1861   -0.036920
    1862   -0.036920
    1863   -0.036763
    1864   -0.036763
    1865   -0.036610
    1866   -0.036610
    1867   -0.036467
    1868   -0.036467
    1869   -0.036324
    1870   -0.036324
    1871   -0.036167
    1872   -0.036167
    1873   -0.035994
    1874   -0.035994
    1875   -0.035807
    1876   -0.035807
    1877   -0.035596
    1878   -0.035596
    1879   -0.035357
    1880   -0.035357
    1881   -0.035104
    1882   -0.035104
    1883   -0.034838
    1884   -0.034838
    1885   -0.034544
    1886   -0.034544
    1887   -0.034218
    1888   -0.034218
    1889   -0.033871
    1890   -0.033871
    1891   -0.033519
    1892   -0.033519
    1893   -0.033184
    1894   -0.033184
    1895   -0.032864
    1896   -0.032864
    1897   -0.032512
    1898   -0.032512
    1899   -0.032121
    1900   -0.032121
    1901   -0.031723
    1902   -0.031723
    1903   -0.031348
    1904   -0.031348
    1905   -0.030955
    1906   -0.030955
    1907   -0.030499
    1908   -0.030499
    1909   -0.030017
    1910   -0.030017
    1911   -0.029515
    1912   -0.029515
    1913   -0.028927
    1914   -0.028927
    1915   -0.028247
    1916   -0.028247
    1917   -0.027517
    1918   -0.027517
    1919   -0.026763
    1920   -0.026763
    1921   -0.025993
    1922   -0.025993
    1923   -0.025202
    1924   -0.025202
    1925   -0.024377
    1926   -0.024377
    1927   -0.023519
    1928   -0.023519
    1929   -0.022640
    1930   -0.022640
    1931   -0.021764
    1932   -0.021764
    1933   -0.020902
    1934   -0.020902
    1935   -0.020042
    1936   -0.020042
    1937   -0.019165
    1938   -0.019165
    1939   -0.018279
    1940   -0.018279
    1941   -0.017413
    1942   -0.017413
    1943   -0.016573
    1944   -0.016573
    1945   -0.015743
    1946   -0.015743
    1947   -0.014935
    1948   -0.014935
    1949   -0.014203
    1950   -0.014203
    1951   -0.013562
    1952   -0.013562
    1953   -0.012971
    1954   -0.012971
    1955   -0.012450
    1956   -0.012450
    1957   -0.012085
    1958   -0.012085
    1959   -0.011878
    1960   -0.011878
    1961   -0.011770
    1962   -0.011770
    1963   -0.011741
    1964   -0.011741
    1965   -0.011865
    1966   -0.011865
    1967   -0.012216
    1968   -0.012216
    1969   -0.012654
    1970   -0.012654
    1971   -0.012950
    1972   -0.012950
    1973   -0.012934
    1974   -0.012934
    1975   -0.012522
    1976   -0.012522
    1977   -0.011632
    1978   -0.011632
    1979   -0.010570
    1980   -0.010570
    1981   -0.058602
    1982   -0.058602
    1983   -0.058098
    1984   -0.058098
    1985   -0.057404
    1986   -0.057404
    1987   -0.056797
    1988   -0.056797
    1989   -0.056250
    1990   -0.056250
    1991   -0.055692
    1992   -0.055692
    1993   -0.055145
    1994   -0.055145
    1995   -0.054689
    1996   -0.054689
    1997   -0.054317
    1998   -0.054317
    1999   -0.053926
    2000   -0.053926
    2001   -0.053471
    2002   -0.053471
    2003   -0.052987
    2004   -0.052987
    2005   -0.052510
    2006   -0.052510
    2007   -0.052056
    2008   -0.052056
    2009   -0.051623
    2010   -0.051623
    2011   -0.051195
    2012   -0.051195
    2013   -0.050772
    2014   -0.050772
    2015   -0.050375
    2016   -0.050375
    2017   -0.050008
    2018   -0.050008
    2019   -0.049660
    2020   -0.049660
    2021   -0.049330
    2022   -0.049330
    2023   -0.049034
    2024   -0.049034
    2025   -0.048781
    2026   -0.048781
    2027   -0.048572
    2028   -0.048572
    2029   -0.048393
    2030   -0.048393
    2031   -0.048231
    2032   -0.048231
    2033   -0.048097
    2034   -0.048097
    2035   -0.048003
    2036   -0.048003
    2037   -0.047933
    2038   -0.047933
    2039   -0.047857
    2040   -0.047857
    2041   -0.047777
    2042   -0.047777
    2043   -0.047705
    2044   -0.047705
    2045   -0.047642
    2046   -0.047642
    2047   -0.047576
    2048   -0.047576
    2049   -0.047498
    2050   -0.047498
    2051   -0.047402
    2052   -0.047402
    2053   -0.047288
    2054   -0.047288
    2055   -0.047168
    2056   -0.047168
    2057   -0.047045
    2058   -0.047045
    2059   -0.046913
    2060   -0.046913
    2061   -0.046768
    2062   -0.046768
    2063   -0.046621
    2064   -0.046621
    2065   -0.046470
    2066   -0.046470
    2067   -0.046304
    2068   -0.046304
    2069   -0.046122
    2070   -0.046122
    2071   -0.045931
    2072   -0.045931
    2073   -0.045729
    2074   -0.045729
    2075   -0.045513
    2076   -0.045513
    2077   -0.045278
    2078   -0.045278
    2079   -0.045022
    2080   -0.045022
    2081   -0.044744
    2082   -0.044744
    2083   -0.044432
    2084   -0.044432
    2085   -0.044092
    2086   -0.044092
    2087   -0.043749
    2088   -0.043749
    2089   -0.043418
    2090   -0.043418
    2091   -0.043101
    2092   -0.043101
    2093   -0.042778
    2094   -0.042778
    2095   -0.042411
    2096   -0.042411
    2097   -0.041992
    2098   -0.041992
    2099   -0.041552
    2100   -0.041552
    2101   -0.041120
    2102   -0.041120
    2103   -0.040672
    2104   -0.040672
    2105   -0.040164
    2106   -0.040164
    2107   -0.039597
    2108   -0.039597
    2109   -0.038964
    2110   -0.038964
    2111   -0.038235
    2112   -0.038235
    2113   -0.037417
    2114   -0.037417
    2115   -0.036523
    2116   -0.036523
    2117   -0.035562
    2118   -0.035562
    2119   -0.034548
    2120   -0.034548
    2121   -0.033500
    2122   -0.033500
    2123   -0.032436
    2124   -0.032436
    2125   -0.031353
    2126   -0.031353
    2127   -0.030239
    2128   -0.030239
    2129   -0.029111
    2130   -0.029111
    2131   -0.027990
    2132   -0.027990
    2133   -0.026863
    2134   -0.026863
    2135   -0.025717
    2136   -0.025717
    2137   -0.024561
    2138   -0.024561
    2139   -0.023411
    2140   -0.023411
    2141   -0.022274
    2142   -0.022274
    2143   -0.021149
    2144   -0.021149
    2145   -0.020056
    2146   -0.020056
    2147   -0.019044
    2148   -0.019044
    2149   -0.018128
    2150   -0.018128
    2151   -0.017284
    2152   -0.017284
    2153   -0.016540
    2154   -0.016540
    2155   -0.015956
    2156   -0.015956
    2157   -0.015546
    2158   -0.015546
    2159   -0.015312
    2160   -0.015312
    2161   -0.015317
    2162   -0.015317
    2163   -0.015539
    2164   -0.015539
    2165   -0.015936
    2166   -0.015936
    2167   -0.016555
    2168   -0.016555
    2169   -0.017264
    2170   -0.017264
    2171   -0.017760
    2172   -0.017760
    2173   -0.017718
    2174   -0.017718
    2175   -0.016840
    2176   -0.016840
    2177   -0.015566
    2178   -0.015566
    2179   -0.073790
    2180   -0.073790
    2181   -0.073408
    2182   -0.073408
    2183   -0.072862
    2184   -0.072862
    2185   -0.072210
    2186   -0.072210
    2187   -0.071409
    2188   -0.071409
    2189   -0.070513
    2190   -0.070513
    2191   -0.069627
    2192   -0.069627
    2193   -0.068914
    2194   -0.068914
    2195   -0.068389
    2196   -0.068389
    2197   -0.067875
    2198   -0.067875
    2199   -0.067310
    2200   -0.067310
    2201   -0.066760
    2202   -0.066760
    2203   -0.066248
    2204   -0.066248
    2205   -0.065754
    2206   -0.065754
    2207   -0.065274
    2208   -0.065274
    2209   -0.064830
    2210   -0.064830
    2211   -0.064423
    2212   -0.064423
    2213   -0.064027
    2214   -0.064027
    2215   -0.063639
    2216   -0.063639
    2217   -0.063285
    2218   -0.063285
    2219   -0.062972
    2220   -0.062972
    2221   -0.062685
    2222   -0.062685
    2223   -0.062425
    2224   -0.062425
    2225   -0.062199
    2226   -0.062199
    2227   -0.062003
    2228   -0.062003
    2229   -0.061825
    2230   -0.061825
    2231   -0.061661
    2232   -0.061661
    2233   -0.061507
    2234   -0.061507
    2235   -0.061357
    2236   -0.061357
    2237   -0.061212
    2238   -0.061212
    2239   -0.061071
    2240   -0.061071
    2241   -0.060920
    2242   -0.060920
    2243   -0.060766
    2244   -0.060766
    2245   -0.060633
    2246   -0.060633
    2247   -0.060524
    2248   -0.060524
    2249   -0.060425
    2250   -0.060425
    2251   -0.060329
    2252   -0.060329
    2253   -0.060238
    2254   -0.060238
    2255   -0.060151
    2256   -0.060151
    2257   -0.060060
    2258   -0.060060
    2259   -0.059962
    2260   -0.059962
    2261   -0.059855
    2262   -0.059855
    2263   -0.059728
    2264   -0.059728
    2265   -0.059575
    2266   -0.059575
    2267   -0.059400
    2268   -0.059400
    2269   -0.059212
    2270   -0.059212
    2271   -0.059014
    2272   -0.059014
    2273   -0.058821
    2274   -0.058821
    2275   -0.058633
    2276   -0.058633
    2277   -0.058418
    2278   -0.058418
    2279   -0.058166
    2280   -0.058166
    2281   -0.057889
    2282   -0.057889
    2283   -0.057604
    2284   -0.057604
    2285   -0.057319
    2286   -0.057319
    2287   -0.057025
    2288   -0.057025
    2289   -0.056690
    2290   -0.056690
    2291   -0.056289
    2292   -0.056289
    2293   -0.055823
    2294   -0.055823
    2295   -0.055287
    2296   -0.055287
    2297   -0.054691
    2298   -0.054691
    2299   -0.054084
    2300   -0.054084
    2301   -0.053462
    2302   -0.053462
    2303   -0.052777
    2304   -0.052777
    2305   -0.051994
    2306   -0.051994
    2307   -0.051096
    2308   -0.051096
    2309   -0.050099
    2310   -0.050099
    2311   -0.049024
    2312   -0.049024
    2313   -0.047885
    2314   -0.047885
    2315   -0.046663
    2316   -0.046663
    2317   -0.045326
    2318   -0.045326
    2319   -0.043909
    2320   -0.043909
    2321   -0.042488
    2322   -0.042488
    2323   -0.041076
    2324   -0.041076
    2325   -0.039628
    2326   -0.039628
    2327   -0.038139
    2328   -0.038139
    2329   -0.036649
    2330   -0.036649
    2331   -0.035162
    2332   -0.035162
    2333   -0.033648
    2334   -0.033648
    2335   -0.032106
    2336   -0.032106
    2337   -0.030563
    2338   -0.030563
    2339   -0.029032
    2340   -0.029032
    2341   -0.027510
    2342   -0.027510
    2343   -0.026020
    2344   -0.026020
    2345   -0.024613
    2346   -0.024613
    2347   -0.023312
    2348   -0.023312
    2349   -0.022108
    2350   -0.022108
    2351   -0.021021
    2352   -0.021021
    2353   -0.020072
    2354   -0.020072
    2355   -0.019321
    2356   -0.019321
    2357   -0.018896
    2358   -0.018896
    2359   -0.018936
    2360   -0.018936
    2361   -0.019341
    2362   -0.019341
    2363   -0.019900
    2364   -0.019900
    2365   -0.020720
    2366   -0.020720
    2367   -0.021960
    2368   -0.021960
    2369   -0.023382
    2370   -0.023382
    2371   -0.024303
    2372   -0.024303
    2373   -0.023997
    2374   -0.023997
    2375   -0.022862
    2376   -0.022862
    2377   -0.094605
    2378   -0.094605
    2379   -0.094077
    2380   -0.094077
    2381   -0.093355
    2382   -0.093355
    2383   -0.092474
    2384   -0.092474
    2385   -0.091391
    2386   -0.091391
    2387   -0.090117
    2388   -0.090117
    2389   -0.088753
    2390   -0.088753
    2391   -0.087552
    2392   -0.087552
    2393   -0.086579
    2394   -0.086579
    2395   -0.085688
    2396   -0.085688
    2397   -0.084840
    2398   -0.084840
    2399   -0.084083
    2400   -0.084083
    2401   -0.083413
    2402   -0.083413
    2403   -0.082787
    2404   -0.082787
    2405   -0.082195
    2406   -0.082195
    2407   -0.081672
    2408   -0.081672
    2409   -0.081220
    2410   -0.081220
    2411   -0.080794
    2412   -0.080794
    2413   -0.080383
    2414   -0.080383
    2415   -0.080012
    2416   -0.080012
    2417   -0.079686
    2418   -0.079686
    2419   -0.079374
    2420   -0.079374
    2421   -0.079073
    2422   -0.079073
    2423   -0.078805
    2424   -0.078805
    2425   -0.078577
    2426   -0.078577
    2427   -0.078381
    2428   -0.078381
    2429   -0.078200
    2430   -0.078200
    2431   -0.078007
    2432   -0.078007
    2433   -0.077802
    2434   -0.077802
    2435   -0.077608
    2436   -0.077608
    2437   -0.077419
    2438   -0.077419
    2439   -0.077215
    2440   -0.077215
    2441   -0.077012
    2442   -0.077012
    2443   -0.076847
    2444   -0.076847
    2445   -0.076730
    2446   -0.076730
    2447   -0.076644
    2448   -0.076644
    2449   -0.076577
    2450   -0.076577
    2451   -0.076520
    2452   -0.076520
    2453   -0.076461
    2454   -0.076461
    2455   -0.076397
    2456   -0.076397
    2457   -0.076337
    2458   -0.076337
    2459   -0.076272
    2460   -0.076272
    2461   -0.076184
    2462   -0.076184
    2463   -0.076067
    2464   -0.076067
    2465   -0.075920
    2466   -0.075920
    2467   -0.075751
    2468   -0.075751
    2469   -0.075567
    2470   -0.075567
    2471   -0.075390
    2472   -0.075390
    2473   -0.075224
    2474   -0.075224
    2475   -0.075037
    2476   -0.075037
    2477   -0.074816
    2478   -0.074816
    2479   -0.074573
    2480   -0.074573
    2481   -0.074323
    2482   -0.074323
    2483   -0.074065
    2484   -0.074065
    2485   -0.073775
    2486   -0.073775
    2487   -0.073400
    2488   -0.073400
    2489   -0.072907
    2490   -0.072907
    2491   -0.072308
    2492   -0.072308
    2493   -0.071585
    2494   -0.071585
    2495   -0.070735
    2496   -0.070735
    2497   -0.069827
    2498   -0.069827
    2499   -0.068879
    2500   -0.068879
    2501   -0.067839
    2502   -0.067839
    2503   -0.066650
    2504   -0.066650
    2505   -0.065308
    2506   -0.065308
    2507   -0.063862
    2508   -0.063862
    2509   -0.062342
    2510   -0.062342
    2511   -0.060770
    2512   -0.060770
    2513   -0.059115
    2514   -0.059115
    2515   -0.057308
    2516   -0.057308
    2517   -0.055382
    2518   -0.055382
    2519   -0.053447
    2520   -0.053447
    2521   -0.051529
    2522   -0.051529
    2523   -0.049572
    2524   -0.049572
    2525   -0.047554
    2526   -0.047554
    2527   -0.045518
    2528   -0.045518
    2529   -0.043478
    2530   -0.043478
    2531   -0.041407
    2532   -0.041407
    2533   -0.039300
    2534   -0.039300
    2535   -0.037182
    2536   -0.037182
    2537   -0.035070
    2538   -0.035070
    2539   -0.032976
    2540   -0.032976
    2541   -0.030924
    2542   -0.030924
    2543   -0.028933
    2544   -0.028933
    2545   -0.027034
    2546   -0.027034
    2547   -0.025276
    2548   -0.025276
    2549   -0.023680
    2550   -0.023680
    2551   -0.022243
    2552   -0.022243
    2553   -0.021069
    2554   -0.021069
    2555   -0.020355
    2556   -0.020355
    2557   -0.020290
    2558   -0.020290
    2559   -0.020866
    2560   -0.020866
    2561   -0.021797
    2562   -0.021797
    2563   -0.022981
    2564   -0.022981
    2565   -0.024929
    2566   -0.024929
    2567   -0.027852
    2568   -0.027852
    2569   -0.030788
    2570   -0.030788
    2571   -0.032311
    2572   -0.032311
    2573   -0.032317
    2574   -0.032317
    2575   -0.113061
    2576   -0.113061
    2577   -0.111575
    2578   -0.111575
    2579   -0.109499
    2580   -0.109499
    2581   -0.107502
    2582   -0.107502
    2583   -0.105688
    2584   -0.105688
    2585   -0.103795
    2586   -0.103795
    2587   -0.101728
    2588   -0.101728
    2589   -0.099774
    2590   -0.099774
    2591   -0.098046
    2592   -0.098046
    2593   -0.096519
    2594   -0.096519
    2595   -0.095167
    2596   -0.095167
    2597   -0.093985
    2598   -0.093985
    2599   -0.092956
    2600   -0.092956
    2601   -0.092043
    2602   -0.092043
    2603   -0.091233
    2604   -0.091233
    2605   -0.090529
    2606   -0.090529
    2607   -0.089919
    2608   -0.089919
    2609   -0.089373
    2610   -0.089373
    2611   -0.088876
    2612   -0.088876
    2613   -0.088439
    2614   -0.088439
    2615   -0.088062
    2616   -0.088062
    2617   -0.087712
    2618   -0.087712
    2619   -0.087377
    2620   -0.087377
    2621   -0.087066
    2622   -0.087066
    2623   -0.086798
    2624   -0.086798
    2625   -0.086591
    2626   -0.086591
    2627   -0.086424
    2628   -0.086424
    2629   -0.086252
    2630   -0.086252
    2631   -0.086065
    2632   -0.086065
    2633   -0.085881
    2634   -0.085881
    2635   -0.085696
    2636   -0.085696
    2637   -0.085506
    2638   -0.085506
    2639   -0.085334
    2640   -0.085334
    2641   -0.085197
    2642   -0.085197
    2643   -0.085100
    2644   -0.085100
    2645   -0.085038
    2646   -0.085038
    2647   -0.085009
    2648   -0.085009
    2649   -0.084998
    2650   -0.084998
    2651   -0.084976
    2652   -0.084976
    2653   -0.084935
    2654   -0.084935
    2655   -0.084890
    2656   -0.084890
    2657   -0.084846
    2658   -0.084846
    2659   -0.084791
    2660   -0.084791
    2661   -0.084710
    2662   -0.084710
    2663   -0.084596
    2664   -0.084596
    2665   -0.084449
    2666   -0.084449
    2667   -0.084280
    2668   -0.084280
    2669   -0.084106
    2670   -0.084106
    2671   -0.083929
    2672   -0.083929
    2673   -0.083733
    2674   -0.083733
    2675   -0.083512
    2676   -0.083512
    2677   -0.083267
    2678   -0.083267
    2679   -0.082996
    2680   -0.082996
    2681   -0.082704
    2682   -0.082704
    2683   -0.082378
    2684   -0.082378
    2685   -0.081969
    2686   -0.081969
    2687   -0.081438
    2688   -0.081438
    2689   -0.080770
    2690   -0.080770
    2691   -0.079925
    2692   -0.079925
    2693   -0.078887
    2694   -0.078887
    2695   -0.077688
    2696   -0.077688
    2697   -0.076317
    2698   -0.076317
    2699   -0.074759
    2700   -0.074759
    2701   -0.073009
    2702   -0.073009
    2703   -0.071091
    2704   -0.071091
    2705   -0.069064
    2706   -0.069064
    2707   -0.066955
    2708   -0.066955
    2709   -0.064773
    2710   -0.064773
    2711   -0.062494
    2712   -0.062494
    2713   -0.060088
    2714   -0.060088
    2715   -0.057581
    2716   -0.057581
    2717   -0.055025
    2718   -0.055025
    2719   -0.052425
    2720   -0.052425
    2721   -0.049756
    2722   -0.049756
    2723   -0.047011
    2724   -0.047011
    2725   -0.044218
    2726   -0.044218
    2727   -0.041391
    2728   -0.041391
    2729   -0.038532
    2730   -0.038532
    2731   -0.035652
    2732   -0.035652
    2733   -0.032775
    2734   -0.032775
    2735   -0.029914
    2736   -0.029914
    2737   -0.027070
    2738   -0.027070
    2739   -0.024267
    2740   -0.024267
    2741   -0.021529
    2742   -0.021529
    2743   -0.018895
    2744   -0.018895
    2745   -0.016419
    2746   -0.016419
    2747   -0.014126
    2748   -0.014126
    2749   -0.012062
    2750   -0.012062
    2751   -0.010352
    2752   -0.010352
    2753   -0.009159
    2754   -0.009159
    2755   -0.008662
    2756   -0.008662
    2757   -0.008979
    2758   -0.008979
    2759   -0.010211
    2760   -0.010211
    2761   -0.012403
    2762   -0.012403
    2763   -0.015859
    2764   -0.015859
    2765   -0.021096
    2766   -0.021096
    2767   -0.027476
    2768   -0.027476
    2769   -0.032961
    2770   -0.032961
    2771   -0.036120
    2772   -0.036120
    2773   -0.099506
    2774   -0.099506
    2775   -0.096043
    2776   -0.096043
    2777   -0.091184
    2778   -0.091184
    2779   -0.086733
    2780   -0.086733
    2781   -0.083054
    2782   -0.083054
    2783   -0.079845
    2784   -0.079845
    2785   -0.076778
    2786   -0.076778
    2787   -0.073922
    2788   -0.073922
    2789   -0.071340
    2790   -0.071340
    2791   -0.069045
    2792   -0.069045
    2793   -0.067010
    2794   -0.067010
    2795   -0.065231
    2796   -0.065231
    2797   -0.063701
    2798   -0.063701
    2799   -0.062371
    2800   -0.062371
    2801   -0.061217
    2802   -0.061217
    2803   -0.060222
    2804   -0.060222
    2805   -0.059362
    2806   -0.059362
    2807   -0.058618
    2808   -0.058618
    2809   -0.057977
    2810   -0.057977
    2811   -0.057433
    2812   -0.057433
    2813   -0.056981
    2814   -0.056981
    2815   -0.056595
    2816   -0.056595
    2817   -0.056248
    2818   -0.056248
    2819   -0.055926
    2820   -0.055926
    2821   -0.055651
    2822   -0.055651
    2823   -0.055449
    2824   -0.055449
    2825   -0.055296
    2826   -0.055296
    2827   -0.055155
    2828   -0.055155
    2829   -0.055021
    2830   -0.055021
    2831   -0.054894
    2832   -0.054894
    2833   -0.054765
    2834   -0.054765
    2835   -0.054635
    2836   -0.054635
    2837   -0.054524
    2838   -0.054524
    2839   -0.054442
    2840   -0.054442
    2841   -0.054383
    2842   -0.054383
    2843   -0.054354
    2844   -0.054354
    2845   -0.054366
    2846   -0.054366
    2847   -0.054401
    2848   -0.054401
    2849   -0.054432
    2850   -0.054432
    2851   -0.054438
    2852   -0.054438
    2853   -0.054423
    2854   -0.054423
    2855   -0.054400
    2856   -0.054400
    2857   -0.054368
    2858   -0.054368
    2859   -0.054309
    2860   -0.054309
    2861   -0.054216
    2862   -0.054216
    2863   -0.054091
    2864   -0.054091
    2865   -0.053943
    2866   -0.053943
    2867   -0.053780
    2868   -0.053780
    2869   -0.053596
    2870   -0.053596
    2871   -0.053376
    2872   -0.053376
    2873   -0.053123
    2874   -0.053123
    2875   -0.052846
    2876   -0.052846
    2877   -0.052536
    2878   -0.052536
    2879   -0.052200
    2880   -0.052200
    2881   -0.051830
    2882   -0.051830
    2883   -0.051383
    2884   -0.051383
    2885   -0.050816
    2886   -0.050816
    2887   -0.050108
    2888   -0.050108
    2889   -0.049198
    2890   -0.049198
    2891   -0.048002
    2892   -0.048002
    2893   -0.046433
    2894   -0.046433
    2895   -0.044437
    2896   -0.044437
    2897   -0.042108
    2898   -0.042108
    2899   -0.039566
    2900   -0.039566
    2901   -0.036864
    2902   -0.036864
    2903   -0.034041
    2904   -0.034041
    2905   -0.031111
    2906   -0.031111
    2907   -0.028063
    2908   -0.028063
    2909   -0.024897
    2910   -0.024897
    2911   -0.021639
    2912   -0.021639
    2913   -0.018298
    2914   -0.018298
    2915   -0.014851
    2916   -0.014851
    2917   -0.011282
    2918   -0.011282
    2919   -0.007587
    2920   -0.007587
    2921   -0.003792
    2922   -0.003792
    2923    0.000057
    2924    0.000057
    2925    0.003954
    2926    0.003954
    2927    0.007910
    2928    0.007910
    2929    0.011899
    2930    0.011899
    2931    0.015852
    2932    0.015852
    2933    0.019751
    2934    0.019751
    2935    0.023653
    2936    0.023653
    2937    0.027533
    2938    0.027533
    2939    0.031302
    2940    0.031302
    2941    0.034920
    2942    0.034920
    2943    0.038395
    2944    0.038395
    2945    0.041687
    2946    0.041687
    2947    0.044666
    2948    0.044666
    2949    0.047196
    2950    0.047196
    2951    0.049157
    2952    0.049157
    2953    0.050382
    2954    0.050382
    2955    0.050689
    2956    0.050689
    2957    0.049387
    2958    0.049387
    2959    0.045773
    2960    0.045773
    2961    0.039902
    2962    0.039902
    2963    0.031317
    2964    0.031317
    2965    0.019649
    2966    0.019649
    2967    0.006807
    2968    0.006807
    2969   -0.003141
    2970   -0.003141
    2971    0.003941
    2972    0.003941
    2973    0.010619
    2974    0.010619
    2975    0.019767
    2976    0.019767
    2977    0.027893
    2978    0.027893
    2979    0.034583
    2980    0.034583
    2981    0.039983
    2982    0.039983
    2983    0.044520
    2984    0.044520
    2985    0.048538
    2986    0.048538
    2987    0.052173
    2988    0.052173
    2989    0.055457
    2990    0.055457
    2991    0.058408
    2992    0.058408
    2993    0.060977
    2994    0.060977
    2995    0.063180
    2996    0.063180
    2997    0.065090
    2998    0.065090
    2999    0.066746
    3000    0.066746
    3001    0.068168
    3002    0.068168
    3003    0.069383
    3004    0.069383
    3005    0.070404
    3006    0.070404
    3007    0.071247
    3008    0.071247
    3009    0.071943
    3010    0.071943
    3011    0.072516
    3012    0.072516
    3013    0.072978
    3014    0.072978
    3015    0.073356
    3016    0.073356
    3017    0.073667
    3018    0.073667
    3019    0.073909
    3020    0.073909
    3021    0.074096
    3022    0.074096
    3023    0.074250
    3024    0.074250
    3025    0.074366
    3026    0.074366
    3027    0.074431
    3028    0.074431
    3029    0.074465
    3030    0.074465
    3031    0.074493
    3032    0.074493
    3033    0.074525
    3034    0.074525
    3035    0.074549
    3036    0.074549
    3037    0.074560
    3038    0.074560
    3039    0.074564
    3040    0.074564
    3041    0.074548
    3042    0.074548
    3043    0.074496
    3044    0.074496
    3045    0.074421
    3046    0.074421
    3047    0.074335
    3048    0.074335
    3049    0.074254
    3050    0.074254
    3051    0.074204
    3052    0.074204
    3053    0.074184
    3054    0.074184
    3055    0.074194
    3056    0.074194
    3057    0.074240
    3058    0.074240
    3059    0.074315
    3060    0.074315
    3061    0.074408
    3062    0.074408
    3063    0.074517
    3064    0.074517
    3065    0.074661
    3066    0.074661
    3067    0.074854
    3068    0.074854
    3069    0.075098
    3070    0.075098
    3071    0.075387
    3072    0.075387
    3073    0.075710
    3074    0.075710
    3075    0.076064
    3076    0.076064
    3077    0.076450
    3078    0.076450
    3079    0.076880
    3080    0.076880
    3081    0.077408
    3082    0.077408
    3083    0.078066
    3084    0.078066
    3085    0.078855
    3086    0.078855
    3087    0.079862
    3088    0.079862
    3089    0.081320
    3090    0.081320
    3091    0.083500
    3092    0.083500
    3093    0.086451
    3094    0.086451
    3095    0.089930
    3096    0.089930
    3097    0.093694
    3098    0.093694
    3099    0.097649
    3100    0.097649
    3101    0.101769
    3102    0.101769
    3103    0.106058
    3104    0.106058
    3105    0.110514
    3106    0.110514
    3107    0.115105
    3108    0.115105
    3109    0.119812
    3110    0.119812
    3111    0.124649
    3112    0.124649
    3113    0.129628
    3114    0.129628
    3115    0.134763
    3116    0.134763
    3117    0.140071
    3118    0.140071
    3119    0.145513
    3120    0.145513
    3121    0.151000
    3122    0.151000
    3123    0.156528
    3124    0.156528
    3125    0.162171
    3126    0.162171
    3127    0.167899
    3128    0.167899
    3129    0.173586
    3130    0.173586
    3131    0.179202
    3132    0.179202
    3133    0.184828
    3134    0.184828
    3135    0.190440
    3136    0.190440
    3137    0.195907
    3138    0.195907
    3139    0.201179
    3140    0.201179
    3141    0.206298
    3142    0.206298
    3143    0.211189
    3144    0.211189
    3145    0.215645
    3146    0.215645
    3147    0.219523
    3148    0.219523
    3149    0.222721
    3150    0.222721
    3151    0.224982
    3152    0.224982
    3153    0.225898
    3154    0.225898
    3155    0.224536
    3156    0.224536
    3157    0.219816
    3158    0.219816
    3159    0.211226
    3160    0.211226
    3161    0.197794
    3162    0.197794
    3163    0.177935
    3164    0.177935
    3165    0.152512
    3166    0.152512
    3167    0.130013
    3168    0.130013
    3169    0.282767
    3170    0.282767
    3171    0.294913
    3172    0.294913
    3173    0.311070
    3174    0.311070
    3175    0.324740
    3176    0.324740
    3177    0.335898
    3178    0.335898
    3179    0.344809
    3180    0.344809
    3181    0.351928
    3182    0.351928
    3183    0.358081
    3184    0.358081
    3185    0.363653
    3186    0.363653
    3187    0.368627
    3188    0.368627
    3189    0.372991
    3190    0.372991
    3191    0.376791
    3192    0.376791
    3193    0.380098
    3194    0.380098
    3195    0.382956
    3196    0.382956
    3197    0.385402
    3198    0.385402
    3199    0.387493
    3200    0.387493
    3201    0.389271
    3202    0.389271
    3203    0.390740
    3204    0.390740
    3205    0.391919
    3206    0.391919
    3207    0.392885
    3208    0.392885
    3209    0.393684
    3210    0.393684
    3211    0.394301
    3212    0.394301
    3213    0.394753
    3214    0.394753
    3215    0.395073
    3216    0.395073
    3217    0.395301
    3218    0.395301
    3219    0.395490
    3220    0.395490
    3221    0.395641
    3222    0.395641
    3223    0.395710
    3224    0.395710
    3225    0.395686
    3226    0.395686
    3227    0.395598
    3228    0.395598
    3229    0.395478
    3230    0.395478
    3231    0.395342
    3232    0.395342
    3233    0.395203
    3234    0.395203
    3235    0.395085
    3236    0.395085
    3237    0.394994
    3238    0.394994
    3239    0.394899
    3240    0.394899
    3241    0.394786
    3242    0.394786
    3243    0.394660
    3244    0.394660
    3245    0.394514
    3246    0.394514
    3247    0.394351
    3248    0.394351
    3249    0.394212
    3250    0.394212
    3251    0.394126
    3252    0.394126
    3253    0.394093
    3254    0.394093
    3255    0.394094
    3256    0.394094
    3257    0.394111
    3258    0.394111
    3259    0.394143
    3260    0.394143
    3261    0.394212
    3262    0.394212
    3263    0.394353
    3264    0.394353
    3265    0.394577
    3266    0.394577
    3267    0.394861
    3268    0.394861
    3269    0.395197
    3270    0.395197
    3271    0.395592
    3272    0.395592
    3273    0.396041
    3274    0.396041
    3275    0.396540
    3276    0.396540
    3277    0.397111
    3278    0.397111
    3279    0.397804
    3280    0.397804
    3281    0.398635
    3282    0.398635
    3283    0.399615
    3284    0.399615
    3285    0.400886
    3286    0.400886
    3287    0.402873
    3288    0.402873
    3289    0.406055
    3290    0.406055
    3291    0.410478
    3292    0.410478
    3293    0.415790
    3294    0.415790
    3295    0.421616
    3296    0.421616
    3297    0.427746
    3298    0.427746
    3299    0.434113
    3300    0.434113
    3301    0.440727
    3302    0.440727
    3303    0.447594
    3304    0.447594
    3305    0.454667
    3306    0.454667
    3307    0.461911
    3308    0.461911
    3309    0.469350
    3310    0.469350
    3311    0.476992
    3312    0.476992
    3313    0.484836
    3314    0.484836
    3315    0.492890
    3316    0.492890
    3317    0.501113
    3318    0.501113
    3319    0.509420
    3320    0.509420
    3321    0.517809
    3322    0.517809
    3323    0.526351
    3324    0.526351
    3325    0.535017
    3326    0.535017
    3327    0.543692
    3328    0.543692
    3329    0.552330
    3330    0.552330
    3331    0.560958
    3332    0.560958
    3333    0.569540
    3334    0.569540
    3335    0.577955
    3336    0.577955
    3337    0.586147
    3338    0.586147
    3339    0.594122
    3340    0.594122
    3341    0.601737
    3342    0.601737
    3343    0.608710
    3344    0.608710
    3345    0.614896
    3346    0.614896
    3347    0.620209
    3348    0.620209
    3349    0.624200
    3350    0.624200
    3351    0.625997
    3352    0.625997
    3353    0.624475
    3354    0.624475
    3355    0.618387
    3356    0.618387
    3357    0.605957
    3358    0.605957
    3359    0.584704
    3360    0.584704
    3361    0.551454
    3362    0.551454
    3363    0.505570
    3364    0.505570
    3365    0.462241
    3366    0.462241
    3367    0.869708
    3368    0.869708
    3369    0.891397
    3370    0.891397
    3371    0.919541
    3372    0.919541
    3373    0.942605
    3374    0.942605
    3375    0.961452
    3376    0.961452
    3377    0.976485
    3378    0.976485
    3379    0.988326
    3380    0.988326
    3381    0.998629
    3382    0.998629
    3383    1.008047
    3384    1.008047
    3385    1.016204
    3386    1.016204
    3387    1.023067
    3388    1.023067
    3389    1.029075
    3390    1.029075
    3391    1.034422
    3392    1.034422
    3393    1.039006
    3394    1.039006
    3395    1.042857
    3396    1.042857
    3397    1.046156
    3398    1.046156
    3399    1.048973
    3400    1.048973
    3401    1.051266
    3402    1.051266
    3403    1.053071
    3404    1.053071
    3405    1.054543
    3406    1.054543
    3407    1.055761
    3408    1.055761
    3409    1.056681
    3410    1.056681
    3411    1.057302
    3412    1.057302
    3413    1.057704
    3414    1.057704
    3415    1.057981
    3416    1.057981
    3417    1.058197
    3418    1.058197
    3419    1.058329
    3420    1.058329
    3421    1.058314
    3422    1.058314
    3423    1.058153
    3424    1.058153
    3425    1.057893
    3426    1.057893
    3427    1.057547
    3428    1.057547
    3429    1.057120
    3430    1.057120
    3431    1.056678
    3432    1.056678
    3433    1.056317
    3434    1.056317
    3435    1.056052
    3436    1.056052
    3437    1.055825
    3438    1.055825
    3439    1.055600
    3440    1.055600
    3441    1.055379
    3442    1.055379
    3443    1.055147
    3444    1.055147
    3445    1.054886
    3446    1.054886
    3447    1.054627
    3448    1.054627
    3449    1.054431
    3450    1.054431
    3451    1.054301
    3452    1.054301
    3453    1.054190
    3454    1.054190
    3455    1.054079
    3456    1.054079
    3457    1.054010
    3458    1.054010
    3459    1.054046
    3460    1.054046
    3461    1.054227
    3462    1.054227
    3463    1.054538
    3464    1.054538
    3465    1.054916
    3466    1.054916
    3467    1.055354
    3468    1.055354
    3469    1.055887
    3470    1.055887
    3471    1.056520
    3472    1.056520
    3473    1.057257
    3474    1.057257
    3475    1.058125
    3476    1.058125
    3477    1.059145
    3478    1.059145
    3479    1.060326
    3480    1.060326
    3481    1.061774
    3482    1.061774
    3483    1.063775
    3484    1.063775
    3485    1.067009
    3486    1.067009
    3487    1.072190
    3488    1.072190
    3489    1.079374
    3490    1.079374
    3491    1.088062
    3492    1.088062
    3493    1.097670
    3494    1.097670
    3495    1.107804
    3496    1.107804
    3497    1.118277
    3498    1.118277
    3499    1.129091
    3500    1.129091
    3501    1.140333
    3502    1.140333
    3503    1.151959
    3504    1.151959
    3505    1.163831
    3506    1.163831
    3507    1.175956
    3508    1.175956
    3509    1.188432
    3510    1.188432
    3511    1.201260
    3512    1.201260
    3513    1.214350
    3514    1.214350
    3515    1.227650
    3516    1.227650
    3517    1.241166
    3518    1.241166
    3519    1.254892
    3520    1.254892
    3521    1.268797
    3522    1.268797
    3523    1.282842
    3524    1.282842
    3525    1.296987
    3526    1.296987
    3527    1.311174
    3528    1.311174
    3529    1.325306
    3530    1.325306
    3531    1.339313
    3532    1.339313
    3533    1.353123
    3534    1.353123
    3535    1.366669
    3536    1.366669
    3537    1.379868
    3538    1.379868
    3539    1.392453
    3540    1.392453
    3541    1.404004
    3542    1.404004
    3543    1.414375
    3544    1.414375
    3545    1.423555
    3546    1.423555
    3547    1.430779
    3548    1.430779
    3549    1.434365
    3550    1.434365
    3551    1.432566
    3552    1.432566
    3553    1.423471
    3554    1.423471
    3555    1.403781
    3556    1.403781
    3557    1.368449
    3558    1.368449
    3559    1.311618
    3560    1.311618
    3561    1.231356
    3562    1.231356
    3563    1.153381
    3564    1.153381
    3565    1.997438
    3566    1.997438
    3567    2.037696
    3568    2.037696
    3569    2.089122
    3570    2.089122
    3571    2.129718
    3572    2.129718
    3573    2.162743
    3574    2.162743
    3575    2.188790
    3576    2.188790
    3577    2.209099
    3578    2.209099
    3579    2.227150
    3580    2.227150
    3581    2.243987
    3582    2.243987
    3583    2.258246
    3584    2.258246
    3585    2.269825
    3586    2.269825
    3587    2.280060
    3588    2.280060
    3589    2.289379
    3590    2.289379
    3591    2.297291
    3592    2.297291
    3593    2.303788
    3594    2.303788
    3595    2.309385
    3596    2.309385
    3597    2.314219
    3598    2.314219
    3599    2.318099
    3600    2.318099
    3601    2.321102
    3602    2.321102
    3603    2.323542
    3604    2.323542
    3605    2.325566
    3606    2.325566
    3607    2.327099
    3608    2.327099
    3609    2.328103
    3610    2.328103
    3611    2.328714
    3612    2.328714
    3613    2.329110
    3614    2.329110
    3615    2.329395
    3616    2.329395
    3617    2.329516
    3618    2.329516
    3619    2.329352
    3620    2.329352
    3621    2.328929
    3622    2.328929
    3623    2.328376
    3624    2.328376
    3625    2.327665
    3626    2.327665
    3627    2.326718
    3628    2.326718
    3629    2.325714
    3630    2.325714
    3631    2.324915
    3632    2.324915
    3633    2.324353
    3634    2.324353
    3635    2.323905
    3636    2.323905
    3637    2.323488
    3638    2.323488
    3639    2.323096
    3640    2.323096
    3641    2.322716
    3642    2.322716
    3643    2.322290
    3644    2.322290
    3645    2.321826
    3646    2.321826
    3647    2.321416
    3648    2.321416
    3649    2.321095
    3650    2.321095
    3651    2.320790
    3652    2.320790
    3653    2.320471
    3654    2.320471
    3655    2.320241
    3656    2.320241
    3657    2.320241
    3658    2.320241
    3659    2.320542
    3660    2.320542
    3661    2.321068
    3662    2.321068
    3663    2.321664
    3664    2.321664
    3665    2.322323
    3666    2.322323
    3667    2.323114
    3668    2.323114
    3669    2.324068
    3670    2.324068
    3671    2.325242
    3672    2.325242
    3673    2.326680
    3674    2.326680
    3675    2.328342
    3676    2.328342
    3677    2.330237
    3678    2.330237
    3679    2.332629
    3680    2.332629
    3681    2.336097
    3682    2.336097
    3683    2.341944
    3684    2.341944
    3685    2.351347
    3686    2.351347
    3687    2.364193
    3688    2.364193
    3689    2.379487
    3690    2.379487
    3691    2.396279
    3692    2.396279
    3693    2.414047
    3694    2.414047
    3695    2.432367
    3696    2.432367
    3697    2.451173
    3698    2.451173
    3699    2.470766
    3700    2.470766
    3701    2.491101
    3702    2.491101
    3703    2.511799
    3704    2.511799
    3705    2.532842
    3706    2.532842
    3707    2.554551
    3708    2.554551
    3709    2.576936
    3710    2.576936
    3711    2.599688
    3712    2.599688
    3713    2.622727
    3714    2.622727
    3715    2.646220
    3716    2.646220
    3717    2.670161
    3718    2.670161
    3719    2.694352
    3720    2.694352
    3721    2.718712
    3722    2.718712
    3723    2.743291
    3724    2.743291
    3725    2.768011
    3726    2.768011
    3727    2.792630
    3728    2.792630
    3729    2.817006
    3730    2.817006
    3731    2.841100
    3732    2.841100
    3733    2.864848
    3734    2.864848
    3735    2.888041
    3736    2.888041
    3737    2.910162
    3738    2.910162
    3739    2.930431
    3740    2.930431
    3741    2.948713
    3742    2.948713
    3743    2.965303
    3744    2.965303
    3745    2.978888
    3746    2.978888
    3747    2.986138
    3748    2.986138
    3749    2.984024
    3750    2.984024
    3751    2.969358
    3752    2.969358
    3753    2.936402
    3754    2.936402
    3755    2.875444
    3756    2.875444
    3757    2.774633
    3758    2.774633
    3759    2.628272
    3760    2.628272
    3761    2.482834
    3762    2.482834
    3763    3.697887
    3764    3.697887
    3765    3.768798
    3766    3.768798
    3767    3.858765
    3768    3.858765
    3769    3.926468
    3770    3.926468
    3771    3.980988
    3772    3.980988
    3773    4.023436
    3774    4.023436
    3775    4.056182
    3776    4.056182
    3777    4.085919
    3778    4.085919
    3779    4.114301
    3780    4.114301
    3781    4.138003
    3782    4.138003
    3783    4.156765
    3784    4.156765
    3785    4.173535
    3786    4.173535
    3787    4.189108
    3788    4.189108
    3789    4.202218
    3790    4.202218
    3791    4.212753
    3792    4.212753
    3793    4.221883
    3794    4.221883
    3795    4.229865
    3796    4.229865
    3797    4.236204
    3798    4.236204
    3799    4.241040
    3800    4.241040
    3801    4.244989
    3802    4.244989
    3803    4.248290
    3804    4.248290
    3805    4.250798
    3806    4.250798
    3807    4.252410
    3808    4.252410
    3809    4.253349
    3810    4.253349
    3811    4.253923
    3812    4.253923
    3813    4.254339
    3814    4.254339
    3815    4.254495
    3816    4.254495
    3817    4.254112
    3818    4.254112
    3819    4.253268
    3820    4.253268
    3821    4.252280
    3822    4.252280
    3823    4.251046
    3824    4.251046
    3825    4.249315
    3826    4.249315
    3827    4.247447
    3828    4.247447
    3829    4.246002
    3830    4.246002
    3831    4.245025
    3832    4.245025
    3833    4.244270
    3834    4.244270
    3835    4.243572
    3836    4.243572
    3837    4.242928
    3838    4.242928
    3839    4.242328
    3840    4.242328
    3841    4.241656
    3842    4.241656
    3843    4.240872
    3844    4.240872
    3845    4.240127
    3846    4.240127
    3847    4.239522
    3848    4.239522
    3849    4.238956
    3850    4.238956
    3851    4.238350
    3852    4.238350
    3853    4.237883
    3854    4.237883
    3855    4.237835
    3856    4.237835
    3857    4.238348
    3858    4.238348
    3859    4.239247
    3860    4.239247
    3861    4.240210
    3862    4.240210
    3863    4.241231
    3864    4.241231
    3865    4.242420
    3866    4.242420
    3867    4.243841
    3868    4.243841
    3869    4.245675
    3870    4.245675
    3871    4.247993
    3872    4.247993
    3873    4.250658
    3874    4.250658
    3875    4.253657
    3876    4.253657
    3877    4.257400
    3878    4.257400
    3879    4.262894
    3880    4.262894
    3881    4.272691
    3882    4.272691
    3883    4.288882
    3884    4.288882
    3885    4.310844
    3886    4.310844
    3887    4.336508
    3888    4.336508
    3889    4.364402
    3890    4.364402
    3891    4.394014
    3892    4.394014
    3893    4.424508
    3894    4.424508
    3895    4.455669
    3896    4.455669
    3897    4.488210
    3898    4.488210
    3899    4.522080
    3900    4.522080
    3901    4.556456
    3902    4.556456
    3903    4.591297
    3904    4.591297
    3905    4.627327
    3906    4.627327
    3907    4.664576
    3908    4.664576
    3909    4.702350
    3910    4.702350
    3911    4.740512
    3912    4.740512
    3913    4.779490
    3914    4.779490
    3915    4.819287
    3916    4.819287
    3917    4.859451
    3918    4.859451
    3919    4.899838
    3920    4.899838
    3921    4.940592
    3922    4.940592
    3923    4.981607
    3924    4.981607
    3925    5.022484
    3926    5.022484
    3927    5.062965
    3928    5.062965
    3929    5.103008
    3930    5.103008
    3931    5.142585
    3932    5.142585
    3933    5.181347
    3934    5.181347
    3935    5.218363
    3936    5.218363
    3937    5.252160
    3938    5.252160
    3939    5.282653
    3940    5.282653
    3941    5.310869
    3942    5.310869
    3943    5.334691
    3944    5.334691
    3945    5.348006
    3946    5.348006
    3947    5.345863
    3948    5.345863
    3949    5.323459
    3950    5.323459
    3951    5.271535
    3952    5.271535
    3953    5.173393
    3954    5.173393
    3955    5.005534
    3956    5.005534
    3957    4.750372
    3958    4.750372
    3959    4.490138
    3960    4.490138
