       1   -0.048367
       2   -0.048367
       3   -0.046798
       4   -0.046798
       5   -0.044706
       6   -0.044706
       7   -0.042375
       8   -0.042375
       9   -0.039579
      10   -0.039579
      11   -0.037907
      12   -0.037907
      13   -0.037809
      14   -0.037809
      15   -0.038406
      16   -0.038406
      17   -0.039096
      18   -0.039096
      19   -0.039411
      20   -0.039411
      21   -0.039352
      22   -0.039352
      23   -0.039155
      24   -0.039155
      25   -0.038951
      26   -0.038951
      27   -0.038818
      28   -0.038818
      29   -0.038778
      30   -0.038778
      31   -0.038793
      32   -0.038793
      33   -0.038800
      34   -0.038800
      35   -0.038793
      36   -0.038793
      37   -0.038798
      38   -0.038798
      39   -0.038817
      40   -0.038817
      41   -0.038836
      42   -0.038836
      43   -0.038865
      44   -0.038865
      45   -0.038894
      46   -0.038894
      47   -0.038868
      48   -0.038868
      49   -0.038781
      50   -0.038781
      51   -0.038687
      52   -0.038687
      53   -0.038613
      54   -0.038613
      55   -0.038540
      56   -0.038540
      57   -0.038441
      58   -0.038441
      59   -0.038324
      60   -0.038324
      61   -0.038232
      62   -0.038232
      63   -0.038166
      64   -0.038166
      65   -0.038110
      66   -0.038110
      67   -0.038057
      68   -0.038057
      69   -0.037984
      70   -0.037984
      71   -0.037878
      72   -0.037878
      73   -0.037756
      74   -0.037756
      75   -0.037633
      76   -0.037633
      77   -0.037501
      78   -0.037501
      79   -0.037351
      80   -0.037351
      81   -0.037172
      82   -0.037172
      83   -0.036977
      84   -0.036977
      85   -0.036794
      86   -0.036794
      87   -0.036617
      88   -0.036617
      89   -0.036450
      90   -0.036450
      91   -0.036279
      92   -0.036279
      93   -0.036075
      94   -0.036075
      95   -0.035855
      96   -0.035855
      97   -0.035617
      98   -0.035617
      99   -0.035323
     100   -0.035323
     101   -0.034982
     102   -0.034982
     103   -0.034645
     104   -0.034645
     105   -0.034366
     106   -0.034366
     107   -0.034107
     108   -0.034107
     109   -0.033746
     110   -0.033746
     111   -0.033234
     112   -0.033234
     113   -0.032627
     114   -0.032627
     115   -0.032030
     116   -0.032030
     117   -0.031461
     118   -0.031461
     119   -0.031195
     120   -0.031195
     121   -0.031459
     122   -0.031459
     123   -0.031944
     124   -0.031944
     125   -0.032407
     126   -0.032407
     127   -0.032782
     128   -0.032782
     129   -0.033082
     130   -0.033082
     131   -0.033305
     132   -0.033305
     133   -0.033363
     134   -0.033363
     135   -0.033336
     136   -0.033336
     137   -0.033345
     138   -0.033345
     139   -0.033336
     140   -0.033336
     141   -0.033222
     142   -0.033222
     143   -0.033047
     144   -0.033047
     145   -0.032867
     146   -0.032867
     147   -0.032708
     148   -0.032708
     149   -0.032473
     150   -0.032473
     151   -0.032053
     152   -0.032053
     153   -0.031607
     154   -0.031607
     155   -0.031299
     156   -0.031299
     157   -0.030980
     158   -0.030980
     159   -0.030580
     160   -0.030580
     161   -0.030215
     162   -0.030215
     163   -0.029796
     164   -0.029796
     165   -0.029018
     166   -0.029018
     167   -0.027940
     168   -0.027940
     169   -0.026944
     170   -0.026944
     171   -0.025924
     172   -0.025924
     173   -0.024337
     174   -0.024337
     175   -0.021980
     176   -0.021980
     177   -0.019360
     178   -0.019360
     179   -0.016965
     180   -0.016965
     181   -0.014526
     182   -0.014526
     183   -0.011815
     184   -0.011815
     185   -0.008733
     186   -0.008733
     187   -0.005131
     188   -0.005131
     189   -0.000321
     190   -0.000321
     191    0.005953
     192    0.005953
     193    0.016858
     194    0.016858
     195    0.038260
     196    0.038260
     197    0.061381
     198    0.061381
     199   -0.137697
     200   -0.137697
     201   -0.134038
     202   -0.134038
     203   -0.129226
     204   -0.129226
     205   -0.123823
     206   -0.123823
     207   -0.117372
     208   -0.117372
     209   -0.113665
     210   -0.113665
     211   -0.113627
     212   -0.113627
     213   -0.115032
     214   -0.115032
     215   -0.116466
     216   -0.116466
     217   -0.116925
     218   -0.116925
     219   -0.116486
     220   -0.116486
     221   -0.115766
     222   -0.115766
     223   -0.115084
     224   -0.115084
     225   -0.114642
     226   -0.114642
     227   -0.114490
     228   -0.114490
     229   -0.114506
     230   -0.114506
     231   -0.114517
     232   -0.114517
     233   -0.114489
     234   -0.114489
     235   -0.114487
     236   -0.114487
     237   -0.114522
     238   -0.114522
     239   -0.114563
     240   -0.114563
     241   -0.114620
     242   -0.114620
     243   -0.114676
     244   -0.114676
     245   -0.114611
     246   -0.114611
     247   -0.114400
     248   -0.114400
     249   -0.114157
     250   -0.114157
     251   -0.113949
     252   -0.113949
     253   -0.113737
     254   -0.113737
     255   -0.113458
     256   -0.113458
     257   -0.113149
     258   -0.113149
     259   -0.112907
     260   -0.112907
     261   -0.112725
     262   -0.112725
     263   -0.112556
     264   -0.112556
     265   -0.112385
     266   -0.112385
     267   -0.112174
     268   -0.112174
     269   -0.111887
     270   -0.111887
     271   -0.111558
     272   -0.111558
     273   -0.111225
     274   -0.111225
     275   -0.110868
     276   -0.110868
     277   -0.110433
     278   -0.110433
     279   -0.109904
     280   -0.109904
     281   -0.109361
     282   -0.109361
     283   -0.108858
     284   -0.108858
     285   -0.108340
     286   -0.108340
     287   -0.107828
     288   -0.107828
     289   -0.107335
     290   -0.107335
     291   -0.106783
     292   -0.106783
     293   -0.106154
     294   -0.106154
     295   -0.105432
     296   -0.105432
     297   -0.104592
     298   -0.104592
     299   -0.103711
     300   -0.103711
     301   -0.102874
     302   -0.102874
     303   -0.102112
     304   -0.102112
     305   -0.101319
     306   -0.101319
     307   -0.100292
     308   -0.100292
     309   -0.098950
     310   -0.098950
     311   -0.097418
     312   -0.097418
     313   -0.095861
     314   -0.095861
     315   -0.094247
     316   -0.094247
     317   -0.093371
     318   -0.093371
     319   -0.093977
     320   -0.093977
     321   -0.095323
     322   -0.095323
     323   -0.096646
     324   -0.096646
     325   -0.097687
     326   -0.097687
     327   -0.098485
     328   -0.098485
     329   -0.099099
     330   -0.099099
     331   -0.099437
     332   -0.099437
     333   -0.099527
     334   -0.099527
     335   -0.099517
     336   -0.099517
     337   -0.099514
     338   -0.099514
     339   -0.099393
     340   -0.099393
     341   -0.098989
     342   -0.098989
     343   -0.098404
     344   -0.098404
     345   -0.097930
     346   -0.097930
     347   -0.097363
     348   -0.097363
     349   -0.096239
     350   -0.096239
     351   -0.094922
     352   -0.094922
     353   -0.094054
     354   -0.094054
     355   -0.093317
     356   -0.093317
     357   -0.092227
     358   -0.092227
     359   -0.090960
     360   -0.090960
     361   -0.089635
     362   -0.089635
     363   -0.087714
     364   -0.087714
     365   -0.085017
     366   -0.085017
     367   -0.082194
     368   -0.082194
     369   -0.079283
     370   -0.079283
     371   -0.075151
     372   -0.075151
     373   -0.068893
     374   -0.068893
     375   -0.061606
     376   -0.061606
     377   -0.055097
     378   -0.055097
     379   -0.049085
     380   -0.049085
     381   -0.042695
     382   -0.042695
     383   -0.035449
     384   -0.035449
     385   -0.027213
     386   -0.027213
     387   -0.016680
     388   -0.016680
     389   -0.003013
     390   -0.003013
     391    0.020044
     392    0.020044
     393    0.064257
     394    0.064257
     395    0.112126
     396    0.112126
     397   -0.214490
     398   -0.214490
     399   -0.210189
     400   -0.210189
     401   -0.204867
     402   -0.204867
     403   -0.200015
     404   -0.200015
     405   -0.195003
     406   -0.195003
     407   -0.192573
     408   -0.192573
     409   -0.193243
     410   -0.193243
     411   -0.194576
     412   -0.194576
     413   -0.195205
     414   -0.195205
     415   -0.194650
     416   -0.194650
     417   -0.193255
     418   -0.193255
     419   -0.191732
     420   -0.191732
     421   -0.190439
     422   -0.190439
     423   -0.189636
     424   -0.189636
     425   -0.189356
     426   -0.189356
     427   -0.189339
     428   -0.189339
     429   -0.189330
     430   -0.189330
     431   -0.189272
     432   -0.189272
     433   -0.189231
     434   -0.189231
     435   -0.189235
     436   -0.189235
     437   -0.189248
     438   -0.189248
     439   -0.189271
     440   -0.189271
     441   -0.189290
     442   -0.189290
     443   -0.189194
     444   -0.189194
     445   -0.188939
     446   -0.188939
     447   -0.188629
     448   -0.188629
     449   -0.188341
     450   -0.188341
     451   -0.188006
     452   -0.188006
     453   -0.187574
     454   -0.187574
     455   -0.187147
     456   -0.187147
     457   -0.186823
     458   -0.186823
     459   -0.186537
     460   -0.186537
     461   -0.186218
     462   -0.186218
     463   -0.185910
     464   -0.185910
     465   -0.185595
     466   -0.185595
     467   -0.185178
     468   -0.185178
     469   -0.184669
     470   -0.184669
     471   -0.184182
     472   -0.184182
     473   -0.183684
     474   -0.183684
     475   -0.182974
     476   -0.182974
     477   -0.182068
     478   -0.182068
     479   -0.181253
     480   -0.181253
     481   -0.180556
     482   -0.180556
     483   -0.179720
     484   -0.179720
     485   -0.178773
     486   -0.178773
     487   -0.177945
     488   -0.177945
     489   -0.177158
     490   -0.177158
     491   -0.176164
     492   -0.176164
     493   -0.174927
     494   -0.174927
     495   -0.173660
     496   -0.173660
     497   -0.172521
     498   -0.172521
     499   -0.171389
     500   -0.171389
     501   -0.170145
     502   -0.170145
     503   -0.168821
     504   -0.168821
     505   -0.167346
     506   -0.167346
     507   -0.165561
     508   -0.165561
     509   -0.163552
     510   -0.163552
     511   -0.161424
     512   -0.161424
     513   -0.159087
     514   -0.159087
     515   -0.157490
     516   -0.157490
     517   -0.157830
     518   -0.157830
     519   -0.159647
     520   -0.159647
     521   -0.161701
     522   -0.161701
     523   -0.163156
     524   -0.163156
     525   -0.164084
     526   -0.164084
     527   -0.165038
     528   -0.165038
     529   -0.166011
     530   -0.166011
     531   -0.166378
     532   -0.166378
     533   -0.166148
     534   -0.166148
     535   -0.166217
     536   -0.166217
     537   -0.166555
     538   -0.166555
     539   -0.166082
     540   -0.166082
     541   -0.164848
     542   -0.164848
     543   -0.164058
     544   -0.164058
     545   -0.163530
     546   -0.163530
     547   -0.161874
     548   -0.161874
     549   -0.159471
     550   -0.159471
     551   -0.158054
     552   -0.158054
     553   -0.157326
     554   -0.157326
     555   -0.155510
     556   -0.155510
     557   -0.152663
     558   -0.152663
     559   -0.150229
     560   -0.150229
     561   -0.147924
     562   -0.147924
     563   -0.144277
     564   -0.144277
     565   -0.139537
     566   -0.139537
     567   -0.134934
     568   -0.134934
     569   -0.129332
     570   -0.129332
     571   -0.120122
     572   -0.120122
     573   -0.108576
     574   -0.108576
     575   -0.098988
     576   -0.098988
     577   -0.091764
     578   -0.091764
     579   -0.084523
     580   -0.084523
     581   -0.076338
     582   -0.076338
     583   -0.067460
     584   -0.067460
     585   -0.056209
     586   -0.056209
     587   -0.039101
     588   -0.039101
     589   -0.012386
     590   -0.012386
     591    0.028482
     592    0.028482
     593    0.070335
     594    0.070335
     595   -0.285765
     596   -0.285765
     597   -0.281047
     598   -0.281047
     599   -0.275566
     600   -0.275566
     601   -0.272637
     602   -0.272637
     603   -0.271323
     604   -0.271323
     605   -0.271360
     606   -0.271360
     607   -0.272566
     608   -0.272566
     609   -0.273109
     610   -0.273109
     611   -0.272106
     612   -0.272106
     613   -0.270125
     614   -0.270125
     615   -0.267805
     616   -0.267805
     617   -0.265753
     618   -0.265753
     619   -0.264204
     620   -0.264204
     621   -0.263311
     622   -0.263311
     623   -0.263042
     624   -0.263042
     625   -0.263038
     626   -0.263038
     627   -0.263018
     628   -0.263018
     629   -0.262920
     630   -0.262920
     631   -0.262839
     632   -0.262839
     633   -0.262812
     634   -0.262812
     635   -0.262761
     636   -0.262761
     637   -0.262679
     638   -0.262679
     639   -0.262618
     640   -0.262618
     641   -0.262497
     642   -0.262497
     643   -0.262234
     644   -0.262234
     645   -0.261905
     646   -0.261905
     647   -0.261589
     648   -0.261589
     649   -0.261183
     650   -0.261183
     651   -0.260631
     652   -0.260631
     653   -0.260109
     654   -0.260109
     655   -0.259732
     656   -0.259732
     657   -0.259353
     658   -0.259353
     659   -0.258860
     660   -0.258860
     661   -0.258389
     662   -0.258389
     663   -0.257995
     664   -0.257995
     665   -0.257490
     666   -0.257490
     667   -0.256806
     668   -0.256806
     669   -0.256162
     670   -0.256162
     671   -0.255566
     672   -0.255566
     673   -0.254642
     674   -0.254642
     675   -0.253393
     676   -0.253393
     677   -0.252341
     678   -0.252341
     679   -0.251535
     680   -0.251535
     681   -0.250442
     682   -0.250442
     683   -0.249028
     684   -0.249028
     685   -0.247806
     686   -0.247806
     687   -0.246795
     688   -0.246795
     689   -0.245500
     690   -0.245500
     691   -0.243845
     692   -0.243845
     693   -0.242306
     694   -0.242306
     695   -0.241034
     696   -0.241034
     697   -0.239585
     698   -0.239585
     699   -0.237789
     700   -0.237789
     701   -0.236032
     702   -0.236032
     703   -0.234342
     704   -0.234342
     705   -0.232298
     706   -0.232298
     707   -0.229886
     708   -0.229886
     709   -0.227343
     710   -0.227343
     711   -0.224732
     712   -0.224732
     713   -0.222654
     714   -0.222654
     715   -0.222359
     716   -0.222359
     717   -0.224152
     718   -0.224152
     719   -0.226667
     720   -0.226667
     721   -0.228339
     722   -0.228339
     723   -0.229216
     724   -0.229216
     725   -0.230505
     726   -0.230505
     727   -0.232122
     728   -0.232122
     729   -0.232605
     730   -0.232605
     731   -0.232058
     732   -0.232058
     733   -0.232239
     734   -0.232239
     735   -0.233061
     736   -0.233061
     737   -0.232482
     738   -0.232482
     739   -0.230545
     740   -0.230545
     741   -0.229455
     742   -0.229455
     743   -0.229067
     744   -0.229067
     745   -0.226962
     746   -0.226962
     747   -0.223431
     748   -0.223431
     749   -0.221331
     750   -0.221331
     751   -0.220487
     752   -0.220487
     753   -0.217744
     754   -0.217744
     755   -0.213064
     756   -0.213064
     757   -0.209437
     758   -0.209437
     759   -0.206843
     760   -0.206843
     761   -0.202263
     762   -0.202263
     763   -0.195519
     764   -0.195519
     765   -0.189316
     766   -0.189316
     767   -0.182586
     768   -0.182586
     769   -0.170931
     770   -0.170931
     771   -0.155792
     772   -0.155792
     773   -0.143983
     774   -0.143983
     775   -0.136607
     776   -0.136607
     777   -0.129618
     778   -0.129618
     779   -0.122168
     780   -0.122168
     781   -0.114736
     782   -0.114736
     783   -0.104520
     784   -0.104520
     785   -0.084457
     786   -0.084457
     787   -0.054805
     788   -0.054805
     789   -0.022519
     790   -0.022519
     791    0.006605
     792    0.006605
     793   -0.359478
     794   -0.359478
     795   -0.354128
     796   -0.354128
     797   -0.347554
     798   -0.347554
     799   -0.343647
     800   -0.343647
     801   -0.341550
     802   -0.341550
     803   -0.340657
     804   -0.340657
     805   -0.340777
     806   -0.340777
     807   -0.340262
     808   -0.340262
     809   -0.338444
     810   -0.338444
     811   -0.336174
     812   -0.336174
     813   -0.334137
     814   -0.334137
     815   -0.332843
     816   -0.332843
     817   -0.332281
     818   -0.332281
     819   -0.332084
     820   -0.332084
     821   -0.332070
     822   -0.332070
     823   -0.332123
     824   -0.332123
     825   -0.332121
     826   -0.332121
     827   -0.332037
     828   -0.332037
     829   -0.331950
     830   -0.331950
     831   -0.331888
     832   -0.331888
     833   -0.331772
     834   -0.331772
     835   -0.331593
     836   -0.331593
     837   -0.331437
     838   -0.331437
     839   -0.331270
     840   -0.331270
     841   -0.331006
     842   -0.331006
     843   -0.330686
     844   -0.330686
     845   -0.330347
     846   -0.330347
     847   -0.329884
     848   -0.329884
     849   -0.329267
     850   -0.329267
     851   -0.328676
     852   -0.328676
     853   -0.328204
     854   -0.328204
     855   -0.327702
     856   -0.327702
     857   -0.327079
     858   -0.327079
     859   -0.326476
     860   -0.326476
     861   -0.325961
     862   -0.325961
     863   -0.325342
     864   -0.325342
     865   -0.324528
     866   -0.324528
     867   -0.323731
     868   -0.323731
     869   -0.322986
     870   -0.322986
     871   -0.321942
     872   -0.321942
     873   -0.320572
     874   -0.320572
     875   -0.319352
     876   -0.319352
     877   -0.318350
     878   -0.318350
     879   -0.317055
     880   -0.317055
     881   -0.315380
     882   -0.315380
     883   -0.313843
     884   -0.313843
     885   -0.312532
     886   -0.312532
     887   -0.310984
     888   -0.310984
     889   -0.309134
     890   -0.309134
     891   -0.307434
     892   -0.307434
     893   -0.305928
     894   -0.305928
     895   -0.304093
     896   -0.304093
     897   -0.301874
     898   -0.301874
     899   -0.299780
     900   -0.299780
     901   -0.297779
     902   -0.297779
     903   -0.295318
     904   -0.295318
     905   -0.292357
     906   -0.292357
     907   -0.289362
     908   -0.289362
     909   -0.286616
     910   -0.286616
     911   -0.284485
     912   -0.284485
     913   -0.283973
     914   -0.283973
     915   -0.285562
     916   -0.285562
     917   -0.288067
     918   -0.288067
     919   -0.289951
     920   -0.289951
     921   -0.291165
     922   -0.291165
     923   -0.292699
     924   -0.292699
     925   -0.294326
     926   -0.294326
     927   -0.294703
     928   -0.294703
     929   -0.294147
     930   -0.294147
     931   -0.294305
     932   -0.294305
     933   -0.294910
     934   -0.294910
     935   -0.294119
     936   -0.294119
     937   -0.292079
     938   -0.292079
     939   -0.290737
     940   -0.290737
     941   -0.289936
     942   -0.289936
     943   -0.287548
     944   -0.287548
     945   -0.283757
     946   -0.283757
     947   -0.280982
     948   -0.280982
     949   -0.279153
     950   -0.279153
     951   -0.275551
     952   -0.275551
     953   -0.270099
     954   -0.270099
     955   -0.265522
     956   -0.265522
     957   -0.261836
     958   -0.261836
     959   -0.256142
     960   -0.256142
     961   -0.248164
     962   -0.248164
     963   -0.240502
     964   -0.240502
     965   -0.232256
     966   -0.232256
     967   -0.219338
     968   -0.219338
     969   -0.203084
     970   -0.203084
     971   -0.189937
     972   -0.189937
     973   -0.181094
     974   -0.181094
     975   -0.172773
     976   -0.172773
     977   -0.165612
     978   -0.165612
     979   -0.159373
     980   -0.159373
     981   -0.149114
     982   -0.149114
     983   -0.129236
     984   -0.129236
     985   -0.101595
     986   -0.101595
     987   -0.074397
     988   -0.074397
     989   -0.051169
     990   -0.051169
     991   -0.440206
     992   -0.440206
     993   -0.434854
     994   -0.434854
     995   -0.427610
     996   -0.427610
     997   -0.421088
     998   -0.421088
     999   -0.414953
    1000   -0.414953
    1001   -0.410881
    1002   -0.410881
    1003   -0.409130
    1004   -0.409130
    1005   -0.407644
    1006   -0.407644
    1007   -0.405786
    1008   -0.405786
    1009   -0.404187
    1010   -0.404187
    1011   -0.403315
    1012   -0.403315
    1013   -0.403491
    1014   -0.403491
    1015   -0.404458
    1016   -0.404458
    1017   -0.405264
    1018   -0.405264
    1019   -0.405529
    1020   -0.405529
    1021   -0.405525
    1022   -0.405525
    1023   -0.405476
    1024   -0.405476
    1025   -0.405434
    1026   -0.405434
    1027   -0.405316
    1028   -0.405316
    1029   -0.405118
    1030   -0.405118
    1031   -0.404917
    1032   -0.404917
    1033   -0.404723
    1034   -0.404723
    1035   -0.404486
    1036   -0.404486
    1037   -0.404203
    1038   -0.404203
    1039   -0.403931
    1040   -0.403931
    1041   -0.403656
    1042   -0.403656
    1043   -0.403252
    1044   -0.403252
    1045   -0.402672
    1046   -0.402672
    1047   -0.402032
    1048   -0.402032
    1049   -0.401437
    1050   -0.401437
    1051   -0.400820
    1052   -0.400820
    1053   -0.400101
    1054   -0.400101
    1055   -0.399366
    1056   -0.399366
    1057   -0.398693
    1058   -0.398693
    1059   -0.397998
    1060   -0.397998
    1061   -0.397158
    1062   -0.397158
    1063   -0.396231
    1064   -0.396231
    1065   -0.395339
    1066   -0.395339
    1067   -0.394387
    1068   -0.394387
    1069   -0.393202
    1070   -0.393202
    1071   -0.391865
    1072   -0.391865
    1073   -0.390576
    1074   -0.390576
    1075   -0.389278
    1076   -0.389278
    1077   -0.387737
    1078   -0.387737
    1079   -0.385996
    1080   -0.385996
    1081   -0.384344
    1082   -0.384344
    1083   -0.382744
    1084   -0.382744
    1085   -0.380927
    1086   -0.380927
    1087   -0.378969
    1088   -0.378969
    1089   -0.377130
    1090   -0.377130
    1091   -0.375278
    1092   -0.375278
    1093   -0.373057
    1094   -0.373057
    1095   -0.370559
    1096   -0.370559
    1097   -0.368084
    1098   -0.368084
    1099   -0.365503
    1100   -0.365503
    1101   -0.362448
    1102   -0.362448
    1103   -0.358943
    1104   -0.358943
    1105   -0.355432
    1106   -0.355432
    1107   -0.352257
    1108   -0.352257
    1109   -0.349944
    1110   -0.349944
    1111   -0.349405
    1112   -0.349405
    1113   -0.350768
    1114   -0.350768
    1115   -0.352937
    1116   -0.352937
    1117   -0.354887
    1118   -0.354887
    1119   -0.356483
    1120   -0.356483
    1121   -0.357931
    1122   -0.357931
    1123   -0.359026
    1124   -0.359026
    1125   -0.359298
    1126   -0.359298
    1127   -0.359037
    1128   -0.359037
    1129   -0.358983
    1130   -0.358983
    1131   -0.358872
    1132   -0.358872
    1133   -0.357882
    1134   -0.357882
    1135   -0.356197
    1136   -0.356197
    1137   -0.354648
    1138   -0.354648
    1139   -0.353070
    1140   -0.353070
    1141   -0.350571
    1142   -0.350571
    1143   -0.347246
    1144   -0.347246
    1145   -0.344025
    1146   -0.344025
    1147   -0.340838
    1148   -0.340838
    1149   -0.336577
    1150   -0.336577
    1151   -0.331211
    1152   -0.331211
    1153   -0.325965
    1154   -0.325965
    1155   -0.320750
    1156   -0.320750
    1157   -0.313965
    1158   -0.313965
    1159   -0.305451
    1160   -0.305451
    1161   -0.296570
    1162   -0.296570
    1163   -0.286788
    1164   -0.286788
    1165   -0.273828
    1166   -0.273828
    1167   -0.258522
    1168   -0.258522
    1169   -0.244595
    1170   -0.244595
    1171   -0.232798
    1172   -0.232798
    1173   -0.220996
    1174   -0.220996
    1175   -0.211625
    1176   -0.211625
    1177   -0.203499
    1178   -0.203499
    1179   -0.189867
    1180   -0.189867
    1181   -0.170303
    1182   -0.170303
    1183   -0.146091
    1184   -0.146091
    1185   -0.118900
    1186   -0.118900
    1187   -0.095002
    1188   -0.095002
    1189   -0.530526
    1190   -0.530526
    1191   -0.526315
    1192   -0.526315
    1193   -0.520527
    1194   -0.520527
    1195   -0.514746
    1196   -0.514746
    1197   -0.508891
    1198   -0.508891
    1199   -0.504891
    1200   -0.504891
    1201   -0.502821
    1202   -0.502821
    1203   -0.500758
    1204   -0.500758
    1205   -0.498509
    1206   -0.498509
    1207   -0.497139
    1208   -0.497139
    1209   -0.496943
    1210   -0.496943
    1211   -0.497581
    1212   -0.497581
    1213   -0.498647
    1214   -0.498647
    1215   -0.499447
    1216   -0.499447
    1217   -0.499638
    1218   -0.499638
    1219   -0.499438
    1220   -0.499438
    1221   -0.499186
    1222   -0.499186
    1223   -0.499028
    1224   -0.499028
    1225   -0.498804
    1226   -0.498804
    1227   -0.498427
    1228   -0.498427
    1229   -0.498070
    1230   -0.498070
    1231   -0.497822
    1232   -0.497822
    1233   -0.497538
    1234   -0.497538
    1235   -0.497173
    1236   -0.497173
    1237   -0.496854
    1238   -0.496854
    1239   -0.496536
    1240   -0.496536
    1241   -0.496030
    1242   -0.496030
    1243   -0.495349
    1244   -0.495349
    1245   -0.494680
    1246   -0.494680
    1247   -0.494042
    1248   -0.494042
    1249   -0.493263
    1250   -0.493263
    1251   -0.492320
    1252   -0.492320
    1253   -0.491415
    1254   -0.491415
    1255   -0.490608
    1256   -0.490608
    1257   -0.489708
    1258   -0.489708
    1259   -0.488634
    1260   -0.488634
    1261   -0.487550
    1262   -0.487550
    1263   -0.486523
    1264   -0.486523
    1265   -0.485366
    1266   -0.485366
    1267   -0.483997
    1268   -0.483997
    1269   -0.482572
    1270   -0.482572
    1271   -0.481142
    1272   -0.481142
    1273   -0.479557
    1274   -0.479557
    1275   -0.477779
    1276   -0.477779
    1277   -0.475971
    1278   -0.475971
    1279   -0.474206
    1280   -0.474206
    1281   -0.472342
    1282   -0.472342
    1283   -0.470285
    1284   -0.470285
    1285   -0.468190
    1286   -0.468190
    1287   -0.466133
    1288   -0.466133
    1289   -0.463883
    1290   -0.463883
    1291   -0.461278
    1292   -0.461278
    1293   -0.458455
    1294   -0.458455
    1295   -0.455517
    1296   -0.455517
    1297   -0.452341
    1298   -0.452341
    1299   -0.448742
    1300   -0.448742
    1301   -0.444775
    1302   -0.444775
    1303   -0.440732
    1304   -0.440732
    1305   -0.436912
    1306   -0.436912
    1307   -0.433958
    1308   -0.433958
    1309   -0.432918
    1310   -0.432918
    1311   -0.433902
    1312   -0.433902
    1313   -0.435732
    1314   -0.435732
    1315   -0.437362
    1316   -0.437362
    1317   -0.438587
    1318   -0.438587
    1319   -0.439537
    1320   -0.439537
    1321   -0.440191
    1322   -0.440191
    1323   -0.440394
    1324   -0.440394
    1325   -0.440181
    1326   -0.440181
    1327   -0.439798
    1328   -0.439798
    1329   -0.439175
    1330   -0.439175
    1331   -0.437978
    1332   -0.437978
    1333   -0.436318
    1334   -0.436318
    1335   -0.434521
    1336   -0.434521
    1337   -0.432448
    1338   -0.432448
    1339   -0.429748
    1340   -0.429748
    1341   -0.426433
    1342   -0.426433
    1343   -0.422774
    1344   -0.422774
    1345   -0.418672
    1346   -0.418672
    1347   -0.413747
    1348   -0.413747
    1349   -0.408099
    1350   -0.408099
    1351   -0.402265
    1352   -0.402265
    1353   -0.396004
    1354   -0.396004
    1355   -0.388258
    1356   -0.388258
    1357   -0.378972
    1358   -0.378972
    1359   -0.368992
    1360   -0.368992
    1361   -0.358200
    1362   -0.358200
    1363   -0.345575
    1364   -0.345575
    1365   -0.331345
    1366   -0.331345
    1367   -0.316948
    1368   -0.316948
    1369   -0.303029
    1370   -0.303029
    1371   -0.288075
    1372   -0.288075
    1373   -0.273132
    1374   -0.273132
    1375   -0.258281
    1376   -0.258281
    1377   -0.239163
    1378   -0.239163
    1379   -0.216685
    1380   -0.216685
    1381   -0.190587
    1382   -0.190587
    1383   -0.159217
    1384   -0.159217
    1385   -0.131848
    1386   -0.131848
    1387   -0.635153
    1388   -0.635153
    1389   -0.632162
    1390   -0.632162
    1391   -0.628441
    1392   -0.628441
    1393   -0.625953
    1394   -0.625953
    1395   -0.624468
    1396   -0.624468
    1397   -0.623670
    1398   -0.623670
    1399   -0.622961
    1400   -0.622961
    1401   -0.621224
    1402   -0.621224
    1403   -0.618875
    1404   -0.618875
    1405   -0.617668
    1406   -0.617668
    1407   -0.617775
    1408   -0.617775
    1409   -0.618042
    1410   -0.618042
    1411   -0.618062
    1412   -0.618062
    1413   -0.618036
    1414   -0.618036
    1415   -0.617925
    1416   -0.617925
    1417   -0.617584
    1418   -0.617584
    1419   -0.617138
    1420   -0.617138
    1421   -0.616789
    1422   -0.616789
    1423   -0.616475
    1424   -0.616475
    1425   -0.616002
    1426   -0.616002
    1427   -0.615437
    1428   -0.615437
    1429   -0.614991
    1430   -0.614991
    1431   -0.614627
    1432   -0.614627
    1433   -0.614215
    1434   -0.614215
    1435   -0.613767
    1436   -0.613767
    1437   -0.613257
    1438   -0.613257
    1439   -0.612614
    1440   -0.612614
    1441   -0.611885
    1442   -0.611885
    1443   -0.611148
    1444   -0.611148
    1445   -0.610361
    1446   -0.610361
    1447   -0.609408
    1448   -0.609408
    1449   -0.608297
    1450   -0.608297
    1451   -0.607172
    1452   -0.607172
    1453   -0.606100
    1454   -0.606100
    1455   -0.604978
    1456   -0.604978
    1457   -0.603738
    1458   -0.603738
    1459   -0.602461
    1460   -0.602461
    1461   -0.601189
    1462   -0.601189
    1463   -0.599812
    1464   -0.599812
    1465   -0.598248
    1466   -0.598248
    1467   -0.596585
    1468   -0.596585
    1469   -0.594893
    1470   -0.594893
    1471   -0.593096
    1472   -0.593096
    1473   -0.591193
    1474   -0.591193
    1475   -0.589262
    1476   -0.589262
    1477   -0.587241
    1478   -0.587241
    1479   -0.585068
    1480   -0.585068
    1481   -0.582808
    1482   -0.582808
    1483   -0.580518
    1484   -0.580518
    1485   -0.578108
    1486   -0.578108
    1487   -0.575418
    1488   -0.575418
    1489   -0.572423
    1490   -0.572423
    1491   -0.569219
    1492   -0.569219
    1493   -0.565860
    1494   -0.565860
    1495   -0.562261
    1496   -0.562261
    1497   -0.558281
    1498   -0.558281
    1499   -0.553961
    1500   -0.553961
    1501   -0.549523
    1502   -0.549523
    1503   -0.545240
    1504   -0.545240
    1505   -0.541739
    1506   -0.541739
    1507   -0.540178
    1508   -0.540178
    1509   -0.540854
    1510   -0.540854
    1511   -0.542491
    1512   -0.542491
    1513   -0.543662
    1514   -0.543662
    1515   -0.544169
    1516   -0.544169
    1517   -0.544640
    1518   -0.544640
    1519   -0.545138
    1520   -0.545138
    1521   -0.545123
    1522   -0.545123
    1523   -0.544450
    1524   -0.544450
    1525   -0.543596
    1526   -0.543596
    1527   -0.542667
    1528   -0.542667
    1529   -0.541195
    1530   -0.541195
    1531   -0.539174
    1532   -0.539174
    1533   -0.537039
    1534   -0.537039
    1535   -0.534678
    1536   -0.534678
    1537   -0.531568
    1538   -0.531568
    1539   -0.527663
    1540   -0.527663
    1541   -0.523379
    1542   -0.523379
    1543   -0.518617
    1544   -0.518617
    1545   -0.512887
    1546   -0.512887
    1547   -0.506386
    1548   -0.506386
    1549   -0.499755
    1550   -0.499755
    1551   -0.492687
    1552   -0.492687
    1553   -0.483945
    1554   -0.483945
    1555   -0.473479
    1556   -0.473479
    1557   -0.462286
    1558   -0.462286
    1559   -0.450561
    1560   -0.450561
    1561   -0.437711
    1562   -0.437711
    1563   -0.423451
    1564   -0.423451
    1565   -0.408051
    1566   -0.408051
    1567   -0.392618
    1568   -0.392618
    1569   -0.375251
    1570   -0.375251
    1571   -0.353196
    1572   -0.353196
    1573   -0.329061
    1574   -0.329061
    1575   -0.303529
    1576   -0.303529
    1577   -0.274926
    1578   -0.274926
    1579   -0.241341
    1580   -0.241341
    1581   -0.202490
    1582   -0.202490
    1583   -0.169867
    1584   -0.169867
    1585   -0.761716
    1586   -0.761716
    1587   -0.759049
    1588   -0.759049
    1589   -0.755787
    1590   -0.755787
    1591   -0.754166
    1592   -0.754166
    1593   -0.754075
    1594   -0.754075
    1595   -0.754849
    1596   -0.754849
    1597   -0.755893
    1598   -0.755893
    1599   -0.756380
    1600   -0.756380
    1601   -0.756483
    1602   -0.756483
    1603   -0.757167
    1604   -0.757167
    1605   -0.758257
    1606   -0.758257
    1607   -0.758743
    1608   -0.758743
    1609   -0.758513
    1610   -0.758513
    1611   -0.758246
    1612   -0.758246
    1613   -0.758132
    1614   -0.758132
    1615   -0.757914
    1616   -0.757914
    1617   -0.757553
    1618   -0.757553
    1619   -0.757201
    1620   -0.757201
    1621   -0.756875
    1622   -0.756875
    1623   -0.756385
    1624   -0.756385
    1625   -0.755703
    1626   -0.755703
    1627   -0.755040
    1628   -0.755040
    1629   -0.754460
    1630   -0.754460
    1631   -0.753851
    1632   -0.753851
    1633   -0.753156
    1634   -0.753156
    1635   -0.752387
    1636   -0.752387
    1637   -0.751575
    1638   -0.751575
    1639   -0.750740
    1640   -0.750740
    1641   -0.749859
    1642   -0.749859
    1643   -0.748875
    1644   -0.748875
    1645   -0.747745
    1646   -0.747745
    1647   -0.746477
    1648   -0.746477
    1649   -0.745128
    1650   -0.745128
    1651   -0.743759
    1652   -0.743759
    1653   -0.742374
    1654   -0.742374
    1655   -0.740936
    1656   -0.740936
    1657   -0.739433
    1658   -0.739433
    1659   -0.737880
    1660   -0.737880
    1661   -0.736248
    1662   -0.736248
    1663   -0.734467
    1664   -0.734467
    1665   -0.732571
    1666   -0.732571
    1667   -0.730658
    1668   -0.730658
    1669   -0.728719
    1670   -0.728719
    1671   -0.726711
    1672   -0.726711
    1673   -0.724608
    1674   -0.724608
    1675   -0.722334
    1676   -0.722334
    1677   -0.719889
    1678   -0.719889
    1679   -0.717361
    1680   -0.717361
    1681   -0.714730
    1682   -0.714730
    1683   -0.711876
    1684   -0.711876
    1685   -0.708769
    1686   -0.708769
    1687   -0.705449
    1688   -0.705449
    1689   -0.701938
    1690   -0.701938
    1691   -0.698247
    1692   -0.698247
    1693   -0.694294
    1694   -0.694294
    1695   -0.689984
    1696   -0.689984
    1697   -0.685382
    1698   -0.685382
    1699   -0.680674
    1700   -0.680674
    1701   -0.676109
    1702   -0.676109
    1703   -0.672312
    1704   -0.672312
    1705   -0.670471
    1706   -0.670471
    1707   -0.670908
    1708   -0.670908
    1709   -0.672332
    1710   -0.672332
    1711   -0.673279
    1712   -0.673279
    1713   -0.673581
    1714   -0.673581
    1715   -0.673951
    1716   -0.673951
    1717   -0.674393
    1718   -0.674393
    1719   -0.674210
    1720   -0.674210
    1721   -0.673256
    1722   -0.673256
    1723   -0.672105
    1724   -0.672105
    1725   -0.670906
    1726   -0.670906
    1727   -0.669214
    1728   -0.669214
    1729   -0.666959
    1730   -0.666959
    1731   -0.664521
    1732   -0.664521
    1733   -0.661813
    1734   -0.661813
    1735   -0.658313
    1736   -0.658313
    1737   -0.653953
    1738   -0.653953
    1739   -0.649105
    1740   -0.649105
    1741   -0.643699
    1742   -0.643699
    1743   -0.637231
    1744   -0.637231
    1745   -0.629808
    1746   -0.629808
    1747   -0.622067
    1748   -0.622067
    1749   -0.613776
    1750   -0.613776
    1751   -0.603802
    1752   -0.603802
    1753   -0.592077
    1754   -0.592077
    1755   -0.579532
    1756   -0.579532
    1757   -0.566322
    1758   -0.566322
    1759   -0.551773
    1760   -0.551773
    1761   -0.535432
    1762   -0.535432
    1763   -0.517401
    1764   -0.517401
    1765   -0.498713
    1766   -0.498713
    1767   -0.477435
    1768   -0.477435
    1769   -0.449562
    1770   -0.449562
    1771   -0.417704
    1772   -0.417704
    1773   -0.384336
    1774   -0.384336
    1775   -0.346806
    1776   -0.346806
    1777   -0.302793
    1778   -0.302793
    1779   -0.253684
    1780   -0.253684
    1781   -0.213230
    1782   -0.213230
    1783   -0.917162
    1784   -0.917162
    1785   -0.914563
    1786   -0.914563
    1787   -0.910998
    1788   -0.910998
    1789   -0.908064
    1790   -0.908064
    1791   -0.906137
    1792   -0.906137
    1793   -0.906466
    1794   -0.906466
    1795   -0.909054
    1796   -0.909054
    1797   -0.912720
    1798   -0.912720
    1799   -0.916728
    1800   -0.916728
    1801   -0.920206
    1802   -0.920206
    1803   -0.922635
    1804   -0.922635
    1805   -0.923966
    1806   -0.923966
    1807   -0.924478
    1808   -0.924478
    1809   -0.924757
    1810   -0.924757
    1811   -0.925030
    1812   -0.925030
    1813   -0.925190
    1814   -0.925190
    1815   -0.925174
    1816   -0.925174
    1817   -0.925015
    1818   -0.925015
    1819   -0.924750
    1820   -0.924750
    1821   -0.924322
    1822   -0.924322
    1823   -0.923692
    1824   -0.923692
    1825   -0.922935
    1826   -0.922935
    1827   -0.922122
    1828   -0.922122
    1829   -0.921233
    1830   -0.921233
    1831   -0.920238
    1832   -0.920238
    1833   -0.919196
    1834   -0.919196
    1835   -0.918180
    1836   -0.918180
    1837   -0.917165
    1838   -0.917165
    1839   -0.916079
    1840   -0.916079
    1841   -0.914881
    1842   -0.914881
    1843   -0.913577
    1844   -0.913577
    1845   -0.912155
    1846   -0.912155
    1847   -0.910599
    1848   -0.910599
    1849   -0.908953
    1850   -0.908953
    1851   -0.907275
    1852   -0.907275
    1853   -0.905557
    1854   -0.905557
    1855   -0.903767
    1856   -0.903767
    1857   -0.901920
    1858   -0.901920
    1859   -0.900024
    1860   -0.900024
    1861   -0.898041
    1862   -0.898041
    1863   -0.895962
    1864   -0.895962
    1865   -0.893844
    1866   -0.893844
    1867   -0.891707
    1868   -0.891707
    1869   -0.889487
    1870   -0.889487
    1871   -0.887142
    1872   -0.887142
    1873   -0.884649
    1874   -0.884649
    1875   -0.881956
    1876   -0.881956
    1877   -0.879035
    1878   -0.879035
    1879   -0.875883
    1880   -0.875883
    1881   -0.872513
    1882   -0.872513
    1883   -0.868992
    1884   -0.868992
    1885   -0.865334
    1886   -0.865334
    1887   -0.861486
    1888   -0.861486
    1889   -0.857412
    1890   -0.857412
    1891   -0.853033
    1892   -0.853033
    1893   -0.848291
    1894   -0.848291
    1895   -0.843246
    1896   -0.843246
    1897   -0.838082
    1898   -0.838082
    1899   -0.833047
    1900   -0.833047
    1901   -0.828751
    1902   -0.828751
    1903   -0.826382
    1904   -0.826382
    1905   -0.826281
    1906   -0.826281
    1907   -0.827267
    1908   -0.827267
    1909   -0.828096
    1910   -0.828096
    1911   -0.828549
    1912   -0.828549
    1913   -0.829010
    1914   -0.829010
    1915   -0.829417
    1916   -0.829417
    1917   -0.829307
    1918   -0.829307
    1919   -0.828588
    1920   -0.828588
    1921   -0.827541
    1922   -0.827541
    1923   -0.826208
    1924   -0.826208
    1925   -0.824395
    1926   -0.824395
    1927   -0.822064
    1928   -0.822064
    1929   -0.819356
    1930   -0.819356
    1931   -0.816192
    1932   -0.816192
    1933   -0.812308
    1934   -0.812308
    1935   -0.807669
    1936   -0.807669
    1937   -0.802392
    1938   -0.802392
    1939   -0.796450
    1940   -0.796450
    1941   -0.789463
    1942   -0.789463
    1943   -0.781346
    1944   -0.781346
    1945   -0.772504
    1946   -0.772504
    1947   -0.762758
    1948   -0.762758
    1949   -0.751400
    1950   -0.751400
    1951   -0.738442
    1952   -0.738442
    1953   -0.724478
    1954   -0.724478
    1955   -0.709297
    1956   -0.709297
    1957   -0.691930
    1958   -0.691930
    1959   -0.672058
    1960   -0.672058
    1961   -0.650052
    1962   -0.650052
    1963   -0.626133
    1964   -0.626133
    1965   -0.599098
    1966   -0.599098
    1967   -0.566473
    1968   -0.566473
    1969   -0.528255
    1970   -0.528255
    1971   -0.485224
    1972   -0.485224
    1973   -0.435963
    1974   -0.435963
    1975   -0.379156
    1976   -0.379156
    1977   -0.317318
    1978   -0.317318
    1979   -0.266701
    1980   -0.266701
    1981   -1.110297
    1982   -1.110297
    1983   -1.108652
    1984   -1.108652
    1985   -1.106179
    1986   -1.106179
    1987   -1.103773
    1988   -1.103773
    1989   -1.101979
    1990   -1.101979
    1991   -1.102655
    1992   -1.102655
    1993   -1.105952
    1994   -1.105952
    1995   -1.110528
    1996   -1.110528
    1997   -1.115409
    1998   -1.115409
    1999   -1.119440
    2000   -1.119440
    2001   -1.122240
    2002   -1.122240
    2003   -1.124160
    2004   -1.124160
    2005   -1.125469
    2006   -1.125469
    2007   -1.126413
    2008   -1.126413
    2009   -1.127147
    2010   -1.127147
    2011   -1.127731
    2012   -1.127731
    2013   -1.128118
    2014   -1.128118
    2015   -1.128226
    2016   -1.128226
    2017   -1.128094
    2018   -1.128094
    2019   -1.127791
    2020   -1.127791
    2021   -1.127297
    2022   -1.127297
    2023   -1.126590
    2024   -1.126590
    2025   -1.125720
    2026   -1.125720
    2027   -1.124717
    2028   -1.124717
    2029   -1.123568
    2030   -1.123568
    2031   -1.122337
    2032   -1.122337
    2033   -1.121116
    2034   -1.121116
    2035   -1.119894
    2036   -1.119894
    2037   -1.118591
    2038   -1.118591
    2039   -1.117173
    2040   -1.117173
    2041   -1.115677
    2042   -1.115677
    2043   -1.114085
    2044   -1.114085
    2045   -1.112336
    2046   -1.112336
    2047   -1.110444
    2048   -1.110444
    2049   -1.108476
    2050   -1.108476
    2051   -1.106446
    2052   -1.106446
    2053   -1.104332
    2054   -1.104332
    2055   -1.102154
    2056   -1.102154
    2057   -1.099964
    2058   -1.099964
    2059   -1.097760
    2060   -1.097760
    2061   -1.095458
    2062   -1.095458
    2063   -1.093021
    2064   -1.093021
    2065   -1.090515
    2066   -1.090515
    2067   -1.087965
    2068   -1.087965
    2069   -1.085316
    2070   -1.085316
    2071   -1.082494
    2072   -1.082494
    2073   -1.079401
    2074   -1.079401
    2075   -1.075910
    2076   -1.075910
    2077   -1.072040
    2078   -1.072040
    2079   -1.067978
    2080   -1.067978
    2081   -1.063844
    2082   -1.063844
    2083   -1.059598
    2084   -1.059598
    2085   -1.055155
    2086   -1.055155
    2087   -1.050477
    2088   -1.050477
    2089   -1.045544
    2090   -1.045544
    2091   -1.040309
    2092   -1.040309
    2093   -1.034764
    2094   -1.034764
    2095   -1.029040
    2096   -1.029040
    2097   -1.023457
    2098   -1.023457
    2099   -1.018836
    2100   -1.018836
    2101   -1.016288
    2102   -1.016288
    2103   -1.015879
    2104   -1.015879
    2105   -1.016552
    2106   -1.016552
    2107   -1.017373
    2108   -1.017373
    2109   -1.018021
    2110   -1.018021
    2111   -1.018534
    2112   -1.018534
    2113   -1.018822
    2114   -1.018822
    2115   -1.018632
    2116   -1.018632
    2117   -1.017949
    2118   -1.017949
    2119   -1.016894
    2120   -1.016894
    2121   -1.015403
    2122   -1.015403
    2123   -1.013369
    2124   -1.013369
    2125   -1.010759
    2126   -1.010759
    2127   -1.007595
    2128   -1.007595
    2129   -1.003804
    2130   -1.003804
    2131   -0.999261
    2132   -0.999261
    2133   -0.994001
    2134   -0.994001
    2135   -0.988090
    2136   -0.988090
    2137   -0.981509
    2138   -0.981509
    2139   -0.973941
    2140   -0.973941
    2141   -0.965145
    2142   -0.965145
    2143   -0.955218
    2144   -0.955218
    2145   -0.943977
    2146   -0.943977
    2147   -0.931150
    2148   -0.931150
    2149   -0.916797
    2150   -0.916797
    2151   -0.901103
    2152   -0.901103
    2153   -0.883736
    2154   -0.883736
    2155   -0.863826
    2156   -0.863826
    2157   -0.840881
    2158   -0.840881
    2159   -0.814652
    2160   -0.814652
    2161   -0.784649
    2162   -0.784649
    2163   -0.751214
    2164   -0.751214
    2165   -0.713335
    2166   -0.713335
    2167   -0.668055
    2168   -0.668055
    2169   -0.614139
    2170   -0.614139
    2171   -0.550991
    2172   -0.550991
    2173   -0.478358
    2174   -0.478358
    2175   -0.400408
    2176   -0.400408
    2177   -0.336958
    2178   -0.336958
    2179   -1.361873
    2180   -1.361873
    2181   -1.362982
    2182   -1.362982
    2183   -1.364399
    2184   -1.364399
    2185   -1.366078
    2186   -1.366078
    2187   -1.368186
    2188   -1.368186
    2189   -1.371201
    2190   -1.371201
    2191   -1.374835
    2192   -1.374835
    2193   -1.378076
    2194   -1.378076
    2195   -1.380724
    2196   -1.380724
    2197   -1.383078
    2198   -1.383078
    2199   -1.385258
    2200   -1.385258
    2201   -1.387283
    2202   -1.387283
    2203   -1.389105
    2204   -1.389105
    2205   -1.390554
    2206   -1.390554
    2207   -1.391647
    2208   -1.391647
    2209   -1.392562
    2210   -1.392562
    2211   -1.393289
    2212   -1.393289
    2213   -1.393658
    2214   -1.393658
    2215   -1.393683
    2216   -1.393683
    2217   -1.393503
    2218   -1.393503
    2219   -1.393135
    2220   -1.393135
    2221   -1.392530
    2222   -1.392530
    2223   -1.391716
    2224   -1.391716
    2225   -1.390732
    2226   -1.390732
    2227   -1.389584
    2228   -1.389584
    2229   -1.388293
    2230   -1.388293
    2231   -1.386903
    2232   -1.386903
    2233   -1.385436
    2234   -1.385436
    2235   -1.383872
    2236   -1.383872
    2237   -1.382195
    2238   -1.382195
    2239   -1.380432
    2240   -1.380432
    2241   -1.378580
    2242   -1.378580
    2243   -1.376590
    2244   -1.376590
    2245   -1.374438
    2246   -1.374438
    2247   -1.372147
    2248   -1.372147
    2249   -1.369746
    2250   -1.369746
    2251   -1.367248
    2252   -1.367248
    2253   -1.364674
    2254   -1.364674
    2255   -1.362085
    2256   -1.362085
    2257   -1.359497
    2258   -1.359497
    2259   -1.356800
    2260   -1.356800
    2261   -1.353896
    2262   -1.353896
    2263   -1.350859
    2264   -1.350859
    2265   -1.347833
    2266   -1.347833
    2267   -1.344736
    2268   -1.344736
    2269   -1.341363
    2270   -1.341363
    2271   -1.337628
    2272   -1.337628
    2273   -1.333393
    2274   -1.333393
    2275   -1.328673
    2276   -1.328673
    2277   -1.323744
    2278   -1.323744
    2279   -1.318729
    2280   -1.318729
    2281   -1.313609
    2282   -1.313609
    2283   -1.308316
    2284   -1.308316
    2285   -1.302780
    2286   -1.302780
    2287   -1.297031
    2288   -1.297031
    2289   -1.291126
    2290   -1.291126
    2291   -1.285063
    2292   -1.285063
    2293   -1.278852
    2294   -1.278852
    2295   -1.272883
    2296   -1.272883
    2297   -1.268449
    2298   -1.268449
    2299   -1.266575
    2300   -1.266575
    2301   -1.266624
    2302   -1.266624
    2303   -1.267531
    2304   -1.267531
    2305   -1.268752
    2306   -1.268752
    2307   -1.269854
    2308   -1.269854
    2309   -1.270532
    2310   -1.270532
    2311   -1.270696
    2312   -1.270696
    2313   -1.270238
    2314   -1.270238
    2315   -1.269226
    2316   -1.269226
    2317   -1.267883
    2318   -1.267883
    2319   -1.266154
    2320   -1.266154
    2321   -1.263758
    2322   -1.263758
    2323   -1.260548
    2324   -1.260548
    2325   -1.256631
    2326   -1.256631
    2327   -1.252014
    2328   -1.252014
    2329   -1.246518
    2330   -1.246518
    2331   -1.240172
    2332   -1.240172
    2333   -1.233142
    2334   -1.233142
    2335   -1.225383
    2336   -1.225383
    2337   -1.216667
    2338   -1.216667
    2339   -1.206666
    2340   -1.206666
    2341   -1.195141
    2342   -1.195141
    2343   -1.181948
    2344   -1.181948
    2345   -1.167102
    2346   -1.167102
    2347   -1.150585
    2348   -1.150585
    2349   -1.132293
    2350   -1.132293
    2351   -1.112146
    2352   -1.112146
    2353   -1.089721
    2354   -1.089721
    2355   -1.064042
    2356   -1.064042
    2357   -1.033672
    2358   -1.033672
    2359   -0.997104
    2360   -0.997104
    2361   -0.955511
    2362   -0.955511
    2363   -0.909661
    2364   -0.909661
    2365   -0.855487
    2366   -0.855487
    2367   -0.789597
    2368   -0.789597
    2369   -0.710326
    2370   -0.710326
    2371   -0.617745
    2372   -0.617745
    2373   -0.518133
    2374   -0.518133
    2375   -0.436942
    2376   -0.436942
    2377   -1.710662
    2378   -1.710662
    2379   -1.717002
    2380   -1.717002
    2381   -1.725833
    2382   -1.725833
    2383   -1.735413
    2384   -1.735413
    2385   -1.745239
    2386   -1.745239
    2387   -1.753174
    2388   -1.753174
    2389   -1.758422
    2390   -1.758422
    2391   -1.761243
    2392   -1.761243
    2393   -1.762631
    2394   -1.762631
    2395   -1.764060
    2396   -1.764060
    2397   -1.765970
    2398   -1.765970
    2399   -1.768094
    2400   -1.768094
    2401   -1.770218
    2402   -1.770218
    2403   -1.772038
    2404   -1.772038
    2405   -1.773474
    2406   -1.773474
    2407   -1.774672
    2408   -1.774672
    2409   -1.775637
    2410   -1.775637
    2411   -1.776214
    2412   -1.776214
    2413   -1.776396
    2414   -1.776396
    2415   -1.776310
    2416   -1.776310
    2417   -1.775990
    2418   -1.775990
    2419   -1.775411
    2420   -1.775411
    2421   -1.774582
    2422   -1.774582
    2423   -1.773512
    2424   -1.773512
    2425   -1.772237
    2426   -1.772237
    2427   -1.770805
    2428   -1.770805
    2429   -1.769203
    2430   -1.769203
    2431   -1.767417
    2432   -1.767417
    2433   -1.765478
    2434   -1.765478
    2435   -1.763416
    2436   -1.763416
    2437   -1.761247
    2438   -1.761247
    2439   -1.758966
    2440   -1.758966
    2441   -1.756550
    2442   -1.756550
    2443   -1.753964
    2444   -1.753964
    2445   -1.751186
    2446   -1.751186
    2447   -1.748226
    2448   -1.748226
    2449   -1.745129
    2450   -1.745129
    2451   -1.741953
    2452   -1.741953
    2453   -1.738739
    2454   -1.738739
    2455   -1.735495
    2456   -1.735495
    2457   -1.732146
    2458   -1.732146
    2459   -1.728578
    2460   -1.728578
    2461   -1.724814
    2462   -1.724814
    2463   -1.720989
    2464   -1.720989
    2465   -1.717027
    2466   -1.717027
    2467   -1.712738
    2468   -1.712738
    2469   -1.708098
    2470   -1.708098
    2471   -1.703037
    2472   -1.703037
    2473   -1.697546
    2474   -1.697546
    2475   -1.691780
    2476   -1.691780
    2477   -1.685792
    2478   -1.685792
    2479   -1.679607
    2480   -1.679607
    2481   -1.673209
    2482   -1.673209
    2483   -1.666516
    2484   -1.666516
    2485   -1.659533
    2486   -1.659533
    2487   -1.652378
    2488   -1.652378
    2489   -1.645156
    2490   -1.645156
    2491   -1.637907
    2492   -1.637907
    2493   -1.631040
    2494   -1.631040
    2495   -1.626107
    2496   -1.626107
    2497   -1.624336
    2498   -1.624336
    2499   -1.624756
    2500   -1.624756
    2501   -1.626020
    2502   -1.626020
    2503   -1.627659
    2504   -1.627659
    2505   -1.629158
    2506   -1.629158
    2507   -1.630022
    2508   -1.630022
    2509   -1.630127
    2510   -1.630127
    2511   -1.629461
    2512   -1.629461
    2513   -1.628088
    2514   -1.628088
    2515   -1.626293
    2516   -1.626293
    2517   -1.624097
    2518   -1.624097
    2519   -1.620989
    2520   -1.620989
    2521   -1.616742
    2522   -1.616742
    2523   -1.611652
    2524   -1.611652
    2525   -1.605829
    2526   -1.605829
    2527   -1.599079
    2528   -1.599079
    2529   -1.591326
    2530   -1.591326
    2531   -1.582606
    2532   -1.582606
    2533   -1.572831
    2534   -1.572831
    2535   -1.561923
    2536   -1.561923
    2537   -1.549571
    2538   -1.549571
    2539   -1.535437
    2540   -1.535437
    2541   -1.519467
    2542   -1.519467
    2543   -1.501666
    2544   -1.501666
    2545   -1.481856
    2546   -1.481856
    2547   -1.459779
    2548   -1.459779
    2549   -1.435421
    2550   -1.435421
    2551   -1.408586
    2552   -1.408586
    2553   -1.378126
    2554   -1.378126
    2555   -1.342141
    2556   -1.342141
    2557   -1.298147
    2558   -1.298147
    2559   -1.246101
    2560   -1.246101
    2561   -1.187631
    2562   -1.187631
    2563   -1.120426
    2564   -1.120426
    2565   -1.039570
    2566   -1.039570
    2567   -0.940002
    2568   -0.940002
    2569   -0.821205
    2570   -0.821205
    2571   -0.691737
    2572   -0.691737
    2573   -0.585185
    2574   -0.585185
    2575   -2.213089
    2576   -2.213089
    2577   -2.228132
    2578   -2.228132
    2579   -2.248969
    2580   -2.248969
    2581   -2.269967
    2582   -2.269967
    2583   -2.290056
    2584   -2.290056
    2585   -2.304860
    2586   -2.304860
    2587   -2.313624
    2588   -2.313624
    2589   -2.318620
    2590   -2.318620
    2591   -2.321847
    2592   -2.321847
    2593   -2.324883
    2594   -2.324883
    2595   -2.328111
    2596   -2.328111
    2597   -2.331217
    2598   -2.331217
    2599   -2.334065
    2600   -2.334065
    2601   -2.336553
    2602   -2.336553
    2603   -2.338635
    2604   -2.338635
    2605   -2.340323
    2606   -2.340323
    2607   -2.341600
    2608   -2.341600
    2609   -2.342409
    2610   -2.342409
    2611   -2.342774
    2612   -2.342774
    2613   -2.342778
    2614   -2.342778
    2615   -2.342454
    2616   -2.342454
    2617   -2.341798
    2618   -2.341798
    2619   -2.340816
    2620   -2.340816
    2621   -2.339495
    2622   -2.339495
    2623   -2.337873
    2624   -2.337873
    2625   -2.336049
    2626   -2.336049
    2627   -2.334038
    2628   -2.334038
    2629   -2.331782
    2630   -2.331782
    2631   -2.329285
    2632   -2.329285
    2633   -2.326604
    2634   -2.326604
    2635   -2.323780
    2636   -2.323780
    2637   -2.320804
    2638   -2.320804
    2639   -2.317646
    2640   -2.317646
    2641   -2.314290
    2642   -2.314290
    2643   -2.310719
    2644   -2.310719
    2645   -2.306899
    2646   -2.306899
    2647   -2.302857
    2648   -2.302857
    2649   -2.298696
    2650   -2.298696
    2651   -2.294456
    2652   -2.294456
    2653   -2.290130
    2654   -2.290130
    2655   -2.285693
    2656   -2.285693
    2657   -2.281050
    2658   -2.281050
    2659   -2.276146
    2660   -2.276146
    2661   -2.270988
    2662   -2.270988
    2663   -2.265541
    2664   -2.265541
    2665   -2.259809
    2666   -2.259809
    2667   -2.253849
    2668   -2.253849
    2669   -2.247647
    2670   -2.247647
    2671   -2.241171
    2672   -2.241171
    2673   -2.234404
    2674   -2.234404
    2675   -2.227254
    2676   -2.227254
    2677   -2.219648
    2678   -2.219648
    2679   -2.211636
    2680   -2.211636
    2681   -2.203236
    2682   -2.203236
    2683   -2.194403
    2684   -2.194403
    2685   -2.185160
    2686   -2.185160
    2687   -2.175643
    2688   -2.175643
    2689   -2.166051
    2690   -2.166051
    2691   -2.156851
    2692   -2.156851
    2693   -2.149625
    2694   -2.149625
    2695   -2.146230
    2696   -2.146230
    2697   -2.146061
    2698   -2.146061
    2699   -2.147118
    2700   -2.147118
    2701   -2.148404
    2702   -2.148404
    2703   -2.149384
    2704   -2.149384
    2705   -2.149611
    2706   -2.149611
    2707   -2.148972
    2708   -2.148972
    2709   -2.147697
    2710   -2.147697
    2711   -2.145738
    2712   -2.145738
    2713   -2.142923
    2714   -2.142923
    2715   -2.139307
    2716   -2.139307
    2717   -2.134579
    2718   -2.134579
    2719   -2.128631
    2720   -2.128631
    2721   -2.121723
    2722   -2.121723
    2723   -2.113925
    2724   -2.113925
    2725   -2.105192
    2726   -2.105192
    2727   -2.095296
    2728   -2.095296
    2729   -2.083920
    2730   -2.083920
    2731   -2.070900
    2732   -2.070900
    2733   -2.056248
    2734   -2.056248
    2735   -2.039799
    2736   -2.039799
    2737   -2.021413
    2738   -2.021413
    2739   -2.001122
    2740   -2.001122
    2741   -1.978761
    2742   -1.978761
    2743   -1.953931
    2744   -1.953931
    2745   -1.926134
    2746   -1.926134
    2747   -1.895054
    2748   -1.895054
    2749   -1.860487
    2750   -1.860487
    2751   -1.821475
    2752   -1.821475
    2753   -1.776229
    2754   -1.776229
    2755   -1.722459
    2756   -1.722459
    2757   -1.658823
    2758   -1.658823
    2759   -1.584177
    2760   -1.584177
    2761   -1.497011
    2762   -1.497011
    2763   -1.393854
    2764   -1.393854
    2765   -1.266791
    2766   -1.266791
    2767   -1.113594
    2768   -1.113594
    2769   -0.944618
    2770   -0.944618
    2771   -0.803943
    2772   -0.803943
    2773   -2.956129
    2774   -2.956129
    2775   -2.983950
    2776   -2.983950
    2777   -3.020743
    2778   -3.020743
    2779   -3.052769
    2780   -3.052769
    2781   -3.080251
    2782   -3.080251
    2783   -3.100858
    2784   -3.100858
    2785   -3.114866
    2786   -3.114866
    2787   -3.125453
    2788   -3.125453
    2789   -3.134619
    2790   -3.134619
    2791   -3.142744
    2792   -3.142744
    2793   -3.149798
    2794   -3.149798
    2795   -3.155836
    2796   -3.155836
    2797   -3.160966
    2798   -3.160966
    2799   -3.165242
    2800   -3.165242
    2801   -3.168716
    2802   -3.168716
    2803   -3.171452
    2804   -3.171452
    2805   -3.173467
    2806   -3.173467
    2807   -3.174758
    2808   -3.174758
    2809   -3.175406
    2810   -3.175406
    2811   -3.175574
    2812   -3.175574
    2813   -3.175321
    2814   -3.175321
    2815   -3.174563
    2816   -3.174563
    2817   -3.173295
    2818   -3.173295
    2819   -3.171600
    2820   -3.171600
    2821   -3.169517
    2822   -3.169517
    2823   -3.167078
    2824   -3.167078
    2825   -3.164324
    2826   -3.164324
    2827   -3.161249
    2828   -3.161249
    2829   -3.157838
    2830   -3.157838
    2831   -3.154141
    2832   -3.154141
    2833   -3.150233
    2834   -3.150233
    2835   -3.146126
    2836   -3.146126
    2837   -3.141789
    2838   -3.141789
    2839   -3.137197
    2840   -3.137197
    2841   -3.132350
    2842   -3.132350
    2843   -3.127229
    2844   -3.127229
    2845   -3.121819
    2846   -3.121819
    2847   -3.116159
    2848   -3.116159
    2849   -3.110256
    2850   -3.110256
    2851   -3.104117
    2852   -3.104117
    2853   -3.097782
    2854   -3.097782
    2855   -3.091224
    2856   -3.091224
    2857   -3.084369
    2858   -3.084369
    2859   -3.077134
    2860   -3.077134
    2861   -3.069505
    2862   -3.069505
    2863   -3.061565
    2864   -3.061565
    2865   -3.053403
    2866   -3.053403
    2867   -3.045062
    2868   -3.045062
    2869   -3.036528
    2870   -3.036528
    2871   -3.027749
    2872   -3.027749
    2873   -3.018530
    2874   -3.018530
    2875   -3.008634
    2876   -3.008634
    2877   -2.998093
    2878   -2.998093
    2879   -2.986962
    2880   -2.986962
    2881   -2.975192
    2882   -2.975192
    2883   -2.962778
    2884   -2.962778
    2885   -2.949770
    2886   -2.949770
    2887   -2.936359
    2888   -2.936359
    2889   -2.923306
    2890   -2.923306
    2891   -2.912625
    2892   -2.912625
    2893   -2.906806
    2894   -2.906806
    2895   -2.905485
    2896   -2.905485
    2897   -2.905810
    2898   -2.905810
    2899   -2.906105
    2900   -2.906105
    2901   -2.905841
    2902   -2.905841
    2903   -2.904547
    2904   -2.904547
    2905   -2.902219
    2906   -2.902219
    2907   -2.899528
    2908   -2.899528
    2909   -2.896372
    2910   -2.896372
    2911   -2.891813
    2912   -2.891813
    2913   -2.885707
    2914   -2.885707
    2915   -2.878449
    2916   -2.878449
    2917   -2.870122
    2918   -2.870122
    2919   -2.860438
    2920   -2.860438
    2921   -2.849362
    2922   -2.849362
    2923   -2.837125
    2924   -2.837125
    2925   -2.823397
    2926   -2.823397
    2927   -2.807550
    2928   -2.807550
    2929   -2.789365
    2930   -2.789365
    2931   -2.768995
    2932   -2.768995
    2933   -2.746479
    2934   -2.746479
    2935   -2.721533
    2936   -2.721533
    2937   -2.694055
    2938   -2.694055
    2939   -2.664042
    2940   -2.664042
    2941   -2.630944
    2942   -2.630944
    2943   -2.593759
    2944   -2.593759
    2945   -2.551852
    2946   -2.551852
    2947   -2.505163
    2948   -2.505163
    2949   -2.452868
    2950   -2.452868
    2951   -2.393084
    2952   -2.393084
    2953   -2.323921
    2954   -2.323921
    2955   -2.243875
    2956   -2.243875
    2957   -2.148389
    2958   -2.148389
    2959   -2.033215
    2960   -2.033215
    2961   -1.896150
    2962   -1.896150
    2963   -1.730426
    2964   -1.730426
    2965   -1.532372
    2966   -1.532372
    2967   -1.311724
    2968   -1.311724
    2969   -1.126234
    2970   -1.126234
    2971   -4.120691
    2972   -4.120691
    2973   -4.166189
    2974   -4.166189
    2975   -4.222690
    2976   -4.222690
    2977   -4.265263
    2978   -4.265263
    2979   -4.298409
    2980   -4.298409
    2981   -4.325165
    2982   -4.325165
    2983   -4.347206
    2984   -4.347206
    2985   -4.367493
    2986   -4.367493
    2987   -4.387086
    2988   -4.387086
    2989   -4.404099
    2990   -4.404099
    2991   -4.417883
    2992   -4.417883
    2993   -4.429317
    2994   -4.429317
    2995   -4.438885
    2996   -4.438885
    2997   -4.446607
    2998   -4.446607
    2999   -4.452620
    3000   -4.452620
    3001   -4.457234
    3002   -4.457234
    3003   -4.460625
    3004   -4.460625
    3005   -4.462839
    3006   -4.462839
    3007   -4.464007
    3008   -4.464007
    3009   -4.464410
    3010   -4.464410
    3011   -4.464183
    3012   -4.464183
    3013   -4.463192
    3014   -4.463192
    3015   -4.461422
    3016   -4.461422
    3017   -4.459058
    3018   -4.459058
    3019   -4.456192
    3020   -4.456192
    3021   -4.452767
    3022   -4.452767
    3023   -4.448764
    3024   -4.448764
    3025   -4.444233
    3026   -4.444233
    3027   -4.439214
    3028   -4.439214
    3029   -4.433789
    3030   -4.433789
    3031   -4.428034
    3032   -4.428034
    3033   -4.421982
    3034   -4.421982
    3035   -4.415630
    3036   -4.415630
    3037   -4.408941
    3038   -4.408941
    3039   -4.401922
    3040   -4.401922
    3041   -4.394615
    3042   -4.394615
    3043   -4.386970
    3044   -4.386970
    3045   -4.378857
    3046   -4.378857
    3047   -4.370221
    3048   -4.370221
    3049   -4.361085
    3050   -4.361085
    3051   -4.351525
    3052   -4.351525
    3053   -4.341635
    3054   -4.341635
    3055   -4.331397
    3056   -4.331397
    3057   -4.320699
    3058   -4.320699
    3059   -4.309514
    3060   -4.309514
    3061   -4.297882
    3062   -4.297882
    3063   -4.285890
    3064   -4.285890
    3065   -4.273660
    3066   -4.273660
    3067   -4.261199
    3068   -4.261199
    3069   -4.248440
    3070   -4.248440
    3071   -4.235188
    3072   -4.235188
    3073   -4.221153
    3074   -4.221153
    3075   -4.206252
    3076   -4.206252
    3077   -4.190487
    3078   -4.190487
    3079   -4.173831
    3080   -4.173831
    3081   -4.156342
    3082   -4.156342
    3083   -4.137967
    3084   -4.137967
    3085   -4.118704
    3086   -4.118704
    3087   -4.099762
    3088   -4.099762
    3089   -4.084337
    3090   -4.084337
    3091   -4.075707
    3092   -4.075707
    3093   -4.073111
    3094   -4.073111
    3095   -4.072552
    3096   -4.072552
    3097   -4.071774
    3098   -4.071774
    3099   -4.070240
    3100   -4.070240
    3101   -4.067303
    3102   -4.067303
    3103   -4.062913
    3104   -4.062913
    3105   -4.057706
    3106   -4.057706
    3107   -4.051741
    3108   -4.051741
    3109   -4.044105
    3110   -4.044105
    3111   -4.034315
    3112   -4.034315
    3113   -4.023126
    3114   -4.023126
    3115   -4.010729
    3116   -4.010729
    3117   -3.996299
    3118   -3.996299
    3119   -3.979649
    3120   -3.979649
    3121   -3.961051
    3122   -3.961051
    3123   -3.940270
    3124   -3.940270
    3125   -3.916844
    3126   -3.916844
    3127   -3.890502
    3128   -3.890502
    3129   -3.861307
    3130   -3.861307
    3131   -3.829378
    3132   -3.829378
    3133   -3.794064
    3134   -3.794064
    3135   -3.754880
    3136   -3.754880
    3137   -3.711951
    3138   -3.711951
    3139   -3.664716
    3140   -3.664716
    3141   -3.611864
    3142   -3.611864
    3143   -3.552465
    3144   -3.552465
    3145   -3.486185
    3146   -3.486185
    3147   -3.412131
    3148   -3.412131
    3149   -3.328539
    3150   -3.328539
    3151   -3.233055
    3152   -3.233055
    3153   -3.123204
    3154   -3.123204
    3155   -2.993367
    3156   -2.993367
    3157   -2.836569
    3158   -2.836569
    3159   -2.648078
    3160   -2.648078
    3161   -2.423634
    3162   -2.423634
    3163   -2.159382
    3164   -2.159382
    3165   -1.863466
    3166   -1.863466
    3167   -1.613919
    3168   -1.613919
    3169   -6.131868
    3170   -6.131868
    3171   -6.208214
    3172   -6.208214
    3173   -6.299880
    3174   -6.299880
    3175   -6.365607
    3176   -6.365607
    3177   -6.416128
    3178   -6.416128
    3179   -6.458396
    3180   -6.458396
    3181   -6.495412
    3182   -6.495412
    3183   -6.530856
    3184   -6.530856
    3185   -6.565156
    3186   -6.565156
    3187   -6.594833
    3188   -6.594833
    3189   -6.618815
    3190   -6.618815
    3191   -6.638682
    3192   -6.638682
    3193   -6.655316
    3194   -6.655316
    3195   -6.668681
    3196   -6.668681
    3197   -6.678944
    3198   -6.678944
    3199   -6.686654
    3200   -6.686654
    3201   -6.692256
    3202   -6.692256
    3203   -6.696006
    3204   -6.696006
    3205   -6.698050
    3206   -6.698050
    3207   -6.698612
    3208   -6.698612
    3209   -6.697990
    3210   -6.697990
    3211   -6.696307
    3212   -6.696307
    3213   -6.693544
    3214   -6.693544
    3215   -6.689758
    3216   -6.689758
    3217   -6.685133
    3218   -6.685133
    3219   -6.679785
    3220   -6.679785
    3221   -6.673608
    3222   -6.673608
    3223   -6.666447
    3224   -6.666447
    3225   -6.658406
    3226   -6.658406
    3227   -6.649803
    3228   -6.649803
    3229   -6.640711
    3230   -6.640711
    3231   -6.630986
    3232   -6.630986
    3233   -6.620701
    3234   -6.620701
    3235   -6.610086
    3236   -6.610086
    3237   -6.599141
    3238   -6.599141
    3239   -6.587678
    3240   -6.587678
    3241   -6.575614
    3242   -6.575614
    3243   -6.562932
    3244   -6.562932
    3245   -6.549510
    3246   -6.549510
    3247   -6.535137
    3248   -6.535137
    3249   -6.519886
    3250   -6.519886
    3251   -6.504133
    3252   -6.504133
    3253   -6.487866
    3254   -6.487866
    3255   -6.470664
    3256   -6.470664
    3257   -6.452574
    3258   -6.452574
    3259   -6.434064
    3260   -6.434064
    3261   -6.415296
    3262   -6.415296
    3263   -6.396167
    3264   -6.396167
    3265   -6.376597
    3266   -6.376597
    3267   -6.356564
    3268   -6.356564
    3269   -6.335826
    3270   -6.335826
    3271   -6.313870
    3272   -6.313870
    3273   -6.290567
    3274   -6.290567
    3275   -6.266238
    3276   -6.266238
    3277   -6.240860
    3278   -6.240860
    3279   -6.214056
    3280   -6.214056
    3281   -6.185743
    3282   -6.185743
    3283   -6.156300
    3284   -6.156300
    3285   -6.126975
    3286   -6.126975
    3287   -6.102029
    3288   -6.102029
    3289   -6.087330
    3290   -6.087330
    3291   -6.082483
    3292   -6.082483
    3293   -6.081059
    3294   -6.081059
    3295   -6.078913
    3296   -6.078913
    3297   -6.075341
    3298   -6.075341
    3299   -6.070107
    3300   -6.070107
    3301   -6.062878
    3302   -6.062878
    3303   -6.053256
    3304   -6.053256
    3305   -6.041485
    3306   -6.041485
    3307   -6.027953
    3308   -6.027953
    3309   -6.012055
    3310   -6.012055
    3311   -5.993512
    3312   -5.993512
    3313   -5.972572
    3314   -5.972572
    3315   -5.949360
    3316   -5.949360
    3317   -5.923305
    3318   -5.923305
    3319   -5.893131
    3320   -5.893131
    3321   -5.858879
    3322   -5.858879
    3323   -5.821867
    3324   -5.821867
    3325   -5.781764
    3326   -5.781764
    3327   -5.736847
    3328   -5.736847
    3329   -5.687015
    3330   -5.687015
    3331   -5.632924
    3332   -5.632924
    3333   -5.573667
    3334   -5.573667
    3335   -5.507356
    3336   -5.507356
    3337   -5.433491
    3338   -5.433491
    3339   -5.352638
    3340   -5.352638
    3341   -5.263230
    3342   -5.263230
    3343   -5.161801
    3344   -5.161801
    3345   -5.047189
    3346   -5.047189
    3347   -4.920149
    3348   -4.920149
    3349   -4.777266
    3350   -4.777266
    3351   -4.611292
    3352   -4.611292
    3353   -4.415465
    3354   -4.415465
    3355   -4.183490
    3356   -4.183490
    3357   -3.907062
    3358   -3.907062
    3359   -3.579556
    3360   -3.579556
    3361   -3.195661
    3362   -3.195661
    3363   -2.768985
    3364   -2.768985
    3365   -2.412497
    3366   -2.412497
    3367   -9.923826
    3368   -9.923826
    3369  -10.062696
    3370  -10.062696
    3371  -10.227545
    3372  -10.227545
    3373  -10.345785
    3374  -10.345785
    3375  -10.438745
    3376  -10.438745
    3377  -10.515821
    3378  -10.515821
    3379  -10.582474
    3380  -10.582474
    3381  -10.644920
    3382  -10.644920
    3383  -10.703719
    3384  -10.703719
    3385  -10.754459
    3386  -10.754459
    3387  -10.795826
    3388  -10.795826
    3389  -10.830324
    3390  -10.830324
    3391  -10.859406
    3392  -10.859406
    3393  -10.882826
    3394  -10.882826
    3395  -10.900686
    3396  -10.900686
    3397  -10.913844
    3398  -10.913844
    3399  -10.923254
    3400  -10.923254
    3401  -10.929683
    3402  -10.929683
    3403  -10.933284
    3404  -10.933284
    3405  -10.933955
    3406  -10.933955
    3407  -10.932268
    3408  -10.932268
    3409  -10.929034
    3410  -10.929034
    3411  -10.924225
    3412  -10.924225
    3413  -10.917441
    3414  -10.917441
    3415  -10.909016
    3416  -10.909016
    3417  -10.899740
    3418  -10.899740
    3419  -10.889453
    3420  -10.889453
    3421  -10.877202
    3422  -10.877202
    3423  -10.863125
    3424  -10.863125
    3425  -10.848325
    3426  -10.848325
    3427  -10.832873
    3428  -10.832873
    3429  -10.815904
    3430  -10.815904
    3431  -10.797652
    3432  -10.797652
    3433  -10.779321
    3434  -10.779321
    3435  -10.760889
    3436  -10.760889
    3437  -10.741216
    3438  -10.741216
    3439  -10.720183
    3440  -10.720183
    3441  -10.698567
    3442  -10.698567
    3443  -10.676104
    3444  -10.676104
    3445  -10.651710
    3446  -10.651710
    3447  -10.625510
    3448  -10.625510
    3449  -10.598673
    3450  -10.598673
    3451  -10.570998
    3452  -10.570998
    3453  -10.540977
    3454  -10.540977
    3455  -10.508930
    3456  -10.508930
    3457  -10.476953
    3458  -10.476953
    3459  -10.445456
    3460  -10.445456
    3461  -10.413273
    3462  -10.413273
    3463  -10.380065
    3464  -10.380065
    3465  -10.346233
    3466  -10.346233
    3467  -10.311262
    3468  -10.311262
    3469  -10.273630
    3470  -10.273630
    3471  -10.233296
    3472  -10.233296
    3473  -10.192021
    3474  -10.192021
    3475  -10.149763
    3476  -10.149763
    3477  -10.104427
    3478  -10.104427
    3479  -10.055981
    3480  -10.055981
    3481  -10.006860
    3482  -10.006860
    3483   -9.957904
    3484   -9.957904
    3485   -9.913338
    3486   -9.913338
    3487   -9.884824
    3488   -9.884824
    3489   -9.875226
    3490   -9.875226
    3491   -9.873487
    3492   -9.873487
    3493   -9.869652
    3494   -9.869652
    3495   -9.861765
    3496   -9.861765
    3497   -9.851927
    3498   -9.851927
    3499   -9.839880
    3500   -9.839880
    3501   -9.822605
    3502   -9.822605
    3503   -9.800296
    3504   -9.800296
    3505   -9.776165
    3506   -9.776165
    3507   -9.749667
    3508   -9.749667
    3509   -9.717248
    3510   -9.717248
    3511   -9.679304
    3512   -9.679304
    3513   -9.639665
    3514   -9.639665
    3515   -9.597027
    3516   -9.597027
    3517   -9.545294
    3518   -9.545294
    3519   -9.484784
    3520   -9.484784
    3521   -9.421884
    3522   -9.421884
    3523   -9.356197
    3524   -9.356197
    3525   -9.280499
    3526   -9.280499
    3527   -9.194181
    3528   -9.194181
    3529   -9.103129
    3530   -9.103129
    3531   -9.005984
    3532   -9.005984
    3533   -8.894230
    3534   -8.894230
    3535   -8.767329
    3536   -8.767329
    3537   -8.632408
    3538   -8.632408
    3539   -8.486617
    3540   -8.486617
    3541   -8.317206
    3542   -8.317206
    3543   -8.122354
    3544   -8.122354
    3545   -7.910612
    3546   -7.910612
    3547   -7.676892
    3548   -7.676892
    3549   -7.401893
    3550   -7.401893
    3551   -7.075087
    3552   -7.075087
    3553   -6.694906
    3554   -6.694906
    3555   -6.249487
    3556   -6.249487
    3557   -5.720128
    3558   -5.720128
    3559   -5.096498
    3560   -5.096498
    3561   -4.412726
    3562   -4.412726
    3563   -3.848604
    3564   -3.848604
    3565  -17.154264
    3566  -17.154264
    3567  -17.421601
    3568  -17.421601
    3569  -17.735050
    3570  -17.735050
    3571  -17.951743
    3572  -17.951743
    3573  -18.122060
    3574  -18.122060
    3575  -18.262629
    3576  -18.262629
    3577  -18.384692
    3578  -18.384692
    3579  -18.498359
    3580  -18.498359
    3581  -18.604342
    3582  -18.604342
    3583  -18.695150
    3584  -18.695150
    3585  -18.768798
    3586  -18.768798
    3587  -18.830623
    3588  -18.830623
    3589  -18.883269
    3590  -18.883269
    3591  -18.925562
    3592  -18.925562
    3593  -18.957467
    3594  -18.957467
    3595  -18.980624
    3596  -18.980624
    3597  -18.996964
    3598  -18.996964
    3599  -19.008315
    3600  -19.008315
    3601  -19.014845
    3602  -19.014845
    3603  -19.015744
    3604  -19.015744
    3605  -19.012090
    3606  -19.012090
    3607  -19.005937
    3608  -19.005937
    3609  -18.997151
    3610  -18.997151
    3611  -18.984492
    3612  -18.984492
    3613  -18.968602
    3614  -18.968602
    3615  -18.951780
    3616  -18.951780
    3617  -18.933809
    3618  -18.933809
    3619  -18.911803
    3620  -18.911803
    3621  -18.885957
    3622  -18.885957
    3623  -18.859328
    3624  -18.859328
    3625  -18.831982
    3626  -18.831982
    3627  -18.801225
    3628  -18.801225
    3629  -18.767554
    3630  -18.767554
    3631  -18.734506
    3632  -18.734506
    3633  -18.702023
    3634  -18.702023
    3635  -18.666788
    3636  -18.666788
    3637  -18.628628
    3638  -18.628628
    3639  -18.590119
    3640  -18.590119
    3641  -18.550628
    3642  -18.550628
    3643  -18.507076
    3644  -18.507076
    3645  -18.459846
    3646  -18.459846
    3647  -18.411997
    3648  -18.411997
    3649  -18.362954
    3650  -18.362954
    3651  -18.308594
    3652  -18.308594
    3653  -18.249650
    3654  -18.249650
    3655  -18.192011
    3656  -18.192011
    3657  -18.136611
    3658  -18.136611
    3659  -18.079645
    3660  -18.079645
    3661  -18.020321
    3662  -18.020321
    3663  -17.960333
    3664  -17.960333
    3665  -17.898569
    3666  -17.898569
    3667  -17.830796
    3668  -17.830796
    3669  -17.757167
    3670  -17.757167
    3671  -17.683105
    3672  -17.683105
    3673  -17.608600
    3674  -17.608600
    3675  -17.527554
    3676  -17.527554
    3677  -17.439953
    3678  -17.439953
    3679  -17.352614
    3680  -17.352614
    3681  -17.265936
    3682  -17.265936
    3683  -17.184025
    3684  -17.184025
    3685  -17.129322
    3686  -17.129322
    3687  -17.111279
    3688  -17.111279
    3689  -17.111049
    3690  -17.111049
    3691  -17.106131
    3692  -17.106131
    3693  -17.090035
    3694  -17.090035
    3695  -17.071260
    3696  -17.071260
    3697  -17.051100
    3698  -17.051100
    3699  -17.020228
    3700  -17.020228
    3701  -16.978500
    3702  -16.978500
    3703  -16.935335
    3704  -16.935335
    3705  -16.890056
    3706  -16.890056
    3707  -16.832064
    3708  -16.832064
    3709  -16.762324
    3710  -16.762324
    3711  -16.692507
    3712  -16.692507
    3713  -16.619880
    3714  -16.619880
    3715  -16.527945
    3716  -16.527945
    3717  -16.417369
    3718  -16.417369
    3719  -16.305757
    3720  -16.305757
    3721  -16.192517
    3722  -16.192517
    3723  -16.057881
    3724  -16.057881
    3725  -15.900461
    3726  -15.900461
    3727  -15.738391
    3728  -15.738391
    3729  -15.569773
    3730  -15.569773
    3731  -15.371428
    3732  -15.371428
    3733  -15.142237
    3734  -15.142237
    3735  -14.904288
    3736  -14.904288
    3737  -14.652527
    3738  -14.652527
    3739  -14.353530
    3740  -14.353530
    3741  -14.004155
    3742  -14.004155
    3743  -13.630957
    3744  -13.630957
    3745  -13.225866
    3746  -13.225866
    3747  -12.743706
    3748  -12.743706
    3749  -12.166000
    3750  -12.166000
    3751  -11.501776
    3752  -11.501776
    3753  -10.732576
    3754  -10.732576
    3755   -9.812297
    3756   -9.812297
    3757   -8.715863
    3758   -8.715863
    3759   -7.510307
    3760   -7.510307
    3761   -6.513641
    3762   -6.513641
    3763  -28.035598
    3764  -28.035598
    3765  -28.512295
    3766  -28.512295
    3767  -29.065004
    3768  -29.065004
    3769  -29.423014
    3770  -29.423014
    3771  -29.700453
    3772  -29.700453
    3773  -29.930231
    3774  -29.930231
    3775  -30.132881
    3776  -30.132881
    3777  -30.322748
    3778  -30.322748
    3779  -30.500222
    3780  -30.500222
    3781  -30.651321
    3782  -30.651321
    3783  -30.772622
    3784  -30.772622
    3785  -30.874912
    3786  -30.874912
    3787  -30.962740
    3788  -30.962740
    3789  -31.032977
    3790  -31.032977
    3791  -31.085453
    3792  -31.085453
    3793  -31.123214
    3794  -31.123214
    3795  -31.149640
    3796  -31.149640
    3797  -31.168251
    3798  -31.168251
    3799  -31.179152
    3800  -31.179152
    3801  -31.180345
    3802  -31.180345
    3803  -31.173794
    3804  -31.173794
    3805  -31.163435
    3806  -31.163435
    3807  -31.148765
    3808  -31.148765
    3809  -31.127285
    3810  -31.127285
    3811  -31.100164
    3812  -31.100164
    3813  -31.072200
    3814  -31.072200
    3815  -31.043099
    3816  -31.043099
    3817  -31.006582
    3818  -31.006582
    3819  -30.962977
    3820  -30.962977
    3821  -30.918793
    3822  -30.918793
    3823  -30.874079
    3824  -30.874079
    3825  -30.822887
    3826  -30.822887
    3827  -30.766107
    3828  -30.766107
    3829  -30.711270
    3830  -30.711270
    3831  -30.658236
    3832  -30.658236
    3833  -30.600028
    3834  -30.600028
    3835  -30.536438
    3836  -30.536438
    3837  -30.473025
    3838  -30.473025
    3839  -30.408490
    3840  -30.408490
    3841  -30.336416
    3842  -30.336416
    3843  -30.257689
    3844  -30.257689
    3845  -30.178720
    3846  -30.178720
    3847  -30.098442
    3848  -30.098442
    3849  -30.008118
    3850  -30.008118
    3851  -29.908918
    3852  -29.908918
    3853  -29.813181
    3854  -29.813181
    3855  -29.722622
    3856  -29.722622
    3857  -29.628852
    3858  -29.628852
    3859  -29.530502
    3860  -29.530502
    3861  -29.431767
    3862  -29.431767
    3863  -29.330628
    3864  -29.330628
    3865  -29.217985
    3866  -29.217985
    3867  -29.094206
    3868  -29.094206
    3869  -28.971185
    3870  -28.971185
    3871  -28.849027
    3872  -28.849027
    3873  -28.714792
    3874  -28.714792
    3875  -28.568315
    3876  -28.568315
    3877  -28.423110
    3878  -28.423110
    3879  -28.278537
    3880  -28.278537
    3881  -28.139776
    3882  -28.139776
    3883  -28.047029
    3884  -28.047029
    3885  -28.018384
    3886  -28.018384
    3887  -28.022874
    3888  -28.022874
    3889  -28.018337
    3890  -28.018337
    3891  -27.989891
    3892  -27.989891
    3893  -27.957849
    3894  -27.957849
    3895  -27.926954
    3896  -27.926954
    3897  -27.876425
    3898  -27.876425
    3899  -27.805536
    3900  -27.805536
    3901  -27.734701
    3902  -27.734701
    3903  -27.662799
    3904  -27.662799
    3905  -27.567307
    3906  -27.567307
    3907  -27.450375
    3908  -27.450375
    3909  -27.336719
    3910  -27.336719
    3911  -27.221284
    3912  -27.221284
    3913  -27.070067
    3914  -27.070067
    3915  -26.884287
    3916  -26.884287
    3917  -26.700872
    3918  -26.700872
    3919  -26.518921
    3920  -26.518921
    3921  -26.296941
    3922  -26.296941
    3923  -26.032401
    3924  -26.032401
    3925  -25.764741
    3926  -25.764741
    3927  -25.491529
    3928  -25.491529
    3929  -25.164657
    3930  -25.164657
    3931  -24.781699
    3932  -24.781699
    3933  -24.390901
    3934  -24.390901
    3935  -23.984159
    3936  -23.984159
    3937  -23.492518
    3938  -23.492518
    3939  -22.910976
    3940  -22.910976
    3941  -22.298219
    3942  -22.298219
    3943  -21.641850
    3944  -21.641850
    3945  -20.852663
    3946  -20.852663
    3947  -19.899823
    3948  -19.899823
    3949  -18.811757
    3950  -18.811757
    3951  -17.559837
    3952  -17.559837
    3953  -16.052883
    3954  -16.052883
    3955  -14.232014
    3956  -14.232014
    3957  -12.192728
    3958  -12.192728
    3959  -10.483924
    3960  -10.483924
