       1   -0.005992
       2   -0.005992
       3   -0.005589
       4   -0.005589
       5   -0.005121
       6   -0.005121
       7   -0.004801
       8   -0.004801
       9   -0.004520
      10   -0.004520
      11   -0.004334
      12   -0.004334
      13   -0.004246
      14   -0.004246
      15   -0.004210
      16   -0.004210
      17   -0.004198
      18   -0.004198
      19   -0.004171
      20   -0.004171
      21   -0.004118
      22   -0.004118
      23   -0.004057
      24   -0.004057
      25   -0.003996
      26   -0.003996
      27   -0.003946
      28   -0.003946
      29   -0.003918
      30   -0.003918
      31   -0.003900
      32   -0.003900
      33   -0.003871
      34   -0.003871
      35   -0.003843
      36   -0.003843
      37   -0.003834
      38   -0.003834
      39   -0.003843
      40   -0.003843
      41   -0.003850
      42   -0.003850
      43   -0.003852
      44   -0.003852
      45   -0.003846
      46   -0.003846
      47   -0.003825
      48   -0.003825
      49   -0.003793
      50   -0.003793
      51   -0.003769
      52   -0.003769
      53   -0.003761
      54   -0.003761
      55   -0.003764
      56   -0.003764
      57   -0.003770
      58   -0.003770
      59   -0.003770
      60   -0.003770
      61   -0.003760
      62   -0.003760
      63   -0.003743
      64   -0.003743
      65   -0.003726
      66   -0.003726
      67   -0.003713
      68   -0.003713
      69   -0.003704
      70   -0.003704
      71   -0.003690
      72   -0.003690
      73   -0.003673
      74   -0.003673
      75   -0.003649
      76   -0.003649
      77   -0.003613
      78   -0.003613
      79   -0.003577
      80   -0.003577
      81   -0.003549
      82   -0.003549
      83   -0.003518
      84   -0.003518
      85   -0.003472
      86   -0.003472
      87   -0.003433
      88   -0.003433
      89   -0.003422
      90   -0.003422
      91   -0.003418
      92   -0.003418
      93   -0.003409
      94   -0.003409
      95   -0.003396
      96   -0.003396
      97   -0.003366
      98   -0.003366
      99   -0.003316
     100   -0.003316
     101   -0.003259
     102   -0.003259
     103   -0.003203
     104   -0.003203
     105   -0.003155
     106   -0.003155
     107   -0.003120
     108   -0.003120
     109   -0.003072
     110   -0.003072
     111   -0.002995
     112   -0.002995
     113   -0.002909
     114   -0.002909
     115   -0.002834
     116   -0.002834
     117   -0.002769
     118   -0.002769
     119   -0.002731
     120   -0.002731
     121   -0.002735
     122   -0.002735
     123   -0.002757
     124   -0.002757
     125   -0.002777
     126   -0.002777
     127   -0.002785
     128   -0.002785
     129   -0.002783
     130   -0.002783
     131   -0.002779
     132   -0.002779
     133   -0.002766
     134   -0.002766
     135   -0.002747
     136   -0.002747
     137   -0.002723
     138   -0.002723
     139   -0.002690
     140   -0.002690
     141   -0.002653
     142   -0.002653
     143   -0.002618
     144   -0.002618
     145   -0.002577
     146   -0.002577
     147   -0.002535
     148   -0.002535
     149   -0.002497
     150   -0.002497
     151   -0.002452
     152   -0.002452
     153   -0.002407
     154   -0.002407
     155   -0.002377
     156   -0.002377
     157   -0.002358
     158   -0.002358
     159   -0.002346
     160   -0.002346
     161   -0.002359
     162   -0.002359
     163   -0.002390
     164   -0.002390
     165   -0.002399
     166   -0.002399
     167   -0.002374
     168   -0.002374
     169   -0.002338
     170   -0.002338
     171   -0.002309
     172   -0.002309
     173   -0.002295
     174   -0.002295
     175   -0.002295
     176   -0.002295
     177   -0.002311
     178   -0.002311
     179   -0.002353
     180   -0.002353
     181   -0.002408
     182   -0.002408
     183   -0.002445
     184   -0.002445
     185   -0.002427
     186   -0.002427
     187   -0.002335
     188   -0.002335
     189   -0.002185
     190   -0.002185
     191   -0.001973
     192   -0.001973
     193   -0.001754
     194   -0.001754
     195   -0.001600
     196   -0.001600
     197   -0.001493
     198   -0.001493
     199   -0.017087
     200   -0.017087
     201   -0.016077
     202   -0.016077
     203   -0.014895
     204   -0.014895
     205   -0.014052
     206   -0.014052
     207   -0.013315
     208   -0.013315
     209   -0.012819
     210   -0.012819
     211   -0.012559
     212   -0.012559
     213   -0.012417
     214   -0.012417
     215   -0.012330
     216   -0.012330
     217   -0.012209
     218   -0.012209
     219   -0.012031
     220   -0.012031
     221   -0.011836
     222   -0.011836
     223   -0.011645
     224   -0.011645
     225   -0.011498
     226   -0.011498
     227   -0.011422
     228   -0.011422
     229   -0.011367
     230   -0.011367
     231   -0.011285
     232   -0.011285
     233   -0.011209
     234   -0.011209
     235   -0.011190
     236   -0.011190
     237   -0.011214
     238   -0.011214
     239   -0.011231
     240   -0.011231
     241   -0.011230
     242   -0.011230
     243   -0.011208
     244   -0.011208
     245   -0.011145
     246   -0.011145
     247   -0.011059
     248   -0.011059
     249   -0.010997
     250   -0.010997
     251   -0.010975
     252   -0.010975
     253   -0.010979
     254   -0.010979
     255   -0.010990
     256   -0.010990
     257   -0.010986
     258   -0.010986
     259   -0.010959
     260   -0.010959
     261   -0.010918
     262   -0.010918
     263   -0.010876
     264   -0.010876
     265   -0.010841
     266   -0.010841
     267   -0.010812
     268   -0.010812
     269   -0.010773
     270   -0.010773
     271   -0.010726
     272   -0.010726
     273   -0.010661
     274   -0.010661
     275   -0.010562
     276   -0.010562
     277   -0.010461
     278   -0.010461
     279   -0.010368
     280   -0.010368
     281   -0.010266
     282   -0.010266
     283   -0.010143
     284   -0.010143
     285   -0.010050
     286   -0.010050
     287   -0.010018
     288   -0.010018
     289   -0.009997
     290   -0.009997
     291   -0.009968
     292   -0.009968
     293   -0.009919
     294   -0.009919
     295   -0.009822
     296   -0.009822
     297   -0.009686
     298   -0.009686
     299   -0.009545
     300   -0.009545
     301   -0.009409
     302   -0.009409
     303   -0.009285
     304   -0.009285
     305   -0.009178
     306   -0.009178
     307   -0.009041
     308   -0.009041
     309   -0.008838
     310   -0.008838
     311   -0.008618
     312   -0.008618
     313   -0.008424
     314   -0.008424
     315   -0.008240
     316   -0.008240
     317   -0.008116
     318   -0.008116
     319   -0.008110
     320   -0.008110
     321   -0.008168
     322   -0.008168
     323   -0.008225
     324   -0.008225
     325   -0.008243
     326   -0.008243
     327   -0.008233
     328   -0.008233
     329   -0.008219
     330   -0.008219
     331   -0.008197
     332   -0.008197
     333   -0.008153
     334   -0.008153
     335   -0.008077
     336   -0.008077
     337   -0.007985
     338   -0.007985
     339   -0.007896
     340   -0.007896
     341   -0.007795
     342   -0.007795
     343   -0.007664
     344   -0.007664
     345   -0.007541
     346   -0.007541
     347   -0.007435
     348   -0.007435
     349   -0.007300
     350   -0.007300
     351   -0.007152
     352   -0.007152
     353   -0.007057
     354   -0.007057
     355   -0.007003
     356   -0.007003
     357   -0.006954
     358   -0.006954
     359   -0.006943
     360   -0.006943
     361   -0.006977
     362   -0.006977
     363   -0.006976
     364   -0.006976
     365   -0.006897
     366   -0.006897
     367   -0.006782
     368   -0.006782
     369   -0.006687
     370   -0.006687
     371   -0.006637
     372   -0.006637
     373   -0.006621
     374   -0.006621
     375   -0.006644
     376   -0.006644
     377   -0.006720
     378   -0.006720
     379   -0.006816
     380   -0.006816
     381   -0.006866
     382   -0.006866
     383   -0.006791
     384   -0.006791
     385   -0.006535
     386   -0.006535
     387   -0.006123
     388   -0.006123
     389   -0.005540
     390   -0.005540
     391   -0.004913
     392   -0.004913
     393   -0.004399
     394   -0.004399
     395   -0.003989
     396   -0.003989
     397   -0.026669
     398   -0.026669
     399   -0.025336
     400   -0.025336
     401   -0.023768
     402   -0.023768
     403   -0.022683
     404   -0.022683
     405   -0.021808
     406   -0.021808
     407   -0.021193
     408   -0.021193
     409   -0.020787
     410   -0.020787
     411   -0.020461
     412   -0.020461
     413   -0.020167
     414   -0.020167
     415   -0.019862
     416   -0.019862
     417   -0.019527
     418   -0.019527
     419   -0.019167
     420   -0.019167
     421   -0.018817
     422   -0.018817
     423   -0.018578
     424   -0.018578
     425   -0.018474
     426   -0.018474
     427   -0.018391
     428   -0.018391
     429   -0.018270
     430   -0.018270
     431   -0.018178
     432   -0.018178
     433   -0.018173
     434   -0.018173
     435   -0.018206
     436   -0.018206
     437   -0.018211
     438   -0.018211
     439   -0.018189
     440   -0.018189
     441   -0.018137
     442   -0.018137
     443   -0.018034
     444   -0.018034
     445   -0.017913
     446   -0.017913
     447   -0.017834
     448   -0.017834
     449   -0.017806
     450   -0.017806
     451   -0.017800
     452   -0.017800
     453   -0.017793
     454   -0.017793
     455   -0.017768
     456   -0.017768
     457   -0.017728
     458   -0.017728
     459   -0.017683
     460   -0.017683
     461   -0.017637
     462   -0.017637
     463   -0.017591
     464   -0.017591
     465   -0.017541
     466   -0.017541
     467   -0.017482
     468   -0.017482
     469   -0.017411
     470   -0.017411
     471   -0.017311
     472   -0.017311
     473   -0.017176
     474   -0.017176
     475   -0.017014
     476   -0.017014
     477   -0.016832
     478   -0.016832
     479   -0.016654
     480   -0.016654
     481   -0.016497
     482   -0.016497
     483   -0.016380
     484   -0.016380
     485   -0.016314
     486   -0.016314
     487   -0.016265
     488   -0.016265
     489   -0.016208
     490   -0.016208
     491   -0.016107
     492   -0.016107
     493   -0.015942
     494   -0.015942
     495   -0.015759
     496   -0.015759
     497   -0.015595
     498   -0.015595
     499   -0.015426
     500   -0.015426
     501   -0.015244
     502   -0.015244
     503   -0.015070
     504   -0.015070
     505   -0.014871
     506   -0.014871
     507   -0.014605
     508   -0.014605
     509   -0.014317
     510   -0.014317
     511   -0.014051
     512   -0.014051
     513   -0.013789
     514   -0.013789
     515   -0.013570
     516   -0.013570
     517   -0.013491
     518   -0.013491
     519   -0.013552
     520   -0.013552
     521   -0.013645
     522   -0.013645
     523   -0.013660
     524   -0.013660
     525   -0.013606
     526   -0.013606
     527   -0.013580
     528   -0.013580
     529   -0.013593
     530   -0.013593
     531   -0.013536
     532   -0.013536
     533   -0.013380
     534   -0.013380
     535   -0.013242
     536   -0.013242
     537   -0.013151
     538   -0.013151
     539   -0.012987
     540   -0.012987
     541   -0.012736
     542   -0.012736
     543   -0.012538
     544   -0.012538
     545   -0.012399
     546   -0.012399
     547   -0.012175
     548   -0.012175
     549   -0.011886
     550   -0.011886
     551   -0.011708
     552   -0.011708
     553   -0.011633
     554   -0.011633
     555   -0.011513
     556   -0.011513
     557   -0.011362
     558   -0.011362
     559   -0.011286
     560   -0.011286
     561   -0.011236
     562   -0.011236
     563   -0.011082
     564   -0.011082
     565   -0.010844
     566   -0.010844
     567   -0.010655
     568   -0.010655
     569   -0.010557
     570   -0.010557
     571   -0.010496
     572   -0.010496
     573   -0.010467
     574   -0.010467
     575   -0.010490
     576   -0.010490
     577   -0.010523
     578   -0.010523
     579   -0.010496
     580   -0.010496
     581   -0.010319
     582   -0.010319
     583   -0.009920
     584   -0.009920
     585   -0.009308
     586   -0.009308
     587   -0.008456
     588   -0.008456
     589   -0.007488
     590   -0.007488
     591   -0.006583
     592   -0.006583
     593   -0.005829
     594   -0.005829
     595   -0.035340
     596   -0.035340
     597   -0.033803
     598   -0.033803
     599   -0.031983
     600   -0.031983
     601   -0.030799
     602   -0.030799
     603   -0.029959
     604   -0.029959
     605   -0.029321
     606   -0.029321
     607   -0.028780
     608   -0.028780
     609   -0.028240
     610   -0.028240
     611   -0.027688
     612   -0.027688
     613   -0.027177
     614   -0.027177
     615   -0.026700
     616   -0.026700
     617   -0.026202
     618   -0.026202
     619   -0.025728
     620   -0.025728
     621   -0.025433
     622   -0.025433
     623   -0.025321
     624   -0.025321
     625   -0.025229
     626   -0.025229
     627   -0.025101
     628   -0.025101
     629   -0.025030
     630   -0.025030
     631   -0.025051
     632   -0.025051
     633   -0.025076
     634   -0.025076
     635   -0.025036
     636   -0.025036
     637   -0.024953
     638   -0.024953
     639   -0.024849
     640   -0.024849
     641   -0.024710
     642   -0.024710
     643   -0.024566
     644   -0.024566
     645   -0.024469
     646   -0.024469
     647   -0.024428
     648   -0.024428
     649   -0.024398
     650   -0.024398
     651   -0.024343
     652   -0.024343
     653   -0.024272
     654   -0.024272
     655   -0.024214
     656   -0.024214
     657   -0.024173
     658   -0.024173
     659   -0.024130
     660   -0.024130
     661   -0.024071
     662   -0.024071
     663   -0.023996
     664   -0.023996
     665   -0.023910
     666   -0.023910
     667   -0.023808
     668   -0.023808
     669   -0.023686
     670   -0.023686
     671   -0.023535
     672   -0.023535
     673   -0.023325
     674   -0.023325
     675   -0.023070
     676   -0.023070
     677   -0.022850
     678   -0.022850
     679   -0.022696
     680   -0.022696
     681   -0.022569
     682   -0.022569
     683   -0.022455
     684   -0.022455
     685   -0.022362
     686   -0.022362
     687   -0.022263
     688   -0.022263
     689   -0.022110
     690   -0.022110
     691   -0.021908
     692   -0.021908
     693   -0.021721
     694   -0.021721
     695   -0.021569
     696   -0.021569
     697   -0.021387
     698   -0.021387
     699   -0.021154
     700   -0.021154
     701   -0.020929
     702   -0.020929
     703   -0.020706
     704   -0.020706
     705   -0.020418
     706   -0.020418
     707   -0.020080
     708   -0.020080
     709   -0.019764
     710   -0.019764
     711   -0.019468
     712   -0.019468
     713   -0.019175
     714   -0.019175
     715   -0.018994
     716   -0.018994
     717   -0.019025
     718   -0.019025
     719   -0.019147
     720   -0.019147
     721   -0.019155
     722   -0.019155
     723   -0.019050
     724   -0.019050
     725   -0.019022
     726   -0.019022
     727   -0.019079
     728   -0.019079
     729   -0.019000
     730   -0.019000
     731   -0.018765
     732   -0.018765
     733   -0.018606
     734   -0.018606
     735   -0.018532
     736   -0.018532
     737   -0.018314
     738   -0.018314
     739   -0.017955
     740   -0.017955
     741   -0.017700
     742   -0.017700
     743   -0.017546
     744   -0.017546
     745   -0.017243
     746   -0.017243
     747   -0.016807
     748   -0.016807
     749   -0.016527
     750   -0.016527
     751   -0.016409
     752   -0.016409
     753   -0.016184
     754   -0.016184
     755   -0.015838
     756   -0.015838
     757   -0.015595
     758   -0.015595
     759   -0.015452
     760   -0.015452
     761   -0.015185
     762   -0.015185
     763   -0.014783
     764   -0.014783
     765   -0.014471
     766   -0.014471
     767   -0.014295
     768   -0.014295
     769   -0.014139
     770   -0.014139
     771   -0.013994
     772   -0.013994
     773   -0.013897
     774   -0.013897
     775   -0.013806
     776   -0.013806
     777   -0.013643
     778   -0.013643
     779   -0.013314
     780   -0.013314
     781   -0.012746
     782   -0.012746
     783   -0.011950
     784   -0.011950
     785   -0.010914
     786   -0.010914
     787   -0.009689
     788   -0.009689
     789   -0.008442
     790   -0.008442
     791   -0.007424
     792   -0.007424
     793   -0.043663
     794   -0.043663
     795   -0.042014
     796   -0.042014
     797   -0.039980
     798   -0.039980
     799   -0.038569
     800   -0.038569
     801   -0.037540
     802   -0.037540
     803   -0.036716
     804   -0.036716
     805   -0.035994
     806   -0.035994
     807   -0.035299
     808   -0.035299
     809   -0.034623
     810   -0.034623
     811   -0.034025
     812   -0.034025
     813   -0.033506
     814   -0.033506
     815   -0.033018
     816   -0.033018
     817   -0.032594
     818   -0.032594
     819   -0.032335
     820   -0.032335
     821   -0.032222
     822   -0.032222
     823   -0.032136
     824   -0.032136
     825   -0.032039
     826   -0.032039
     827   -0.031986
     828   -0.031986
     829   -0.031984
     830   -0.031984
     831   -0.031952
     832   -0.031952
     833   -0.031841
     834   -0.031841
     835   -0.031683
     836   -0.031683
     837   -0.031517
     838   -0.031517
     839   -0.031343
     840   -0.031343
     841   -0.031163
     842   -0.031163
     843   -0.031019
     844   -0.031019
     845   -0.030930
     846   -0.030930
     847   -0.030853
     848   -0.030853
     849   -0.030746
     850   -0.030746
     851   -0.030628
     852   -0.030628
     853   -0.030540
     854   -0.030540
     855   -0.030474
     856   -0.030474
     857   -0.030393
     858   -0.030393
     859   -0.030288
     860   -0.030288
     861   -0.030174
     862   -0.030174
     863   -0.030054
     864   -0.030054
     865   -0.029921
     866   -0.029921
     867   -0.029782
     868   -0.029782
     869   -0.029622
     870   -0.029622
     871   -0.029414
     872   -0.029414
     873   -0.029179
     874   -0.029179
     875   -0.028983
     876   -0.028983
     877   -0.028844
     878   -0.028844
     879   -0.028705
     880   -0.028705
     881   -0.028547
     882   -0.028547
     883   -0.028398
     884   -0.028398
     885   -0.028242
     886   -0.028242
     887   -0.028050
     888   -0.028050
     889   -0.027842
     890   -0.027842
     891   -0.027666
     892   -0.027666
     893   -0.027516
     894   -0.027516
     895   -0.027322
     896   -0.027322
     897   -0.027064
     898   -0.027064
     899   -0.026810
     900   -0.026810
     901   -0.026559
     902   -0.026559
     903   -0.026234
     904   -0.026234
     905   -0.025837
     906   -0.025837
     907   -0.025461
     908   -0.025461
     909   -0.025126
     910   -0.025126
     911   -0.024798
     912   -0.024798
     913   -0.024582
     914   -0.024582
     915   -0.024587
     916   -0.024587
     917   -0.024700
     918   -0.024700
     919   -0.024714
     920   -0.024714
     921   -0.024623
     922   -0.024623
     923   -0.024601
     924   -0.024601
     925   -0.024638
     926   -0.024638
     927   -0.024531
     928   -0.024531
     929   -0.024293
     930   -0.024293
     931   -0.024134
     932   -0.024134
     933   -0.024036
     934   -0.024036
     935   -0.023795
     936   -0.023795
     937   -0.023425
     938   -0.023425
     939   -0.023136
     940   -0.023136
     941   -0.022917
     942   -0.022917
     943   -0.022549
     944   -0.022549
     945   -0.022049
     946   -0.022049
     947   -0.021664
     948   -0.021664
     949   -0.021415
     950   -0.021415
     951   -0.021067
     952   -0.021067
     953   -0.020593
     954   -0.020593
     955   -0.020198
     956   -0.020198
     957   -0.019895
     958   -0.019895
     959   -0.019487
     960   -0.019487
     961   -0.018961
     962   -0.018961
     963   -0.018522
     964   -0.018522
     965   -0.018199
     966   -0.018199
     967   -0.017871
     968   -0.017871
     969   -0.017541
     970   -0.017541
     971   -0.017255
     972   -0.017255
     973   -0.016973
     974   -0.016973
     975   -0.016603
     976   -0.016603
     977   -0.016057
     978   -0.016057
     979   -0.015283
     980   -0.015283
     981   -0.014312
     982   -0.014312
     983   -0.013142
     984   -0.013142
     985   -0.011716
     986   -0.011716
     987   -0.010146
     988   -0.010146
     989   -0.008856
     990   -0.008856
     991   -0.052153
     992   -0.052153
     993   -0.050514
     994   -0.050514
     995   -0.048383
     996   -0.048383
     997   -0.046703
     998   -0.046703
     999   -0.045333
    1000   -0.045333
    1001   -0.044227
    1002   -0.044227
    1003   -0.043330
    1004   -0.043330
    1005   -0.042550
    1006   -0.042550
    1007   -0.041866
    1008   -0.041866
    1009   -0.041298
    1010   -0.041298
    1011   -0.040842
    1012   -0.040842
    1013   -0.040484
    1014   -0.040484
    1015   -0.040228
    1016   -0.040228
    1017   -0.040063
    1018   -0.040063
    1019   -0.039953
    1020   -0.039953
    1021   -0.039861
    1022   -0.039861
    1023   -0.039772
    1024   -0.039772
    1025   -0.039688
    1026   -0.039688
    1027   -0.039591
    1028   -0.039591
    1029   -0.039455
    1030   -0.039455
    1031   -0.039279
    1032   -0.039279
    1033   -0.039086
    1034   -0.039086
    1035   -0.038890
    1036   -0.038890
    1037   -0.038683
    1038   -0.038683
    1039   -0.038469
    1040   -0.038469
    1041   -0.038277
    1042   -0.038277
    1043   -0.038115
    1044   -0.038115
    1045   -0.037961
    1046   -0.037961
    1047   -0.037807
    1048   -0.037807
    1049   -0.037665
    1050   -0.037665
    1051   -0.037541
    1052   -0.037541
    1053   -0.037412
    1054   -0.037412
    1055   -0.037256
    1056   -0.037256
    1057   -0.037085
    1058   -0.037085
    1059   -0.036924
    1060   -0.036924
    1061   -0.036774
    1062   -0.036774
    1063   -0.036623
    1064   -0.036623
    1065   -0.036470
    1066   -0.036470
    1067   -0.036307
    1068   -0.036307
    1069   -0.036137
    1070   -0.036137
    1071   -0.035978
    1072   -0.035978
    1073   -0.035837
    1074   -0.035837
    1075   -0.035701
    1076   -0.035701
    1077   -0.035538
    1078   -0.035538
    1079   -0.035343
    1080   -0.035343
    1081   -0.035150
    1082   -0.035150
    1083   -0.034950
    1084   -0.034950
    1085   -0.034730
    1086   -0.034730
    1087   -0.034515
    1088   -0.034515
    1089   -0.034331
    1090   -0.034331
    1091   -0.034156
    1092   -0.034156
    1093   -0.033938
    1094   -0.033938
    1095   -0.033673
    1096   -0.033673
    1097   -0.033387
    1098   -0.033387
    1099   -0.033069
    1100   -0.033069
    1101   -0.032678
    1102   -0.032678
    1103   -0.032221
    1104   -0.032221
    1105   -0.031767
    1106   -0.031767
    1107   -0.031347
    1108   -0.031347
    1109   -0.030984
    1110   -0.030984
    1111   -0.030771
    1112   -0.030771
    1113   -0.030744
    1114   -0.030744
    1115   -0.030791
    1116   -0.030791
    1117   -0.030782
    1118   -0.030782
    1119   -0.030712
    1120   -0.030712
    1121   -0.030654
    1122   -0.030654
    1123   -0.030592
    1124   -0.030592
    1125   -0.030451
    1126   -0.030451
    1127   -0.030252
    1128   -0.030252
    1129   -0.030073
    1130   -0.030073
    1131   -0.029893
    1132   -0.029893
    1133   -0.029632
    1134   -0.029632
    1135   -0.029298
    1136   -0.029298
    1137   -0.028969
    1138   -0.028969
    1139   -0.028633
    1140   -0.028633
    1141   -0.028203
    1142   -0.028203
    1143   -0.027693
    1144   -0.027693
    1145   -0.027211
    1146   -0.027211
    1147   -0.026774
    1148   -0.026774
    1149   -0.026292
    1150   -0.026292
    1151   -0.025745
    1152   -0.025745
    1153   -0.025220
    1154   -0.025220
    1155   -0.024725
    1156   -0.024725
    1157   -0.024175
    1158   -0.024175
    1159   -0.023568
    1160   -0.023568
    1161   -0.023008
    1162   -0.023008
    1163   -0.022501
    1164   -0.022501
    1165   -0.021970
    1166   -0.021970
    1167   -0.021427
    1168   -0.021427
    1169   -0.020923
    1170   -0.020923
    1171   -0.020413
    1172   -0.020413
    1173   -0.019789
    1174   -0.019789
    1175   -0.018994
    1176   -0.018994
    1177   -0.018032
    1178   -0.018032
    1179   -0.016921
    1180   -0.016921
    1181   -0.015594
    1182   -0.015594
    1183   -0.013925
    1184   -0.013925
    1185   -0.011992
    1186   -0.011992
    1187   -0.010368
    1188   -0.010368
    1189   -0.061293
    1190   -0.061293
    1191   -0.059760
    1192   -0.059760
    1193   -0.057738
    1194   -0.057738
    1195   -0.056063
    1196   -0.056063
    1197   -0.054631
    1198   -0.054631
    1199   -0.053474
    1200   -0.053474
    1201   -0.052551
    1202   -0.052551
    1203   -0.051729
    1204   -0.051729
    1205   -0.051001
    1206   -0.051001
    1207   -0.050446
    1208   -0.050446
    1209   -0.050067
    1210   -0.050067
    1211   -0.049807
    1212   -0.049807
    1213   -0.049626
    1214   -0.049626
    1215   -0.049482
    1216   -0.049482
    1217   -0.049345
    1218   -0.049345
    1219   -0.049207
    1220   -0.049207
    1221   -0.049063
    1222   -0.049063
    1223   -0.048903
    1224   -0.048903
    1225   -0.048709
    1226   -0.048709
    1227   -0.048495
    1228   -0.048495
    1229   -0.048287
    1230   -0.048287
    1231   -0.048091
    1232   -0.048091
    1233   -0.047894
    1234   -0.047894
    1235   -0.047683
    1236   -0.047683
    1237   -0.047470
    1238   -0.047470
    1239   -0.047266
    1240   -0.047266
    1241   -0.047052
    1242   -0.047052
    1243   -0.046823
    1244   -0.046823
    1245   -0.046614
    1246   -0.046614
    1247   -0.046442
    1248   -0.046442
    1249   -0.046274
    1250   -0.046274
    1251   -0.046088
    1252   -0.046088
    1253   -0.045885
    1254   -0.045885
    1255   -0.045685
    1256   -0.045685
    1257   -0.045498
    1258   -0.045498
    1259   -0.045324
    1260   -0.045324
    1261   -0.045158
    1262   -0.045158
    1263   -0.044993
    1264   -0.044993
    1265   -0.044827
    1266   -0.044827
    1267   -0.044669
    1268   -0.044669
    1269   -0.044532
    1270   -0.044532
    1271   -0.044400
    1272   -0.044400
    1273   -0.044246
    1274   -0.044246
    1275   -0.044056
    1276   -0.044056
    1277   -0.043842
    1278   -0.043842
    1279   -0.043626
    1280   -0.043626
    1281   -0.043405
    1282   -0.043405
    1283   -0.043168
    1284   -0.043168
    1285   -0.042933
    1286   -0.042933
    1287   -0.042716
    1288   -0.042716
    1289   -0.042491
    1290   -0.042491
    1291   -0.042233
    1292   -0.042233
    1293   -0.041939
    1294   -0.041939
    1295   -0.041598
    1296   -0.041598
    1297   -0.041197
    1298   -0.041197
    1299   -0.040732
    1300   -0.040732
    1301   -0.040214
    1302   -0.040214
    1303   -0.039676
    1304   -0.039676
    1305   -0.039160
    1306   -0.039160
    1307   -0.038729
    1308   -0.038729
    1309   -0.038464
    1310   -0.038464
    1311   -0.038352
    1312   -0.038352
    1313   -0.038284
    1314   -0.038284
    1315   -0.038180
    1316   -0.038180
    1317   -0.038036
    1318   -0.038036
    1319   -0.037862
    1320   -0.037862
    1321   -0.037656
    1322   -0.037656
    1323   -0.037435
    1324   -0.037435
    1325   -0.037205
    1326   -0.037205
    1327   -0.036949
    1328   -0.036949
    1329   -0.036654
    1330   -0.036654
    1331   -0.036313
    1332   -0.036313
    1333   -0.035931
    1334   -0.035931
    1335   -0.035512
    1336   -0.035512
    1337   -0.035048
    1338   -0.035048
    1339   -0.034528
    1340   -0.034528
    1341   -0.033961
    1342   -0.033961
    1343   -0.033372
    1344   -0.033372
    1345   -0.032770
    1346   -0.032770
    1347   -0.032152
    1348   -0.032152
    1349   -0.031512
    1350   -0.031512
    1351   -0.030856
    1352   -0.030856
    1353   -0.030187
    1354   -0.030187
    1355   -0.029504
    1356   -0.029504
    1357   -0.028813
    1358   -0.028813
    1359   -0.028128
    1360   -0.028128
    1361   -0.027447
    1362   -0.027447
    1363   -0.026750
    1364   -0.026750
    1365   -0.026051
    1366   -0.026051
    1367   -0.025385
    1368   -0.025385
    1369   -0.024687
    1370   -0.024687
    1371   -0.023842
    1372   -0.023842
    1373   -0.022832
    1374   -0.022832
    1375   -0.021704
    1376   -0.021704
    1377   -0.020424
    1378   -0.020424
    1379   -0.018836
    1380   -0.018836
    1381   -0.016800
    1382   -0.016800
    1383   -0.014416
    1384   -0.014416
    1385   -0.012395
    1386   -0.012395
    1387   -0.071569
    1388   -0.071569
    1389   -0.070197
    1390   -0.070197
    1391   -0.068424
    1392   -0.068424
    1393   -0.067019
    1394   -0.067019
    1395   -0.065863
    1396   -0.065863
    1397   -0.064941
    1398   -0.064941
    1399   -0.064176
    1400   -0.064176
    1401   -0.063410
    1402   -0.063410
    1403   -0.062656
    1404   -0.062656
    1405   -0.062097
    1406   -0.062097
    1407   -0.061758
    1408   -0.061758
    1409   -0.061504
    1410   -0.061504
    1411   -0.061263
    1412   -0.061263
    1413   -0.061032
    1414   -0.061032
    1415   -0.060812
    1416   -0.060812
    1417   -0.060593
    1418   -0.060593
    1419   -0.060372
    1420   -0.060372
    1421   -0.060140
    1422   -0.060140
    1423   -0.059895
    1424   -0.059895
    1425   -0.059652
    1426   -0.059652
    1427   -0.059425
    1428   -0.059425
    1429   -0.059214
    1430   -0.059214
    1431   -0.059009
    1432   -0.059009
    1433   -0.058803
    1434   -0.058803
    1435   -0.058600
    1436   -0.058600
    1437   -0.058398
    1438   -0.058398
    1439   -0.058173
    1440   -0.058173
    1441   -0.057923
    1442   -0.057923
    1443   -0.057682
    1444   -0.057682
    1445   -0.057474
    1446   -0.057474
    1447   -0.057279
    1448   -0.057279
    1449   -0.057079
    1450   -0.057079
    1451   -0.056881
    1452   -0.056881
    1453   -0.056702
    1454   -0.056702
    1455   -0.056533
    1456   -0.056533
    1457   -0.056354
    1458   -0.056354
    1459   -0.056166
    1460   -0.056166
    1461   -0.055973
    1462   -0.055973
    1463   -0.055778
    1464   -0.055778
    1465   -0.055587
    1466   -0.055587
    1467   -0.055407
    1468   -0.055407
    1469   -0.055228
    1470   -0.055228
    1471   -0.055039
    1472   -0.055039
    1473   -0.054836
    1474   -0.054836
    1475   -0.054619
    1476   -0.054619
    1477   -0.054384
    1478   -0.054384
    1479   -0.054135
    1480   -0.054135
    1481   -0.053874
    1482   -0.053874
    1483   -0.053604
    1484   -0.053604
    1485   -0.053327
    1486   -0.053327
    1487   -0.053033
    1488   -0.053033
    1489   -0.052712
    1490   -0.052712
    1491   -0.052357
    1492   -0.052357
    1493   -0.051947
    1494   -0.051947
    1495   -0.051470
    1496   -0.051470
    1497   -0.050937
    1498   -0.050937
    1499   -0.050362
    1500   -0.050362
    1501   -0.049766
    1502   -0.049766
    1503   -0.049186
    1504   -0.049186
    1505   -0.048687
    1506   -0.048687
    1507   -0.048340
    1508   -0.048340
    1509   -0.048119
    1510   -0.048119
    1511   -0.047918
    1512   -0.047918
    1513   -0.047684
    1514   -0.047684
    1515   -0.047412
    1516   -0.047412
    1517   -0.047090
    1518   -0.047090
    1519   -0.046722
    1520   -0.046722
    1521   -0.046348
    1522   -0.046348
    1523   -0.045972
    1524   -0.045972
    1525   -0.045569
    1526   -0.045569
    1527   -0.045125
    1528   -0.045125
    1529   -0.044629
    1530   -0.044629
    1531   -0.044088
    1532   -0.044088
    1533   -0.043515
    1534   -0.043515
    1535   -0.042903
    1536   -0.042903
    1537   -0.042249
    1538   -0.042249
    1539   -0.041562
    1540   -0.041562
    1541   -0.040844
    1542   -0.040844
    1543   -0.040095
    1544   -0.040095
    1545   -0.039337
    1546   -0.039337
    1547   -0.038573
    1548   -0.038573
    1549   -0.037777
    1550   -0.037777
    1551   -0.036950
    1552   -0.036950
    1553   -0.036133
    1554   -0.036133
    1555   -0.035331
    1556   -0.035331
    1557   -0.034503
    1558   -0.034503
    1559   -0.033649
    1560   -0.033649
    1561   -0.032807
    1562   -0.032807
    1563   -0.031989
    1564   -0.031989
    1565   -0.031181
    1566   -0.031181
    1567   -0.030313
    1568   -0.030313
    1569   -0.029305
    1570   -0.029305
    1571   -0.028129
    1572   -0.028129
    1573   -0.026798
    1574   -0.026798
    1575   -0.025240
    1576   -0.025240
    1577   -0.023253
    1578   -0.023253
    1579   -0.020715
    1580   -0.020715
    1581   -0.017764
    1582   -0.017764
    1583   -0.015251
    1584   -0.015251
    1585   -0.083816
    1586   -0.083816
    1587   -0.082681
    1588   -0.082681
    1589   -0.081217
    1590   -0.081217
    1591   -0.080097
    1592   -0.080097
    1593   -0.079236
    1594   -0.079236
    1595   -0.078591
    1596   -0.078591
    1597   -0.078083
    1598   -0.078083
    1599   -0.077570
    1600   -0.077570
    1601   -0.077031
    1602   -0.077031
    1603   -0.076597
    1604   -0.076597
    1605   -0.076281
    1606   -0.076281
    1607   -0.075974
    1608   -0.075974
    1609   -0.075636
    1610   -0.075636
    1611   -0.075302
    1612   -0.075302
    1613   -0.074987
    1614   -0.074987
    1615   -0.074678
    1616   -0.074678
    1617   -0.074376
    1618   -0.074376
    1619   -0.074085
    1620   -0.074085
    1621   -0.073804
    1622   -0.073804
    1623   -0.073523
    1624   -0.073523
    1625   -0.073246
    1626   -0.073246
    1627   -0.072984
    1628   -0.072984
    1629   -0.072741
    1630   -0.072741
    1631   -0.072515
    1632   -0.072515
    1633   -0.072300
    1634   -0.072300
    1635   -0.072088
    1636   -0.072088
    1637   -0.071873
    1638   -0.071873
    1639   -0.071661
    1640   -0.071661
    1641   -0.071461
    1642   -0.071461
    1643   -0.071278
    1644   -0.071278
    1645   -0.071107
    1646   -0.071107
    1647   -0.070941
    1648   -0.070941
    1649   -0.070784
    1650   -0.070784
    1651   -0.070645
    1652   -0.070645
    1653   -0.070506
    1654   -0.070506
    1655   -0.070337
    1656   -0.070337
    1657   -0.070131
    1658   -0.070131
    1659   -0.069899
    1660   -0.069899
    1661   -0.069657
    1662   -0.069657
    1663   -0.069418
    1664   -0.069418
    1665   -0.069182
    1666   -0.069182
    1667   -0.068950
    1668   -0.068950
    1669   -0.068725
    1670   -0.068725
    1671   -0.068503
    1672   -0.068503
    1673   -0.068266
    1674   -0.068266
    1675   -0.067997
    1676   -0.067997
    1677   -0.067704
    1678   -0.067704
    1679   -0.067393
    1680   -0.067393
    1681   -0.067056
    1682   -0.067056
    1683   -0.066696
    1684   -0.066696
    1685   -0.066314
    1686   -0.066314
    1687   -0.065907
    1688   -0.065907
    1689   -0.065464
    1690   -0.065464
    1691   -0.064974
    1692   -0.064974
    1693   -0.064430
    1694   -0.064430
    1695   -0.063848
    1696   -0.063848
    1697   -0.063245
    1698   -0.063245
    1699   -0.062620
    1700   -0.062620
    1701   -0.061992
    1702   -0.061992
    1703   -0.061426
    1704   -0.061426
    1705   -0.060997
    1706   -0.060997
    1707   -0.060678
    1708   -0.060678
    1709   -0.060361
    1710   -0.060361
    1711   -0.060014
    1712   -0.060014
    1713   -0.059635
    1714   -0.059635
    1715   -0.059189
    1716   -0.059189
    1717   -0.058672
    1718   -0.058672
    1719   -0.058116
    1720   -0.058116
    1721   -0.057535
    1722   -0.057535
    1723   -0.056934
    1724   -0.056934
    1725   -0.056301
    1726   -0.056301
    1727   -0.055607
    1728   -0.055607
    1729   -0.054856
    1730   -0.054856
    1731   -0.054081
    1732   -0.054081
    1733   -0.053287
    1734   -0.053287
    1735   -0.052466
    1736   -0.052466
    1737   -0.051617
    1738   -0.051617
    1739   -0.050729
    1740   -0.050729
    1741   -0.049800
    1742   -0.049800
    1743   -0.048854
    1744   -0.048854
    1745   -0.047898
    1746   -0.047898
    1747   -0.046911
    1748   -0.046911
    1749   -0.045895
    1750   -0.045895
    1751   -0.044880
    1752   -0.044880
    1753   -0.043876
    1754   -0.043876
    1755   -0.042846
    1756   -0.042846
    1757   -0.041791
    1758   -0.041791
    1759   -0.040765
    1760   -0.040765
    1761   -0.039761
    1762   -0.039761
    1763   -0.038735
    1764   -0.038735
    1765   -0.037643
    1766   -0.037643
    1767   -0.036454
    1768   -0.036454
    1769   -0.035107
    1770   -0.035107
    1771   -0.033533
    1772   -0.033533
    1773   -0.031616
    1774   -0.031616
    1775   -0.029152
    1776   -0.029152
    1777   -0.026029
    1778   -0.026029
    1779   -0.022396
    1780   -0.022396
    1781   -0.019274
    1782   -0.019274
    1783   -0.099316
    1784   -0.099316
    1785   -0.098501
    1786   -0.098501
    1787   -0.097406
    1788   -0.097406
    1789   -0.096501
    1790   -0.096501
    1791   -0.095784
    1792   -0.095784
    1793   -0.095270
    1794   -0.095270
    1795   -0.094944
    1796   -0.094944
    1797   -0.094720
    1798   -0.094720
    1799   -0.094523
    1800   -0.094523
    1801   -0.094291
    1802   -0.094291
    1803   -0.093999
    1804   -0.093999
    1805   -0.093638
    1806   -0.093638
    1807   -0.093233
    1808   -0.093233
    1809   -0.092837
    1810   -0.092837
    1811   -0.092463
    1812   -0.092463
    1813   -0.092085
    1814   -0.092085
    1815   -0.091704
    1816   -0.091704
    1817   -0.091348
    1818   -0.091348
    1819   -0.091018
    1820   -0.091018
    1821   -0.090685
    1822   -0.090685
    1823   -0.090344
    1824   -0.090344
    1825   -0.090021
    1826   -0.090021
    1827   -0.089732
    1828   -0.089732
    1829   -0.089478
    1830   -0.089478
    1831   -0.089246
    1832   -0.089246
    1833   -0.089023
    1834   -0.089023
    1835   -0.088822
    1836   -0.088822
    1837   -0.088663
    1838   -0.088663
    1839   -0.088532
    1840   -0.088532
    1841   -0.088402
    1842   -0.088402
    1843   -0.088270
    1844   -0.088270
    1845   -0.088143
    1846   -0.088143
    1847   -0.088022
    1848   -0.088022
    1849   -0.087897
    1850   -0.087897
    1851   -0.087753
    1852   -0.087753
    1853   -0.087575
    1854   -0.087575
    1855   -0.087355
    1856   -0.087355
    1857   -0.087107
    1858   -0.087107
    1859   -0.086847
    1860   -0.086847
    1861   -0.086582
    1862   -0.086582
    1863   -0.086310
    1864   -0.086310
    1865   -0.086040
    1866   -0.086040
    1867   -0.085780
    1868   -0.085780
    1869   -0.085516
    1870   -0.085516
    1871   -0.085232
    1872   -0.085232
    1873   -0.084923
    1874   -0.084923
    1875   -0.084587
    1876   -0.084587
    1877   -0.084215
    1878   -0.084215
    1879   -0.083802
    1880   -0.083802
    1881   -0.083361
    1882   -0.083361
    1883   -0.082900
    1884   -0.082900
    1885   -0.082405
    1886   -0.082405
    1887   -0.081868
    1888   -0.081868
    1889   -0.081297
    1890   -0.081297
    1891   -0.080704
    1892   -0.080704
    1893   -0.080103
    1894   -0.080103
    1895   -0.079494
    1896   -0.079494
    1897   -0.078849
    1898   -0.078849
    1899   -0.078177
    1900   -0.078177
    1901   -0.077542
    1902   -0.077542
    1903   -0.077028
    1904   -0.077028
    1905   -0.076620
    1906   -0.076620
    1907   -0.076219
    1908   -0.076219
    1909   -0.075792
    1910   -0.075792
    1911   -0.075324
    1912   -0.075324
    1913   -0.074778
    1914   -0.074778
    1915   -0.074140
    1916   -0.074140
    1917   -0.073425
    1918   -0.073425
    1919   -0.072649
    1920   -0.072649
    1921   -0.071841
    1922   -0.071841
    1923   -0.070998
    1924   -0.070998
    1925   -0.070098
    1926   -0.070098
    1927   -0.069141
    1928   -0.069141
    1929   -0.068149
    1930   -0.068149
    1931   -0.067139
    1932   -0.067139
    1933   -0.066106
    1934   -0.066106
    1935   -0.065037
    1936   -0.065037
    1937   -0.063919
    1938   -0.063919
    1939   -0.062755
    1940   -0.062755
    1941   -0.061552
    1942   -0.061552
    1943   -0.060314
    1944   -0.060314
    1945   -0.059051
    1946   -0.059051
    1947   -0.057763
    1948   -0.057763
    1949   -0.056458
    1950   -0.056458
    1951   -0.055148
    1952   -0.055148
    1953   -0.053834
    1954   -0.053834
    1955   -0.052519
    1956   -0.052519
    1957   -0.051224
    1958   -0.051224
    1959   -0.049930
    1960   -0.049930
    1961   -0.048600
    1962   -0.048600
    1963   -0.047222
    1964   -0.047222
    1965   -0.045794
    1966   -0.045794
    1967   -0.044239
    1968   -0.044239
    1969   -0.042425
    1970   -0.042425
    1971   -0.040182
    1972   -0.040182
    1973   -0.037276
    1974   -0.037276
    1975   -0.033551
    1976   -0.033551
    1977   -0.029115
    1978   -0.029115
    1979   -0.025218
    1980   -0.025218
    1981   -0.119881
    1982   -0.119881
    1983   -0.119355
    1984   -0.119355
    1985   -0.118589
    1986   -0.118589
    1987   -0.117829
    1988   -0.117829
    1989   -0.117099
    1990   -0.117099
    1991   -0.116490
    1992   -0.116490
    1993   -0.116065
    1994   -0.116065
    1995   -0.115827
    1996   -0.115827
    1997   -0.115698
    1998   -0.115698
    1999   -0.115502
    2000   -0.115502
    2001   -0.115183
    2002   -0.115183
    2003   -0.114793
    2004   -0.114793
    2005   -0.114378
    2006   -0.114378
    2007   -0.113968
    2008   -0.113968
    2009   -0.113571
    2010   -0.113571
    2011   -0.113174
    2012   -0.113174
    2013   -0.112776
    2014   -0.112776
    2015   -0.112388
    2016   -0.112388
    2017   -0.112017
    2018   -0.112017
    2019   -0.111657
    2020   -0.111657
    2021   -0.111304
    2022   -0.111304
    2023   -0.110972
    2024   -0.110972
    2025   -0.110673
    2026   -0.110673
    2027   -0.110408
    2028   -0.110408
    2029   -0.110164
    2030   -0.110164
    2031   -0.109932
    2032   -0.109932
    2033   -0.109727
    2034   -0.109727
    2035   -0.109565
    2036   -0.109565
    2037   -0.109425
    2038   -0.109425
    2039   -0.109277
    2040   -0.109277
    2041   -0.109122
    2042   -0.109122
    2043   -0.108968
    2044   -0.108968
    2045   -0.108811
    2046   -0.108811
    2047   -0.108642
    2048   -0.108642
    2049   -0.108457
    2050   -0.108457
    2051   -0.108249
    2052   -0.108249
    2053   -0.108020
    2054   -0.108020
    2055   -0.107778
    2056   -0.107778
    2057   -0.107535
    2058   -0.107535
    2059   -0.107281
    2060   -0.107281
    2061   -0.107010
    2062   -0.107010
    2063   -0.106729
    2064   -0.106729
    2065   -0.106441
    2066   -0.106441
    2067   -0.106139
    2068   -0.106139
    2069   -0.105815
    2070   -0.105815
    2071   -0.105472
    2072   -0.105472
    2073   -0.105102
    2074   -0.105102
    2075   -0.104694
    2076   -0.104694
    2077   -0.104244
    2078   -0.104244
    2079   -0.103763
    2080   -0.103763
    2081   -0.103255
    2082   -0.103255
    2083   -0.102710
    2084   -0.102710
    2085   -0.102125
    2086   -0.102125
    2087   -0.101521
    2088   -0.101521
    2089   -0.100911
    2090   -0.100911
    2091   -0.100295
    2092   -0.100295
    2093   -0.099659
    2094   -0.099659
    2095   -0.098976
    2096   -0.098976
    2097   -0.098258
    2098   -0.098258
    2099   -0.097570
    2100   -0.097570
    2101   -0.096994
    2102   -0.096994
    2103   -0.096515
    2104   -0.096515
    2105   -0.096044
    2106   -0.096044
    2107   -0.095535
    2108   -0.095535
    2109   -0.094955
    2110   -0.094955
    2111   -0.094280
    2112   -0.094280
    2113   -0.093507
    2114   -0.093507
    2115   -0.092635
    2116   -0.092635
    2117   -0.091671
    2118   -0.091671
    2119   -0.090636
    2120   -0.090636
    2121   -0.089547
    2122   -0.089547
    2123   -0.088414
    2124   -0.088414
    2125   -0.087233
    2126   -0.087233
    2127   -0.085996
    2128   -0.085996
    2129   -0.084715
    2130   -0.084715
    2131   -0.083400
    2132   -0.083400
    2133   -0.082040
    2134   -0.082040
    2135   -0.080626
    2136   -0.080626
    2137   -0.079162
    2138   -0.079162
    2139   -0.077647
    2140   -0.077647
    2141   -0.076085
    2142   -0.076085
    2143   -0.074481
    2144   -0.074481
    2145   -0.072838
    2146   -0.072838
    2147   -0.071181
    2148   -0.071181
    2149   -0.069529
    2150   -0.069529
    2151   -0.067872
    2152   -0.067872
    2153   -0.066217
    2154   -0.066217
    2155   -0.064567
    2156   -0.064567
    2157   -0.062904
    2158   -0.062904
    2159   -0.061215
    2160   -0.061215
    2161   -0.059527
    2162   -0.059527
    2163   -0.057837
    2164   -0.057837
    2165   -0.056044
    2166   -0.056044
    2167   -0.054021
    2168   -0.054021
    2169   -0.051580
    2170   -0.051580
    2171   -0.048409
    2172   -0.048409
    2173   -0.044184
    2174   -0.044184
    2175   -0.038875
    2176   -0.038875
    2177   -0.034046
    2178   -0.034046
    2179   -0.148137
    2180   -0.148137
    2181   -0.147859
    2182   -0.147859
    2183   -0.147430
    2184   -0.147430
    2185   -0.146847
    2186   -0.146847
    2187   -0.146083
    2188   -0.146083
    2189   -0.145265
    2190   -0.145265
    2191   -0.144519
    2192   -0.144519
    2193   -0.143947
    2194   -0.143947
    2195   -0.143532
    2196   -0.143532
    2197   -0.143116
    2198   -0.143116
    2199   -0.142651
    2200   -0.142651
    2201   -0.142200
    2202   -0.142200
    2203   -0.141778
    2204   -0.141778
    2205   -0.141356
    2206   -0.141356
    2207   -0.140932
    2208   -0.140932
    2209   -0.140538
    2210   -0.140538
    2211   -0.140172
    2212   -0.140172
    2213   -0.139798
    2214   -0.139798
    2215   -0.139417
    2216   -0.139417
    2217   -0.139058
    2218   -0.139058
    2219   -0.138730
    2220   -0.138730
    2221   -0.138415
    2222   -0.138415
    2223   -0.138114
    2224   -0.138114
    2225   -0.137838
    2226   -0.137838
    2227   -0.137581
    2228   -0.137581
    2229   -0.137334
    2230   -0.137334
    2231   -0.137097
    2232   -0.137097
    2233   -0.136865
    2234   -0.136865
    2235   -0.136635
    2236   -0.136635
    2237   -0.136405
    2238   -0.136405
    2239   -0.136175
    2240   -0.136175
    2241   -0.135930
    2242   -0.135930
    2243   -0.135674
    2244   -0.135674
    2245   -0.135428
    2246   -0.135428
    2247   -0.135197
    2248   -0.135197
    2249   -0.134968
    2250   -0.134968
    2251   -0.134736
    2252   -0.134736
    2253   -0.134504
    2254   -0.134504
    2255   -0.134275
    2256   -0.134275
    2257   -0.134041
    2258   -0.134041
    2259   -0.133796
    2260   -0.133796
    2261   -0.133530
    2262   -0.133530
    2263   -0.133238
    2264   -0.133238
    2265   -0.132924
    2266   -0.132924
    2267   -0.132587
    2268   -0.132587
    2269   -0.132221
    2270   -0.132221
    2271   -0.131822
    2272   -0.131822
    2273   -0.131399
    2274   -0.131399
    2275   -0.130950
    2276   -0.130950
    2277   -0.130463
    2278   -0.130463
    2279   -0.129936
    2280   -0.129936
    2281   -0.129378
    2282   -0.129378
    2283   -0.128801
    2284   -0.128801
    2285   -0.128208
    2286   -0.128208
    2287   -0.127591
    2288   -0.127591
    2289   -0.126927
    2290   -0.126927
    2291   -0.126200
    2292   -0.126200
    2293   -0.125411
    2294   -0.125411
    2295   -0.124569
    2296   -0.124569
    2297   -0.123747
    2298   -0.123747
    2299   -0.123041
    2300   -0.123041
    2301   -0.122425
    2302   -0.122425
    2303   -0.121804
    2304   -0.121804
    2305   -0.121111
    2306   -0.121111
    2307   -0.120306
    2308   -0.120306
    2309   -0.119384
    2310   -0.119384
    2311   -0.118360
    2312   -0.118360
    2313   -0.117240
    2314   -0.117240
    2315   -0.116011
    2316   -0.116011
    2317   -0.114656
    2318   -0.114656
    2319   -0.113205
    2320   -0.113205
    2321   -0.111716
    2322   -0.111716
    2323   -0.110193
    2324   -0.110193
    2325   -0.108598
    2326   -0.108598
    2327   -0.106930
    2328   -0.106930
    2329   -0.105213
    2330   -0.105213
    2331   -0.103452
    2332   -0.103452
    2333   -0.101627
    2334   -0.101627
    2335   -0.099732
    2336   -0.099732
    2337   -0.097788
    2338   -0.097788
    2339   -0.095801
    2340   -0.095801
    2341   -0.093751
    2342   -0.093751
    2343   -0.091637
    2344   -0.091637
    2345   -0.089505
    2346   -0.089505
    2347   -0.087377
    2348   -0.087377
    2349   -0.085242
    2350   -0.085242
    2351   -0.083116
    2352   -0.083116
    2353   -0.080994
    2354   -0.080994
    2355   -0.078874
    2356   -0.078874
    2357   -0.076791
    2358   -0.076791
    2359   -0.074789
    2360   -0.074789
    2361   -0.072837
    2362   -0.072837
    2363   -0.070779
    2364   -0.070779
    2365   -0.068480
    2366   -0.068480
    2367   -0.065897
    2368   -0.065897
    2369   -0.062729
    2370   -0.062729
    2371   -0.058341
    2372   -0.058341
    2373   -0.052390
    2374   -0.052390
    2375   -0.046699
    2376   -0.046699
    2377   -0.186378
    2378   -0.186378
    2379   -0.186203
    2380   -0.186203
    2381   -0.185971
    2382   -0.185971
    2383   -0.185586
    2384   -0.185586
    2385   -0.184969
    2386   -0.184969
    2387   -0.184054
    2388   -0.184054
    2389   -0.182932
    2390   -0.182932
    2391   -0.181861
    2392   -0.181861
    2393   -0.180934
    2394   -0.180934
    2395   -0.180092
    2396   -0.180092
    2397   -0.179329
    2398   -0.179329
    2399   -0.178676
    2400   -0.178676
    2401   -0.178113
    2402   -0.178113
    2403   -0.177580
    2404   -0.177580
    2405   -0.177065
    2406   -0.177065
    2407   -0.176608
    2408   -0.176608
    2409   -0.176210
    2410   -0.176210
    2411   -0.175819
    2412   -0.175819
    2413   -0.175423
    2414   -0.175423
    2415   -0.175054
    2416   -0.175054
    2417   -0.174717
    2418   -0.174717
    2419   -0.174381
    2420   -0.174381
    2421   -0.174043
    2422   -0.174043
    2423   -0.173725
    2424   -0.173725
    2425   -0.173433
    2426   -0.173433
    2427   -0.173165
    2428   -0.173165
    2429   -0.172903
    2430   -0.172903
    2431   -0.172620
    2432   -0.172620
    2433   -0.172319
    2434   -0.172319
    2435   -0.172024
    2436   -0.172024
    2437   -0.171728
    2438   -0.171728
    2439   -0.171412
    2440   -0.171412
    2441   -0.171090
    2442   -0.171090
    2443   -0.170794
    2444   -0.170794
    2445   -0.170533
    2446   -0.170533
    2447   -0.170291
    2448   -0.170291
    2449   -0.170059
    2450   -0.170059
    2451   -0.169832
    2452   -0.169832
    2453   -0.169601
    2454   -0.169601
    2455   -0.169364
    2456   -0.169364
    2457   -0.169125
    2458   -0.169125
    2459   -0.168869
    2460   -0.168869
    2461   -0.168582
    2462   -0.168582
    2463   -0.168265
    2464   -0.168265
    2465   -0.167916
    2466   -0.167916
    2467   -0.167527
    2468   -0.167527
    2469   -0.167102
    2470   -0.167102
    2471   -0.166658
    2472   -0.166658
    2473   -0.166199
    2474   -0.166199
    2475   -0.165703
    2476   -0.165703
    2477   -0.165163
    2478   -0.165163
    2479   -0.164591
    2480   -0.164591
    2481   -0.163999
    2482   -0.163999
    2483   -0.163382
    2484   -0.163382
    2485   -0.162717
    2486   -0.162717
    2487   -0.161965
    2488   -0.161965
    2489   -0.161107
    2490   -0.161107
    2491   -0.160154
    2492   -0.160154
    2493   -0.159099
    2494   -0.159099
    2495   -0.158013
    2496   -0.158013
    2497   -0.157026
    2498   -0.157026
    2499   -0.156124
    2500   -0.156124
    2501   -0.155186
    2502   -0.155186
    2503   -0.154129
    2504   -0.154129
    2505   -0.152922
    2506   -0.152922
    2507   -0.151580
    2508   -0.151580
    2509   -0.150128
    2510   -0.150128
    2511   -0.148585
    2512   -0.148585
    2513   -0.146925
    2514   -0.146925
    2515   -0.145100
    2516   -0.145100
    2517   -0.143143
    2518   -0.143143
    2519   -0.141130
    2520   -0.141130
    2521   -0.139072
    2522   -0.139072
    2523   -0.136933
    2524   -0.136933
    2525   -0.134702
    2526   -0.134702
    2527   -0.132405
    2528   -0.132405
    2529   -0.130051
    2530   -0.130051
    2531   -0.127618
    2532   -0.127618
    2533   -0.125097
    2534   -0.125097
    2535   -0.122517
    2536   -0.122517
    2537   -0.119884
    2538   -0.119884
    2539   -0.117180
    2540   -0.117180
    2541   -0.114406
    2542   -0.114406
    2543   -0.111582
    2544   -0.111582
    2545   -0.108730
    2546   -0.108730
    2547   -0.105889
    2548   -0.105889
    2549   -0.103079
    2550   -0.103079
    2551   -0.100286
    2552   -0.100286
    2553   -0.097542
    2554   -0.097542
    2555   -0.094921
    2556   -0.094921
    2557   -0.092454
    2558   -0.092454
    2559   -0.090134
    2560   -0.090134
    2561   -0.087780
    2562   -0.087780
    2563   -0.085162
    2564   -0.085162
    2565   -0.082477
    2566   -0.082477
    2567   -0.079656
    2568   -0.079656
    2569   -0.075777
    2570   -0.075777
    2571   -0.069949
    2572   -0.069949
    2573   -0.063945
    2574   -0.063945
    2575   -0.229470
    2576   -0.229470
    2577   -0.228759
    2578   -0.228759
    2579   -0.227789
    2580   -0.227789
    2581   -0.226907
    2582   -0.226907
    2583   -0.226131
    2584   -0.226131
    2585   -0.224988
    2586   -0.224988
    2587   -0.223374
    2588   -0.223374
    2589   -0.221686
    2590   -0.221686
    2591   -0.220119
    2592   -0.220119
    2593   -0.218733
    2594   -0.218733
    2595   -0.217541
    2596   -0.217541
    2597   -0.216519
    2598   -0.216519
    2599   -0.215637
    2600   -0.215637
    2601   -0.214854
    2602   -0.214854
    2603   -0.214155
    2604   -0.214155
    2605   -0.213544
    2606   -0.213544
    2607   -0.213006
    2608   -0.213006
    2609   -0.212508
    2610   -0.212508
    2611   -0.212037
    2612   -0.212037
    2613   -0.211608
    2614   -0.211608
    2615   -0.211222
    2616   -0.211222
    2617   -0.210846
    2618   -0.210846
    2619   -0.210469
    2620   -0.210469
    2621   -0.210098
    2622   -0.210098
    2623   -0.209754
    2624   -0.209754
    2625   -0.209459
    2626   -0.209459
    2627   -0.209193
    2628   -0.209193
    2629   -0.208910
    2630   -0.208910
    2631   -0.208602
    2632   -0.208602
    2633   -0.208288
    2634   -0.208288
    2635   -0.207967
    2636   -0.207967
    2637   -0.207634
    2638   -0.207634
    2639   -0.207308
    2640   -0.207308
    2641   -0.207006
    2642   -0.207006
    2643   -0.206729
    2644   -0.206729
    2645   -0.206473
    2646   -0.206473
    2647   -0.206237
    2648   -0.206237
    2649   -0.206011
    2650   -0.206011
    2651   -0.205771
    2652   -0.205771
    2653   -0.205509
    2654   -0.205509
    2655   -0.205238
    2656   -0.205238
    2657   -0.204958
    2658   -0.204958
    2659   -0.204654
    2660   -0.204654
    2661   -0.204314
    2662   -0.204314
    2663   -0.203930
    2664   -0.203930
    2665   -0.203502
    2666   -0.203502
    2667   -0.203037
    2668   -0.203037
    2669   -0.202552
    2670   -0.202552
    2671   -0.202049
    2672   -0.202049
    2673   -0.201511
    2674   -0.201511
    2675   -0.200929
    2676   -0.200929
    2677   -0.200301
    2678   -0.200301
    2679   -0.199626
    2680   -0.199626
    2681   -0.198911
    2682   -0.198911
    2683   -0.198142
    2684   -0.198142
    2685   -0.197276
    2686   -0.197276
    2687   -0.196287
    2688   -0.196287
    2689   -0.195168
    2690   -0.195168
    2691   -0.193896
    2692   -0.193896
    2693   -0.192524
    2694   -0.192524
    2695   -0.191175
    2696   -0.191175
    2697   -0.189829
    2698   -0.189829
    2699   -0.188374
    2700   -0.188374
    2701   -0.186752
    2702   -0.186752
    2703   -0.184959
    2704   -0.184959
    2705   -0.183023
    2706   -0.183023
    2707   -0.180966
    2708   -0.180966
    2709   -0.178808
    2710   -0.178808
    2711   -0.176523
    2712   -0.176523
    2713   -0.174075
    2714   -0.174075
    2715   -0.171491
    2716   -0.171491
    2717   -0.168804
    2718   -0.168804
    2719   -0.166014
    2720   -0.166014
    2721   -0.163109
    2722   -0.163109
    2723   -0.160091
    2724   -0.160091
    2725   -0.156984
    2726   -0.156984
    2727   -0.153790
    2728   -0.153790
    2729   -0.150495
    2730   -0.150495
    2731   -0.147103
    2732   -0.147103
    2733   -0.143643
    2734   -0.143643
    2735   -0.140116
    2736   -0.140116
    2737   -0.136498
    2738   -0.136498
    2739   -0.132809
    2740   -0.132809
    2741   -0.129068
    2742   -0.129068
    2743   -0.125294
    2744   -0.125294
    2745   -0.121511
    2746   -0.121511
    2747   -0.117730
    2748   -0.117730
    2749   -0.113984
    2750   -0.113984
    2751   -0.110337
    2752   -0.110337
    2753   -0.106838
    2754   -0.106838
    2755   -0.103521
    2756   -0.103521
    2757   -0.100428
    2758   -0.100428
    2759   -0.097593
    2760   -0.097593
    2761   -0.094969
    2762   -0.094969
    2763   -0.092638
    2764   -0.092638
    2765   -0.090647
    2766   -0.090647
    2767   -0.088283
    2768   -0.088283
    2769   -0.084160
    2770   -0.084160
    2771   -0.079341
    2772   -0.079341
    2773   -0.252696
    2774   -0.252696
    2775   -0.250583
    2776   -0.250583
    2777   -0.247600
    2778   -0.247600
    2779   -0.244851
    2780   -0.244851
    2781   -0.242624
    2782   -0.242624
    2783   -0.240493
    2784   -0.240493
    2785   -0.238163
    2786   -0.238163
    2787   -0.235869
    2788   -0.235869
    2789   -0.233759
    2790   -0.233759
    2791   -0.231868
    2792   -0.231868
    2793   -0.230187
    2794   -0.230187
    2795   -0.228717
    2796   -0.228717
    2797   -0.227447
    2798   -0.227447
    2799   -0.226336
    2800   -0.226336
    2801   -0.225363
    2802   -0.225363
    2803   -0.224513
    2804   -0.224513
    2805   -0.223763
    2806   -0.223763
    2807   -0.223093
    2808   -0.223093
    2809   -0.222492
    2810   -0.222492
    2811   -0.221966
    2812   -0.221966
    2813   -0.221511
    2814   -0.221511
    2815   -0.221097
    2816   -0.221097
    2817   -0.220696
    2818   -0.220696
    2819   -0.220301
    2820   -0.220301
    2821   -0.219932
    2822   -0.219932
    2823   -0.219616
    2824   -0.219616
    2825   -0.219333
    2826   -0.219333
    2827   -0.219047
    2828   -0.219047
    2829   -0.218752
    2830   -0.218752
    2831   -0.218452
    2832   -0.218452
    2833   -0.218141
    2834   -0.218141
    2835   -0.217819
    2836   -0.217819
    2837   -0.217505
    2838   -0.217505
    2839   -0.217205
    2840   -0.217205
    2841   -0.216915
    2842   -0.216915
    2843   -0.216638
    2844   -0.216638
    2845   -0.216387
    2846   -0.216387
    2847   -0.216146
    2848   -0.216146
    2849   -0.215888
    2850   -0.215888
    2851   -0.215597
    2852   -0.215597
    2853   -0.215276
    2854   -0.215276
    2855   -0.214938
    2856   -0.214938
    2857   -0.214576
    2858   -0.214576
    2859   -0.214172
    2860   -0.214172
    2861   -0.213720
    2862   -0.213720
    2863   -0.213225
    2864   -0.213225
    2865   -0.212695
    2866   -0.212695
    2867   -0.212138
    2868   -0.212138
    2869   -0.211550
    2870   -0.211550
    2871   -0.210915
    2872   -0.210915
    2873   -0.210229
    2874   -0.210229
    2875   -0.209485
    2876   -0.209485
    2877   -0.208680
    2878   -0.208680
    2879   -0.207821
    2880   -0.207821
    2881   -0.206900
    2882   -0.206900
    2883   -0.205878
    2884   -0.205878
    2885   -0.204719
    2886   -0.204719
    2887   -0.203407
    2888   -0.203407
    2889   -0.201917
    2890   -0.201917
    2891   -0.200248
    2892   -0.200248
    2893   -0.198426
    2894   -0.198426
    2895   -0.196405
    2896   -0.196405
    2897   -0.194151
    2898   -0.194151
    2899   -0.191699
    2900   -0.191699
    2901   -0.189075
    2902   -0.189075
    2903   -0.186287
    2904   -0.186287
    2905   -0.183350
    2906   -0.183350
    2907   -0.180289
    2908   -0.180289
    2909   -0.177101
    2910   -0.177101
    2911   -0.173753
    2912   -0.173753
    2913   -0.170249
    2914   -0.170249
    2915   -0.166590
    2916   -0.166590
    2917   -0.162765
    2918   -0.162765
    2919   -0.158757
    2920   -0.158757
    2921   -0.154589
    2922   -0.154589
    2923   -0.150322
    2924   -0.150322
    2925   -0.145945
    2926   -0.145945
    2927   -0.141413
    2928   -0.141413
    2929   -0.136744
    2930   -0.136744
    2931   -0.132014
    2932   -0.132014
    2933   -0.127222
    2934   -0.127222
    2935   -0.122293
    2936   -0.122293
    2937   -0.117250
    2938   -0.117250
    2939   -0.112187
    2940   -0.112187
    2941   -0.107117
    2942   -0.107117
    2943   -0.101973
    2944   -0.101973
    2945   -0.096763
    2946   -0.096763
    2947   -0.091613
    2948   -0.091613
    2949   -0.086608
    2950   -0.086608
    2951   -0.081747
    2952   -0.081747
    2953   -0.077087
    2954   -0.077087
    2955   -0.072729
    2956   -0.072729
    2957   -0.069074
    2958   -0.069074
    2959   -0.066550
    2960   -0.066550
    2961   -0.064976
    2962   -0.064976
    2963   -0.064391
    2964   -0.064391
    2965   -0.064938
    2966   -0.064938
    2967   -0.065283
    2968   -0.065283
    2969   -0.064668
    2970   -0.064668
    2971   -0.208333
    2972   -0.208333
    2973   -0.203669
    2974   -0.203669
    2975   -0.197195
    2976   -0.197195
    2977   -0.191240
    2978   -0.191240
    2979   -0.186260
    2980   -0.186260
    2981   -0.182220
    2982   -0.182220
    2983   -0.178788
    2984   -0.178788
    2985   -0.175782
    2986   -0.175782
    2987   -0.173114
    2988   -0.173114
    2989   -0.170654
    2990   -0.170654
    2991   -0.168372
    2992   -0.168372
    2993   -0.166360
    2994   -0.166360
    2995   -0.164623
    2996   -0.164623
    2997   -0.163089
    2998   -0.163089
    2999   -0.161731
    3000   -0.161731
    3001   -0.160542
    3002   -0.160542
    3003   -0.159504
    3004   -0.159504
    3005   -0.158601
    3006   -0.158601
    3007   -0.157827
    3008   -0.157827
    3009   -0.157165
    3010   -0.157165
    3011   -0.156597
    3012   -0.156597
    3013   -0.156104
    3014   -0.156104
    3015   -0.155656
    3016   -0.155656
    3017   -0.155249
    3018   -0.155249
    3019   -0.154886
    3020   -0.154886
    3021   -0.154550
    3022   -0.154550
    3023   -0.154220
    3024   -0.154220
    3025   -0.153905
    3026   -0.153905
    3027   -0.153617
    3028   -0.153617
    3029   -0.153342
    3030   -0.153342
    3031   -0.153060
    3032   -0.153060
    3033   -0.152763
    3034   -0.152763
    3035   -0.152459
    3036   -0.152459
    3037   -0.152151
    3038   -0.152151
    3039   -0.151834
    3040   -0.151834
    3041   -0.151524
    3042   -0.151524
    3043   -0.151231
    3044   -0.151231
    3045   -0.150937
    3046   -0.150937
    3047   -0.150630
    3048   -0.150630
    3049   -0.150295
    3050   -0.150295
    3051   -0.149912
    3052   -0.149912
    3053   -0.149483
    3054   -0.149483
    3055   -0.149012
    3056   -0.149012
    3057   -0.148490
    3058   -0.148490
    3059   -0.147921
    3060   -0.147921
    3061   -0.147316
    3062   -0.147316
    3063   -0.146678
    3064   -0.146678
    3065   -0.145994
    3066   -0.145994
    3067   -0.145250
    3068   -0.145250
    3069   -0.144445
    3070   -0.144445
    3071   -0.143575
    3072   -0.143575
    3073   -0.142638
    3074   -0.142638
    3075   -0.141632
    3076   -0.141632
    3077   -0.140558
    3078   -0.140558
    3079   -0.139404
    3080   -0.139404
    3081   -0.138125
    3082   -0.138125
    3083   -0.136689
    3084   -0.136689
    3085   -0.135091
    3086   -0.135091
    3087   -0.133300
    3088   -0.133300
    3089   -0.131212
    3090   -0.131212
    3091   -0.128690
    3092   -0.128690
    3093   -0.125671
    3094   -0.125671
    3095   -0.122234
    3096   -0.122234
    3097   -0.118528
    3098   -0.118528
    3099   -0.114619
    3100   -0.114619
    3101   -0.110495
    3102   -0.110495
    3103   -0.106147
    3104   -0.106147
    3105   -0.101615
    3106   -0.101615
    3107   -0.096929
    3108   -0.096929
    3109   -0.092055
    3110   -0.092055
    3111   -0.086952
    3112   -0.086952
    3113   -0.081654
    3114   -0.081654
    3115   -0.076160
    3116   -0.076160
    3117   -0.070406
    3118   -0.070406
    3119   -0.064424
    3120   -0.064424
    3121   -0.058321
    3122   -0.058321
    3123   -0.052089
    3124   -0.052089
    3125   -0.045629
    3126   -0.045629
    3127   -0.038957
    3128   -0.038957
    3129   -0.032194
    3130   -0.032194
    3131   -0.025356
    3132   -0.025356
    3133   -0.018331
    3134   -0.018331
    3135   -0.011132
    3136   -0.011132
    3137   -0.003906
    3138   -0.003906
    3139    0.003329
    3140    0.003329
    3141    0.010691
    3142    0.010691
    3143    0.018153
    3144    0.018153
    3145    0.025521
    3146    0.025521
    3147    0.032707
    3148    0.032707
    3149    0.039720
    3150    0.039720
    3151    0.046437
    3152    0.046437
    3153    0.052580
    3154    0.052580
    3155    0.057563
    3156    0.057563
    3157    0.060752
    3158    0.060752
    3159    0.061920
    3160    0.061920
    3161    0.060403
    3162    0.060403
    3163    0.054955
    3164    0.054955
    3165    0.046084
    3166    0.046084
    3167    0.037781
    3168    0.037781
    3169   -0.032917
    3170   -0.032917
    3171   -0.023788
    3172   -0.023788
    3173   -0.011561
    3174   -0.011561
    3175   -0.000996
    3176   -0.000996
    3177    0.007731
    3178    0.007731
    3179    0.014638
    3180    0.014638
    3181    0.020042
    3182    0.020042
    3183    0.024556
    3184    0.024556
    3185    0.028543
    3186    0.028543
    3187    0.032160
    3188    0.032160
    3189    0.035437
    3190    0.035437
    3191    0.038334
    3192    0.038334
    3193    0.040881
    3194    0.040881
    3195    0.043126
    3196    0.043126
    3197    0.045097
    3198    0.045097
    3199    0.046823
    3200    0.046823
    3201    0.048328
    3202    0.048328
    3203    0.049607
    3204    0.049607
    3205    0.050672
    3206    0.050672
    3207    0.051587
    3208    0.051587
    3209    0.052385
    3210    0.052385
    3211    0.053049
    3212    0.053049
    3213    0.053598
    3214    0.053598
    3215    0.054060
    3216    0.054060
    3217    0.054468
    3218    0.054468
    3219    0.054869
    3220    0.054869
    3221    0.055268
    3222    0.055268
    3223    0.055628
    3224    0.055628
    3225    0.055933
    3226    0.055933
    3227    0.056198
    3228    0.056198
    3229    0.056449
    3230    0.056449
    3231    0.056709
    3232    0.056709
    3233    0.056991
    3234    0.056991
    3235    0.057309
    3236    0.057309
    3237    0.057667
    3238    0.057667
    3239    0.058045
    3240    0.058045
    3241    0.058433
    3242    0.058433
    3243    0.058837
    3244    0.058837
    3245    0.059255
    3246    0.059255
    3247    0.059698
    3248    0.059698
    3249    0.060204
    3250    0.060204
    3251    0.060784
    3252    0.060784
    3253    0.061434
    3254    0.061434
    3255    0.062152
    3256    0.062152
    3257    0.062918
    3258    0.062918
    3259    0.063714
    3260    0.063714
    3261    0.064555
    3262    0.064555
    3263    0.065480
    3264    0.065480
    3265    0.066506
    3266    0.066506
    3267    0.067609
    3268    0.067609
    3269    0.068792
    3270    0.068792
    3271    0.070080
    3272    0.070080
    3273    0.071473
    3274    0.071473
    3275    0.072955
    3276    0.072955
    3277    0.074546
    3278    0.074546
    3279    0.076303
    3280    0.076303
    3281    0.078241
    3282    0.078241
    3283    0.080357
    3284    0.080357
    3285    0.082739
    3286    0.082739
    3287    0.085656
    3288    0.085656
    3289    0.089382
    3290    0.089382
    3291    0.093964
    3292    0.093964
    3293    0.099268
    3294    0.099268
    3295    0.105069
    3296    0.105069
    3297    0.111193
    3298    0.111193
    3299    0.117599
    3300    0.117599
    3301    0.124319
    3302    0.124319
    3303    0.131374
    3304    0.131374
    3305    0.138707
    3306    0.138707
    3307    0.146278
    3308    0.146278
    3309    0.154139
    3310    0.154139
    3311    0.162301
    3312    0.162301
    3313    0.170752
    3314    0.170752
    3315    0.179500
    3316    0.179500
    3317    0.188528
    3318    0.188528
    3319    0.197806
    3320    0.197806
    3321    0.207327
    3322    0.207327
    3323    0.217110
    3324    0.217110
    3325    0.227146
    3326    0.227146
    3327    0.237413
    3328    0.237413
    3329    0.247885
    3330    0.247885
    3331    0.258549
    3332    0.258549
    3333    0.269392
    3334    0.269392
    3335    0.280373
    3336    0.280373
    3337    0.291466
    3338    0.291466
    3339    0.302665
    3340    0.302665
    3341    0.313907
    3342    0.313907
    3343    0.325070
    3344    0.325070
    3345    0.336071
    3346    0.336071
    3347    0.346815
    3348    0.346815
    3349    0.357042
    3350    0.357042
    3351    0.366255
    3352    0.366255
    3353    0.373726
    3354    0.373726
    3355    0.378617
    3356    0.378617
    3357    0.379684
    3358    0.379684
    3359    0.374951
    3360    0.374951
    3361    0.361799
    3362    0.361799
    3363    0.339159
    3364    0.339159
    3365    0.315791
    3366    0.315791
    3367    0.360035
    3368    0.360035
    3369    0.376879
    3370    0.376879
    3371    0.398693
    3372    0.398693
    3373    0.416589
    3374    0.416589
    3375    0.431257
    3376    0.431257
    3377    0.442884
    3378    0.442884
    3379    0.451870
    3380    0.451870
    3381    0.459512
    3382    0.459512
    3383    0.466416
    3384    0.466416
    3385    0.472432
    3386    0.472432
    3387    0.477574
    3388    0.477574
    3389    0.482141
    3390    0.482141
    3391    0.486257
    3392    0.486257
    3393    0.489846
    3394    0.489846
    3395    0.492934
    3396    0.492934
    3397    0.495658
    3398    0.495658
    3399    0.498049
    3400    0.498049
    3401    0.500039
    3402    0.500039
    3403    0.501658
    3404    0.501658
    3405    0.503061
    3406    0.503061
    3407    0.504304
    3408    0.504304
    3409    0.505312
    3410    0.505312
    3411    0.506087
    3412    0.506087
    3413    0.506726
    3414    0.506726
    3415    0.507311
    3416    0.507311
    3417    0.507869
    3418    0.507869
    3419    0.508384
    3420    0.508384
    3421    0.508830
    3422    0.508830
    3423    0.509202
    3424    0.509202
    3425    0.509503
    3426    0.509503
    3427    0.509743
    3428    0.509743
    3429    0.509962
    3430    0.509962
    3431    0.510219
    3432    0.510219
    3433    0.510558
    3434    0.510558
    3435    0.510993
    3436    0.510993
    3437    0.511520
    3438    0.511520
    3439    0.512111
    3440    0.512111
    3441    0.512730
    3442    0.512730
    3443    0.513369
    3444    0.513369
    3445    0.514060
    3446    0.514060
    3447    0.514836
    3448    0.514836
    3449    0.515698
    3450    0.515698
    3451    0.516656
    3452    0.516656
    3453    0.517723
    3454    0.517723
    3455    0.518865
    3456    0.518865
    3457    0.520038
    3458    0.520038
    3459    0.521282
    3460    0.521282
    3461    0.522692
    3462    0.522692
    3463    0.524269
    3464    0.524269
    3465    0.525937
    3466    0.525937
    3467    0.527710
    3468    0.527710
    3469    0.529679
    3470    0.529679
    3471    0.531846
    3472    0.531846
    3473    0.534139
    3474    0.534139
    3475    0.536586
    3476    0.536586
    3477    0.539288
    3478    0.539288
    3479    0.542243
    3480    0.542243
    3481    0.545438
    3482    0.545438
    3483    0.549120
    3484    0.549120
    3485    0.553890
    3486    0.553890
    3487    0.560104
    3488    0.560104
    3489    0.567653
    3490    0.567653
    3491    0.576347
    3492    0.576347
    3493    0.585960
    3494    0.585960
    3495    0.596191
    3496    0.596191
    3497    0.606792
    3498    0.606792
    3499    0.617789
    3500    0.617789
    3501    0.629403
    3502    0.629403
    3503    0.641582
    3504    0.641582
    3505    0.654056
    3506    0.654056
    3507    0.666859
    3508    0.666859
    3509    0.680242
    3510    0.680242
    3511    0.694186
    3512    0.694186
    3513    0.708430
    3514    0.708430
    3515    0.722979
    3516    0.722979
    3517    0.738104
    3518    0.738104
    3519    0.753785
    3520    0.753785
    3521    0.769719
    3522    0.769719
    3523    0.785899
    3524    0.785899
    3525    0.802626
    3526    0.802626
    3527    0.819874
    3528    0.819874
    3529    0.837261
    3530    0.837261
    3531    0.854756
    3532    0.854756
    3533    0.872668
    3534    0.872668
    3535    0.890962
    3536    0.890962
    3537    0.909240
    3538    0.909240
    3539    0.927377
    3540    0.927377
    3541    0.945536
    3542    0.945536
    3543    0.963660
    3544    0.963660
    3545    0.981362
    3546    0.981362
    3547    0.998154
    3548    0.998154
    3549    1.013323
    3550    1.013323
    3551    1.025704
    3552    1.025704
    3553    1.033589
    3554    1.033589
    3555    1.034451
    3556    1.034451
    3557    1.024482
    3558    1.024482
    3559    0.998836
    3560    0.998836
    3561    0.954341
    3562    0.954341
    3563    0.906866
    3564    0.906866
    3565    1.113044
    3566    1.113044
    3567    1.144777
    3568    1.144777
    3569    1.185044
    3570    1.185044
    3571    1.216526
    3572    1.216526
    3573    1.242147
    3574    1.242147
    3575    1.262234
    3576    1.262234
    3577    1.277563
    3578    1.277563
    3579    1.290989
    3580    1.290989
    3581    1.303487
    3582    1.303487
    3583    1.314094
    3584    1.314094
    3585    1.322779
    3586    1.322779
    3587    1.330565
    3588    1.330565
    3589    1.337750
    3590    1.337750
    3591    1.343938
    3592    1.343938
    3593    1.349139
    3594    1.349139
    3595    1.353777
    3596    1.353777
    3597    1.357906
    3598    1.357906
    3599    1.361276
    3600    1.361276
    3601    1.363955
    3602    1.363955
    3603    1.366291
    3604    1.366291
    3605    1.368393
    3606    1.368393
    3607    1.370096
    3608    1.370096
    3609    1.371364
    3610    1.371364
    3611    1.372405
    3612    1.372405
    3613    1.373370
    3614    1.373370
    3615    1.374255
    3616    1.374255
    3617    1.375017
    3618    1.375017
    3619    1.375650
    3620    1.375650
    3621    1.376176
    3622    1.376176
    3623    1.376592
    3624    1.376592
    3625    1.376867
    3626    1.376867
    3627    1.377051
    3628    1.377051
    3629    1.377303
    3630    1.377303
    3631    1.377720
    3632    1.377720
    3633    1.378333
    3634    1.378333
    3635    1.379183
    3636    1.379183
    3637    1.380202
    3638    1.380202
    3639    1.381248
    3640    1.381248
    3641    1.382323
    3642    1.382323
    3643    1.383528
    3644    1.383528
    3645    1.384863
    3646    1.384863
    3647    1.386273
    3648    1.386273
    3649    1.387806
    3650    1.387806
    3651    1.389568
    3652    1.389568
    3653    1.391494
    3654    1.391494
    3655    1.393428
    3656    1.393428
    3657    1.395467
    3658    1.395467
    3659    1.397856
    3660    1.397856
    3661    1.400562
    3662    1.400562
    3663    1.403359
    3664    1.403359
    3665    1.406284
    3666    1.406284
    3667    1.409583
    3668    1.409583
    3669    1.413263
    3670    1.413263
    3671    1.417137
    3672    1.417137
    3673    1.421249
    3674    1.421249
    3675    1.425821
    3676    1.425821
    3677    1.430835
    3678    1.430835
    3679    1.436197
    3680    1.436197
    3681    1.442447
    3682    1.442447
    3683    1.450960
    3684    1.450960
    3685    1.462321
    3686    1.462321
    3687    1.475911
    3688    1.475911
    3689    1.491134
    3690    1.491134
    3691    1.507875
    3692    1.507875
    3693    1.525939
    3694    1.525939
    3695    1.544564
    3696    1.544564
    3697    1.563650
    3698    1.563650
    3699    1.583920
    3700    1.583920
    3701    1.605339
    3702    1.605339
    3703    1.627114
    3704    1.627114
    3705    1.649262
    3706    1.649262
    3707    1.672580
    3708    1.672580
    3709    1.697042
    3710    1.697042
    3711    1.721791
    3712    1.721791
    3713    1.746855
    3714    1.746855
    3715    1.773151
    3716    1.773151
    3717    1.800648
    3718    1.800648
    3719    1.828358
    3720    1.828358
    3721    1.856262
    3722    1.856262
    3723    1.885338
    3724    1.885338
    3725    1.915559
    3726    1.915559
    3727    1.945812
    3728    1.945812
    3729    1.976012
    3730    1.976012
    3731    2.007185
    3732    2.007185
    3733    2.039324
    3734    2.039324
    3735    2.071197
    3736    2.071197
    3737    2.102529
    3738    2.102529
    3739    2.134105
    3740    2.134105
    3741    2.165930
    3742    2.165930
    3743    2.197046
    3744    2.197046
    3745    2.226577
    3746    2.226577
    3747    2.253463
    3748    2.253463
    3749    2.275666
    3750    2.275666
    3751    2.289719
    3752    2.289719
    3753    2.291089
    3754    2.291089
    3755    2.272925
    3756    2.272925
    3757    2.225499
    3758    2.225499
    3759    2.140639
    3760    2.140639
    3761    2.047864
    3762    2.047864
    3763    2.233642
    3764    2.233642
    3765    2.289720
    3766    2.289720
    3767    2.360267
    3768    2.360267
    3769    2.412718
    3770    2.412718
    3771    2.455098
    3772    2.455098
    3773    2.487845
    3774    2.487845
    3775    2.512387
    3776    2.512387
    3777    2.534406
    3778    2.534406
    3779    2.555474
    3780    2.555474
    3781    2.573096
    3782    2.573096
    3783    2.587140
    3784    2.587140
    3785    2.599875
    3786    2.599875
    3787    2.611864
    3788    2.611864
    3789    2.622096
    3790    2.622096
    3791    2.630509
    3792    2.630509
    3793    2.638080
    3794    2.638080
    3795    2.644921
    3796    2.644921
    3797    2.650420
    3798    2.650420
    3799    2.654711
    3800    2.654711
    3801    2.658497
    3802    2.658497
    3803    2.661953
    3804    2.661953
    3805    2.664746
    3806    2.664746
    3807    2.666787
    3808    2.666787
    3809    2.668457
    3810    2.668457
    3811    2.670016
    3812    2.670016
    3813    2.671430
    3814    2.671430
    3815    2.672613
    3816    2.672613
    3817    2.673555
    3818    2.673555
    3819    2.674325
    3820    2.674325
    3821    2.674942
    3822    2.674942
    3823    2.675302
    3824    2.675302
    3825    2.675457
    3826    2.675457
    3827    2.675730
    3828    2.675730
    3829    2.676304
    3830    2.676304
    3831    2.677220
    3832    2.677220
    3833    2.678602
    3834    2.678602
    3835    2.680312
    3836    2.680312
    3837    2.682030
    3838    2.682030
    3839    2.683782
    3840    2.683782
    3841    2.685799
    3842    2.685799
    3843    2.688026
    3844    2.688026
    3845    2.690284
    3846    2.690284
    3847    2.692701
    3848    2.692701
    3849    2.695576
    3850    2.695576
    3851    2.698775
    3852    2.698775
    3853    2.701910
    3854    2.701910
    3855    2.705174
    3856    2.705174
    3857    2.709108
    3858    2.709108
    3859    2.713621
    3860    2.713621
    3861    2.718194
    3862    2.718194
    3863    2.722908
    3864    2.722908
    3865    2.728278
    3866    2.728278
    3867    2.734320
    3868    2.734320
    3869    2.740643
    3870    2.740643
    3871    2.747321
    3872    2.747321
    3873    2.754816
    3874    2.754816
    3875    2.763068
    3876    2.763068
    3877    2.771738
    3878    2.771738
    3879    2.781783
    3880    2.781783
    3881    2.796013
    3882    2.796013
    3883    2.815539
    3884    2.815539
    3885    2.838747
    3886    2.838747
    3887    2.864083
    3888    2.864083
    3889    2.891705
    3890    2.891705
    3891    2.921899
    3892    2.921899
    3893    2.952942
    3894    2.952942
    3895    2.984427
    3896    2.984427
    3897    3.018058
    3898    3.018058
    3899    3.053820
    3900    3.053820
    3901    3.089948
    3902    3.089948
    3903    3.126447
    3904    3.126447
    3905    3.165116
    3906    3.165116
    3907    3.205906
    3908    3.205906
    3909    3.246897
    3910    3.246897
    3911    3.288151
    3912    3.288151
    3913    3.331727
    3914    3.331727
    3915    3.377576
    3916    3.377576
    3917    3.423499
    3918    3.423499
    3919    3.469456
    3920    3.469456
    3921    3.517623
    3922    3.517623
    3923    3.567982
    3924    3.567982
    3925    3.618153
    3926    3.618153
    3927    3.667944
    3928    3.667944
    3929    3.719638
    3930    3.719638
    3931    3.773328
    3932    3.773328
    3933    3.826307
    3934    3.826307
    3935    3.878031
    3936    3.878031
    3937    3.930403
    3938    3.930403
    3939    3.983545
    3940    3.983545
    3941    4.035540
    3942    4.035540
    3943    4.084952
    3944    4.084952
    3945    4.130300
    3946    4.130300
    3947    4.168279
    3948    4.168279
    3949    4.192811
    3950    4.192811
    3951    4.196505
    3952    4.196505
    3953    4.168243
    3954    4.168243
    3955    4.089088
    3956    4.089088
    3957    3.938390
    3958    3.938390
    3959    3.769029
    3960    3.769029
